Al
   3.     27.00     2     1
  1.450000  1.650000  1.650000
   301   0.050
   0.0004808  -0.5154231  -1.5237343  -2.1432159
   0.0500000  -0.5101138  -1.5244145  -2.1467405
   0.1000000  -0.5052173  -1.5277385  -2.1549571
   0.1500000  -0.5036898  -1.5340353  -2.1672635
   0.2000000  -0.5060197  -1.5430445  -2.1830736
   0.2500000  -0.5121502  -1.5543635  -2.2017914
   0.3000000  -0.5217768  -1.5675097  -2.2227942
   0.3500000  -0.5344852  -1.5819586  -2.2454406
   0.4000000  -0.5499998  -1.5972523  -2.2691548
   0.4500000  -0.5682846  -1.6130458  -2.2934605
   0.5000000  -0.5895141  -1.6290925  -2.3179633
   0.5500000  -0.6139921  -1.6452091  -2.3423163
   0.6000000  -0.6420638  -1.6612391  -2.3661850
   0.6500000  -0.6740415  -1.6770232  -2.3892202
   0.7000000  -0.7101489  -1.6923807  -2.4110406
   0.7500000  -0.7504856  -1.7071012  -2.4312253
   0.8000000  -0.7950099  -1.7209448  -2.4493148
   0.8500000  -0.8435357  -1.7336496  -2.4648189
   0.9000000  -0.8957400  -1.7449442  -2.4772305
   0.9500000  -0.9511780  -1.7545633  -2.4860415
   1.0000000  -1.0093004  -1.7622645  -2.4907625
   1.0500000  -1.0694725  -1.7678437  -2.4909414
   1.1000000  -1.1309887  -1.7711475  -2.4861808
   1.1500000  -1.1930838  -1.7720805  -2.4761526
   1.2000000  -1.2549363  -1.7706049  -2.4606075
   1.2500000  -1.3156699  -1.7667335  -2.4393794
   1.3000000  -1.3743532  -1.7605170  -2.4123859
   1.3500000  -1.4300066  -1.7520277  -2.3796267
   1.4000000  -1.4816212  -1.7413461  -2.3411842
   1.4500000  -1.5281927  -1.7285521  -2.2972271
   1.5000000  -1.5687694  -1.7137231  -2.2480192
   1.5500000  -1.6025065  -1.6969374  -2.1939300
   1.6000000  -1.6287208  -1.6782811  -2.1354439
   1.6500000  -1.6469388  -1.6578553  -2.0731666
   1.7000000  -1.6569297  -1.6357811  -2.0078214
   1.7500000  -1.6587237  -1.6122023  -1.9402377
   1.8000000  -1.6526142  -1.5872846  -1.8713293
   1.8500000  -1.6391422  -1.5612128  -1.8020634
   1.9000000  -1.6190654  -1.5341861  -1.7334225
   1.9500000  -1.5933147  -1.5064121  -1.6663613
   2.0000000  -1.5629410  -1.4781012  -1.6017625
   2.0500000  -1.5290560  -1.4494601  -1.5403954
   2.1000000  -1.4927713  -1.4206872  -1.4828794
   2.1500000  -1.4551418  -1.3919679  -1.4296588
   2.2000000  -1.4171162  -1.3634706  -1.3809884
   2.2500000  -1.3794999  -1.3353448  -1.3369332
   2.3000000  -1.3429323  -1.3077190  -1.2973813
   2.3500000  -1.3078784  -1.2807003  -1.2620681
   2.4000000  -1.2746354  -1.2543739  -1.2306097
   2.4500000  -1.2433501  -1.2288047  -1.2025411
   2.5000000  -1.2140447  -1.2040376  -1.1773554
   2.5500000  -1.1866477  -1.1800997  -1.1545421
   2.6000000  -1.1610251  -1.1570025  -1.1336180
   2.6500000  -1.1370076  -1.1347437  -1.1141508
   2.7000000  -1.1144136  -1.1133102  -1.0957739
   2.7500000  -1.0930664  -1.0926796  -1.0781952
   2.8000000  -1.0728061  -1.0728230  -1.0611964
   2.8500000  -1.0534938  -1.0537071  -1.0446248
   2.9000000  -1.0350139  -1.0352960  -1.0283846
   2.9500000  -1.0172734  -1.0175524  -1.0124263
   3.0000000  -1.0001982  -1.0004394  -0.9967326
   3.0500000  -0.9837291  -0.9839212  -0.9813069
   3.1000000  -0.9678197  -0.9679637  -0.9661656
   3.1500000  -0.9524323  -0.9525352  -0.9513289
   3.2000000  -0.9375355  -0.9376061  -0.9368170
   3.2500000  -0.9231026  -0.9231493  -0.9226461
   3.3000000  -0.9091103  -0.9091401  -0.9088272
   3.3500000  -0.8955374  -0.8955559  -0.8953664
   3.4000000  -0.8823648  -0.8823760  -0.8822641
   3.4500000  -0.8695747  -0.8695813  -0.8695169
   3.5000000  -0.8571505  -0.8571542  -0.8571183
   3.5500000  -0.8450767  -0.8450787  -0.8450591
   3.6000000  -0.8333384  -0.8333395  -0.8333291
   3.6500000  -0.8219219  -0.8219225  -0.8219171
   3.7000000  -0.8108142  -0.8108144  -0.8108118
   3.7500000  -0.8000027  -0.8000029  -0.8000016
   3.8000000  -0.7894759  -0.7894760  -0.7894754
   3.8500000  -0.7792226  -0.7792226  -0.7792223
   3.9000000  -0.7692322  -0.7692323  -0.7692321
   3.9500000  -0.7594949  -0.7594949  -0.7594948
   4.0000000  -0.7500010  -0.7500010  -0.7500010
   4.0500000  -0.7407415  -0.7407415  -0.7407415
   4.1000000  -0.7317080  -0.7317080  -0.7317080
   4.1500000  -0.7228921  -0.7228921  -0.7228921
   4.2000000  -0.7142861  -0.7142861  -0.7142861
   4.2500000  -0.7058827  -0.7058827  -0.7058827
   4.3000000  -0.6976747  -0.6976747  -0.6976747
   4.3500000  -0.6896554  -0.6896554  -0.6896554
   4.4000000  -0.6818184  -0.6818184  -0.6818184
   4.4500000  -0.6741574  -0.6741574  -0.6741574
   4.5000000  -0.6666668  -0.6666668  -0.6666668
   4.5500000  -0.6593407  -0.6593407  -0.6593407
   4.6000000  -0.6521740  -0.6521740  -0.6521740
   4.6500000  -0.6451613  -0.6451613  -0.6451613
   4.7000000  -0.6382979  -0.6382979  -0.6382979
   4.7500000  -0.6315790  -0.6315790  -0.6315790
   4.8000000  -0.6250000  -0.6250000  -0.6250000
   4.8500000  -0.6185567  -0.6185567  -0.6185567
   4.9000000  -0.6122449  -0.6122449  -0.6122449
   4.9500000  -0.6060606  -0.6060606  -0.6060606
   5.0000000  -0.6000000  -0.6000000  -0.6000000
   5.0500000  -0.5940594  -0.5940594  -0.5940594
   5.1000000  -0.5882353  -0.5882353  -0.5882353
   5.1500000  -0.5825243  -0.5825243  -0.5825243
   5.2000000  -0.5769231  -0.5769231  -0.5769231
   5.2500000  -0.5714286  -0.5714286  -0.5714286
   5.3000000  -0.5660377  -0.5660377  -0.5660377
   5.3500000  -0.5607477  -0.5607477  -0.5607477
   5.4000000  -0.5555555  -0.5555555  -0.5555555
   5.4500000  -0.5504587  -0.5504587  -0.5504587
   5.5000000  -0.5454545  -0.5454545  -0.5454545
   5.5500000  -0.5405405  -0.5405405  -0.5405405
   5.6000000  -0.5357143  -0.5357143  -0.5357143
   5.6500000  -0.5309734  -0.5309734  -0.5309734
   5.7000000  -0.5263158  -0.5263158  -0.5263158
   5.7500000  -0.5217391  -0.5217391  -0.5217391
   5.8000000  -0.5172414  -0.5172414  -0.5172414
   5.8500000  -0.5128205  -0.5128205  -0.5128205
   5.9000000  -0.5084746  -0.5084746  -0.5084746
   5.9500000  -0.5042017  -0.5042017  -0.5042017
   6.0000000  -0.5000000  -0.5000000  -0.5000000
   6.0500000  -0.4958678  -0.4958678  -0.4958678
   6.1000000  -0.4918033  -0.4918033  -0.4918033
   6.1500000  -0.4878049  -0.4878049  -0.4878049
   6.2000000  -0.4838710  -0.4838710  -0.4838710
   6.2500000  -0.4800000  -0.4800000  -0.4800000
   6.3000000  -0.4761905  -0.4761905  -0.4761905
   6.3500000  -0.4724409  -0.4724409  -0.4724409
   6.4000000  -0.4687500  -0.4687500  -0.4687500
   6.4500000  -0.4651163  -0.4651163  -0.4651163
   6.5000000  -0.4615385  -0.4615385  -0.4615385
   6.5500000  -0.4580153  -0.4580153  -0.4580153
   6.6000000  -0.4545454  -0.4545454  -0.4545454
   6.6500000  -0.4511278  -0.4511278  -0.4511278
   6.7000000  -0.4477612  -0.4477612  -0.4477612
   6.7500000  -0.4444444  -0.4444444  -0.4444444
   6.8000000  -0.4411765  -0.4411765  -0.4411765
   6.8500000  -0.4379562  -0.4379562  -0.4379562
   6.9000000  -0.4347826  -0.4347826  -0.4347826
   6.9500000  -0.4316547  -0.4316547  -0.4316547
   7.0000000  -0.4285714  -0.4285714  -0.4285714
   7.0500000  -0.4255319  -0.4255319  -0.4255319
   7.1000000  -0.4225352  -0.4225352  -0.4225352
   7.1500000  -0.4195804  -0.4195804  -0.4195804
   7.2000000  -0.4166667  -0.4166667  -0.4166667
   7.2500000  -0.4137931  -0.4137931  -0.4137931
   7.3000000  -0.4109589  -0.4109589  -0.4109589
   7.3500000  -0.4081633  -0.4081633  -0.4081633
   7.4000000  -0.4054054  -0.4054054  -0.4054054
   7.4500000  -0.4026846  -0.4026846  -0.4026846
   7.5000000  -0.4000000  -0.4000000  -0.4000000
   7.5500000  -0.3973510  -0.3973510  -0.3973510
   7.6000000  -0.3947368  -0.3947368  -0.3947368
   7.6500000  -0.3921569  -0.3921569  -0.3921569
   7.7000000  -0.3896104  -0.3896104  -0.3896104
   7.7500000  -0.3870968  -0.3870968  -0.3870968
   7.8000000  -0.3846154  -0.3846154  -0.3846154
   7.8500000  -0.3821656  -0.3821656  -0.3821656
   7.9000000  -0.3797468  -0.3797468  -0.3797468
   7.9500000  -0.3773585  -0.3773585  -0.3773585
   8.0000000  -0.3750000  -0.3750000  -0.3750000
   8.0500000  -0.3726708  -0.3726708  -0.3726708
   8.1000000  -0.3703704  -0.3703704  -0.3703704
   8.1500000  -0.3680982  -0.3680982  -0.3680982
   8.2000000  -0.3658537  -0.3658537  -0.3658537
   8.2500000  -0.3636364  -0.3636364  -0.3636364
   8.3000000  -0.3614458  -0.3614458  -0.3614458
   8.3500000  -0.3592814  -0.3592814  -0.3592814
   8.4000000  -0.3571429  -0.3571429  -0.3571429
   8.4500000  -0.3550296  -0.3550296  -0.3550296
   8.5000000  -0.3529412  -0.3529412  -0.3529412
   8.5500000  -0.3508772  -0.3508772  -0.3508772
   8.6000000  -0.3488372  -0.3488372  -0.3488372
   8.6500000  -0.3468208  -0.3468208  -0.3468208
   8.7000000  -0.3448276  -0.3448276  -0.3448276
   8.7500000  -0.3428571  -0.3428571  -0.3428571
   8.8000000  -0.3409091  -0.3409091  -0.3409091
   8.8500000  -0.3389830  -0.3389830  -0.3389830
   8.9000000  -0.3370786  -0.3370786  -0.3370786
   8.9500000  -0.3351955  -0.3351955  -0.3351955
   9.0000000  -0.3333333  -0.3333333  -0.3333333
   9.0500000  -0.3314917  -0.3314917  -0.3314917
   9.1000000  -0.3296703  -0.3296703  -0.3296703
   9.1500000  -0.3278689  -0.3278689  -0.3278689
   9.2000000  -0.3260870  -0.3260870  -0.3260870
   9.2500000  -0.3243243  -0.3243243  -0.3243243
   9.3000000  -0.3225806  -0.3225806  -0.3225806
   9.3500000  -0.3208556  -0.3208556  -0.3208556
   9.4000000  -0.3191489  -0.3191489  -0.3191489
   9.4500000  -0.3174603  -0.3174603  -0.3174603
   9.5000000  -0.3157895  -0.3157895  -0.3157895
   9.5500000  -0.3141361  -0.3141361  -0.3141361
   9.6000000  -0.3125000  -0.3125000  -0.3125000
   9.6500000  -0.3108808  -0.3108808  -0.3108808
   9.7000000  -0.3092784  -0.3092784  -0.3092784
   9.7500000  -0.3076923  -0.3076923  -0.3076923
   9.8000000  -0.3061224  -0.3061224  -0.3061224
   9.8500000  -0.3045685  -0.3045685  -0.3045685
   9.9000000  -0.3030303  -0.3030303  -0.3030303
   9.9500000  -0.3015075  -0.3015075  -0.3015075
  10.0000000  -0.3000000  -0.3000000  -0.3000000
  10.0500000  -0.2985075  -0.2985075  -0.2985075
  10.1000000  -0.2970297  -0.2970297  -0.2970297
  10.1500000  -0.2955665  -0.2955665  -0.2955665
  10.2000000  -0.2941176  -0.2941176  -0.2941176
  10.2500000  -0.2926829  -0.2926829  -0.2926829
  10.3000000  -0.2912621  -0.2912621  -0.2912621
  10.3500000  -0.2898551  -0.2898551  -0.2898551
  10.4000000  -0.2884615  -0.2884615  -0.2884615
  10.4500000  -0.2870813  -0.2870813  -0.2870813
  10.5000000  -0.2857143  -0.2857143  -0.2857143
  10.5500000  -0.2843602  -0.2843602  -0.2843602
  10.6000000  -0.2830189  -0.2830189  -0.2830189
  10.6500000  -0.2816901  -0.2816901  -0.2816901
  10.7000000  -0.2803738  -0.2803738  -0.2803738
  10.7500000  -0.2790698  -0.2790698  -0.2790698
  10.8000000  -0.2777778  -0.2777778  -0.2777778
  10.8500000  -0.2764977  -0.2764977  -0.2764977
  10.9000000  -0.2752294  -0.2752294  -0.2752294
  10.9500000  -0.2739726  -0.2739726  -0.2739726
  11.0000000  -0.2727273  -0.2727273  -0.2727273
  11.0500000  -0.2714932  -0.2714932  -0.2714932
  11.1000000  -0.2702703  -0.2702703  -0.2702703
  11.1500000  -0.2690583  -0.2690583  -0.2690583
  11.2000000  -0.2678571  -0.2678571  -0.2678571
  11.2500000  -0.2666667  -0.2666667  -0.2666667
  11.3000000  -0.2654867  -0.2654867  -0.2654867
  11.3500000  -0.2643172  -0.2643172  -0.2643172
  11.4000000  -0.2631579  -0.2631579  -0.2631579
  11.4500000  -0.2620087  -0.2620087  -0.2620087
  11.5000000  -0.2608696  -0.2608696  -0.2608696
  11.5500000  -0.2597403  -0.2597403  -0.2597403
  11.6000000  -0.2586207  -0.2586207  -0.2586207
  11.6500000  -0.2575107  -0.2575107  -0.2575107
  11.7000000  -0.2564103  -0.2564103  -0.2564103
  11.7500000  -0.2553192  -0.2553192  -0.2553192
  11.8000000  -0.2542373  -0.2542373  -0.2542373
  11.8500000  -0.2531646  -0.2531646  -0.2531646
  11.9000000  -0.2521008  -0.2521008  -0.2521008
  11.9500000  -0.2510460  -0.2510460  -0.2510460
  12.0000000  -0.2500000  -0.2500000  -0.2500000
  12.0500000  -0.2489627  -0.2489627  -0.2489627
  12.1000000  -0.2479339  -0.2479339  -0.2479339
  12.1500000  -0.2469136  -0.2469136  -0.2469136
  12.2000000  -0.2459016  -0.2459016  -0.2459016
  12.2500000  -0.2448980  -0.2448980  -0.2448980
  12.3000000  -0.2439024  -0.2439024  -0.2439024
  12.3500000  -0.2429150  -0.2429150  -0.2429150
  12.4000000  -0.2419355  -0.2419355  -0.2419355
  12.4500000  -0.2409639  -0.2409639  -0.2409639
  12.5000000  -0.2400000  -0.2400000  -0.2400000
  12.5500000  -0.2390438  -0.2390438  -0.2390438
  12.6000000  -0.2380952  -0.2380952  -0.2380952
  12.6500000  -0.2371542  -0.2371542  -0.2371542
  12.7000000  -0.2362205  -0.2362205  -0.2362205
  12.7500000  -0.2352941  -0.2352941  -0.2352941
  12.8000000  -0.2343750  -0.2343750  -0.2343750
  12.8500000  -0.2334630  -0.2334630  -0.2334630
  12.9000000  -0.2325581  -0.2325581  -0.2325581
  12.9500000  -0.2316602  -0.2316602  -0.2316602
  13.0000000  -0.2307692  -0.2307692  -0.2307692
  13.0500000  -0.2298851  -0.2298851  -0.2298851
  13.1000000  -0.2290076  -0.2290076  -0.2290076
  13.1500000  -0.2281369  -0.2281369  -0.2281369
  13.2000000  -0.2272727  -0.2272727  -0.2272727
  13.2500000  -0.2264151  -0.2264151  -0.2264151
  13.3000000  -0.2255639  -0.2255639  -0.2255639
  13.3500000  -0.2247191  -0.2247191  -0.2247191
  13.4000000  -0.2238806  -0.2238806  -0.2238806
  13.4500000  -0.2230483  -0.2230483  -0.2230483
  13.5000000  -0.2222222  -0.2222222  -0.2222222
  13.5500000  -0.2214022  -0.2214022  -0.2214022
  13.6000000  -0.2205882  -0.2205882  -0.2205882
  13.6500000  -0.2197802  -0.2197802  -0.2197802
  13.7000000  -0.2189781  -0.2189781  -0.2189781
  13.7500000  -0.2181818  -0.2181818  -0.2181818
  13.8000000  -0.2173913  -0.2173913  -0.2173913
  13.8500000  -0.2166065  -0.2166065  -0.2166065
  13.9000000  -0.2158273  -0.2158273  -0.2158273
  13.9500000  -0.2150538  -0.2150538  -0.2150538
  14.0000000  -0.2142857  -0.2142857  -0.2142857
  14.0500000  -0.2135231  -0.2135231  -0.2135231
  14.1000000  -0.2127660  -0.2127660  -0.2127660
  14.1500000  -0.2120141  -0.2120141  -0.2120141
  14.2000000  -0.2112676  -0.2112676  -0.2112676
  14.2500000  -0.2105263  -0.2105263  -0.2105263
  14.3000000  -0.2097902  -0.2097902  -0.2097902
  14.3500000  -0.2090592  -0.2090592  -0.2090592
  14.4000000  -0.2083333  -0.2083333  -0.2083333
  14.4500000  -0.2076125  -0.2076125  -0.2076125
  14.5000000  -0.2068966  -0.2068966  -0.2068966
  14.5500000  -0.2061856  -0.2061856  -0.2061856
  14.6000000  -0.2054795  -0.2054795  -0.2054795
  14.6500000  -0.2047782  -0.2047782  -0.2047782
  14.7000000  -0.2040816  -0.2040816  -0.2040816
  14.7500000  -0.2033898  -0.2033898  -0.2033898
  14.8000000  -0.2027027  -0.2027027  -0.2027027
  14.8500000  -0.2020202  -0.2020202  -0.2020202
  14.9000000  -0.2013423  -0.2013423  -0.2013423
  14.9500000  -0.2006689  -0.2006689  -0.2006689
  15.0000000  -0.2000000  -0.2000000  -0.2000000
   0.0004808   0.0001308   0.0000001   0.0000000
   0.0500000   0.0136094   0.0005684   0.0000000
   0.1000000   0.0272741   0.0022722   0.0000002
   0.1500000   0.0410500   0.0051075   0.0000006
   0.2000000   0.0549933   0.0090672   0.0000014
   0.2500000   0.0691596   0.0141415   0.0000027
   0.3000000   0.0836037   0.0203168   0.0000046
   0.3500000   0.0983782   0.0275757   0.0000072
   0.4000000   0.1135339   0.0358967   0.0000107
   0.4500000   0.1291186   0.0452535   0.0000152
   0.5000000   0.1451769   0.0556150   0.0000207
   0.5500000   0.1617491   0.0669447   0.0000273
   0.6000000   0.1788701   0.0792005   0.0000351
   0.6500000   0.1965684   0.0923348   0.0000441
   0.7000000   0.2148642   0.1062937   0.0000544
   0.7500000   0.2337681   0.1210174   0.0000660
   0.8000000   0.2532794   0.1364402   0.0000789
   0.8500000   0.2733843   0.1524908   0.0000932
   0.9000000   0.2940545   0.1690924   0.0001087
   0.9500000   0.3152461   0.1861632   0.0001254
   1.0000000   0.3368982   0.2036175   0.0001434
   1.0500000   0.3589325   0.2213662   0.0001625
   1.1000000   0.3812528   0.2393177   0.0001826
   1.1500000   0.4037454   0.2573793   0.0002036
   1.2000000   0.4262800   0.2754579   0.0002255
   1.2500000   0.4487110   0.2934612   0.0002481
   1.3000000   0.4708794   0.3112987   0.0002713
   1.3500000   0.4926161   0.3288828   0.0002950
   1.4000000   0.5137453   0.3461296   0.0003191
   1.4500000   0.5340887   0.3629599   0.0003435
   1.5000000   0.5534706   0.3792997   0.0003681
   1.5500000   0.5717229   0.3950816   0.0003928
   1.6000000   0.5886905   0.4102446   0.0004175
   1.6500000   0.6042363   0.4247353   0.0004423
   1.7000000   0.6182456   0.4385081   0.0004669
   1.7500000   0.6306292   0.4515253   0.0004916
   1.8000000   0.6413263   0.4637574   0.0005162
   1.8500000   0.6503050   0.4751830   0.0005407
   1.9000000   0.6575622   0.4857884   0.0005653
   1.9500000   0.6631219   0.4955674   0.0005898
   2.0000000   0.6670323   0.5045205   0.0006145
   2.0500000   0.6693622   0.5126545   0.0006394
   2.1000000   0.6701971   0.5199818   0.0006644
   2.1500000   0.6696343   0.5265194   0.0006898
   2.2000000   0.6677791   0.5322884   0.0007155
   2.2500000   0.6647400   0.5373131   0.0007416
   2.3000000   0.6606261   0.5416205   0.0007682
   2.3500000   0.6555435   0.5452392   0.0007953
   2.4000000   0.6495936   0.5481992   0.0008229
   2.4500000   0.6428717   0.5505313   0.0008512
   2.5000000   0.6354660   0.5522664   0.0008800
   2.5500000   0.6274575   0.5534355   0.0009095
   2.6000000   0.6189199   0.5540689   0.0009396
   2.6500000   0.6099206   0.5541965   0.0009703
   2.7000000   0.6005205   0.5538471   0.0010017
   2.7500000   0.5907749   0.5530489   0.0010338
   2.8000000   0.5807342   0.5518286   0.0010665
   2.8500000   0.5704445   0.5502121   0.0010998
   2.9000000   0.5599479   0.5482241   0.0011338
   2.9500000   0.5492829   0.5458883   0.0011685
   3.0000000   0.5384847   0.5432270   0.0012039
   3.0500000   0.5275860   0.5402619   0.0012399
   3.1000000   0.5166165   0.5370133   0.0012767
   3.1500000   0.5056036   0.5335008   0.0013141
   3.2000000   0.4945723   0.5297429   0.0013523
   3.2500000   0.4835455   0.5257573   0.0013912
   3.3000000   0.4725443   0.5215607   0.0014309
   3.3500000   0.4615877   0.5171694   0.0014714
   3.4000000   0.4506931   0.5125983   0.0015127
   3.4500000   0.4398762   0.5078622   0.0015548
   3.5000000   0.4291513   0.5029747   0.0015977
   3.5500000   0.4185311   0.4979490   0.0016415
   3.6000000   0.4080272   0.4927975   0.0016862
   3.6500000   0.3976497   0.4875320   0.0017318
   3.7000000   0.3874080   0.4821638   0.0017784
   3.7500000   0.3773098   0.4767035   0.0018259
   3.8000000   0.3673625   0.4711612   0.0018743
   3.8500000   0.3575721   0.4655465   0.0019238
   3.9000000   0.3479439   0.4598684   0.0019744
   3.9500000   0.3384825   0.4541356   0.0020260
   4.0000000   0.3291917   0.4483561   0.0020787
   4.0500000   0.3200746   0.4425376   0.0021325
   4.1000000   0.3111337   0.4366874   0.0021874
   4.1500000   0.3023711   0.4308124   0.0022435
   4.2000000   0.2937881   0.4249189   0.0023009
   4.2500000   0.2853857   0.4190131   0.0023595
   4.3000000   0.2771644   0.4131008   0.0024193
   4.3500000   0.2691245   0.4071873   0.0024804
   4.4000000   0.2612655   0.4012777   0.0025429
   4.4500000   0.2535870   0.3953769   0.0026068
   4.5000000   0.2460880   0.3894893   0.0026720
   4.5500000   0.2387675   0.3836191   0.0027387
   4.6000000   0.2316240   0.3777703   0.0028069
   4.6500000   0.2246559   0.3719465   0.0028766
   4.7000000   0.2178614   0.3661513   0.0029478
   4.7500000   0.2112384   0.3603878   0.0030206
   4.8000000   0.2047850   0.3546591   0.0030951
   4.8500000   0.1984986   0.3489680   0.0031712
   4.9000000   0.1923770   0.3433170   0.0032491
   4.9500000   0.1864175   0.3377087   0.0033287
   5.0000000   0.1806176   0.3321451   0.0034100
   5.0500000   0.1749745   0.3266285   0.0034933
   5.1000000   0.1694856   0.3211606   0.0035784
   5.1500000   0.1641478   0.3157433   0.0036655
   5.2000000   0.1589585   0.3103781   0.0037546
   5.2500000   0.1539146   0.3050665   0.0038457
   5.3000000   0.1490132   0.2998099   0.0039388
   5.3500000   0.1442514   0.2946095   0.0040342
   5.4000000   0.1396262   0.2894662   0.0041317
   5.4500000   0.1351345   0.2843813   0.0042315
   5.5000000   0.1307736   0.2793553   0.0043335
   5.5500000   0.1265402   0.2743893   0.0044380
   5.6000000   0.1224317   0.2694838   0.0045448
   5.6500000   0.1184448   0.2646394   0.0046541
   5.7000000   0.1145768   0.2598566   0.0047660
   5.7500000   0.1108248   0.2551358   0.0048805
   5.8000000   0.1071859   0.2504774   0.0049977
   5.8500000   0.1036573   0.2458817   0.0051175
   5.9000000   0.1002361   0.2413487   0.0052402
   5.9500000   0.0969196   0.2368787   0.0053658
   6.0000000   0.0937050   0.2324717   0.0054943
   6.0500000   0.0905898   0.2281278   0.0056258
   6.1000000   0.0875712   0.2238469   0.0057604
   6.1500000   0.0846466   0.2196289   0.0058982
   6.2000000   0.0818136   0.2154736   0.0060392
   6.2500000   0.0790695   0.2113809   0.0061836
   6.3000000   0.0764120   0.2073506   0.0063313
   6.3500000   0.0738386   0.2033824   0.0064826
   6.4000000   0.0713469   0.1994760   0.0066374
   6.4500000   0.0689346   0.1956311   0.0067959
   6.5000000   0.0665996   0.1918472   0.0069582
   6.5500000   0.0643394   0.1881240   0.0071243
   6.6000000   0.0621521   0.1844611   0.0072943
   6.6500000   0.0600354   0.1808580   0.0074684
   6.7000000   0.0579873   0.1773143   0.0076466
   6.7500000   0.0560057   0.1738294   0.0078291
   6.8000000   0.0540887   0.1704028   0.0080159
   6.8500000   0.0522344   0.1670340   0.0082071
   6.9000000   0.0504408   0.1637225   0.0084030
   6.9500000   0.0487062   0.1604676   0.0086034
   7.0000000   0.0470287   0.1572688   0.0088087
   7.0500000   0.0454066   0.1541254   0.0090189
   7.1000000   0.0438382   0.1510370   0.0092341
   7.1500000   0.0423219   0.1480028   0.0094545
   7.2000000   0.0408560   0.1450222   0.0096801
   7.2500000   0.0394390   0.1420947   0.0099112
   7.3000000   0.0380694   0.1392194   0.0101478
   7.3500000   0.0367456   0.1363959   0.0103900
   7.4000000   0.0354662   0.1336234   0.0106381
   7.4500000   0.0342299   0.1309013   0.0108921
   7.5000000   0.0330352   0.1282289   0.0111522
   7.5500000   0.0318809   0.1256056   0.0114186
   7.6000000   0.0307656   0.1230306   0.0116914
   7.6500000   0.0296881   0.1205033   0.0119707
   7.7000000   0.0286471   0.1180231   0.0122568
   7.7500000   0.0276416   0.1155893   0.0125497
   7.8000000   0.0266704   0.1132011   0.0128497
   7.8500000   0.0257323   0.1108580   0.0131569
   7.9000000   0.0248262   0.1085592   0.0134715
   7.9500000   0.0239512   0.1063041   0.0137937
   8.0000000   0.0231062   0.1040921   0.0141236
   8.0500000   0.0222902   0.1019224   0.0144615
   8.1000000   0.0215023   0.0997944   0.0148076
   8.1500000   0.0207416   0.0977074   0.0151620
   8.2000000   0.0200070   0.0956609   0.0155250
   8.2500000   0.0192979   0.0936540   0.0158967
   8.3000000   0.0186133   0.0916863   0.0162774
   8.3500000   0.0179524   0.0897571   0.0166673
   8.4000000   0.0173145   0.0878657   0.0170666
   8.4500000   0.0166987   0.0860115   0.0174755
   8.5000000   0.0161043   0.0841939   0.0178943
   8.5500000   0.0155306   0.0824122   0.0183233
   8.6000000   0.0149770   0.0806659   0.0187626
   8.6500000   0.0144426   0.0789543   0.0192125
   8.7000000   0.0139269   0.0772770   0.0196733
   8.7500000   0.0134293   0.0756331   0.0201453
   8.8000000   0.0129491   0.0740222   0.0206287
   8.8500000   0.0124857   0.0724438   0.0211237
   8.9000000   0.0120387   0.0708971   0.0216308
   8.9500000   0.0116073   0.0693817   0.0221501
   9.0000000   0.0111911   0.0678970   0.0226820
   9.0500000   0.0107895   0.0664424   0.0232267
   9.1000000   0.0104021   0.0650175   0.0237846
   9.1500000   0.0100284   0.0636216   0.0243561
   9.2000000   0.0096679   0.0622542   0.0249414
   9.2500000   0.0093201   0.0609148   0.0255408
   9.3000000   0.0089846   0.0596029   0.0261547
   9.3500000   0.0086610   0.0583180   0.0267835
   9.4000000   0.0083489   0.0570596   0.0274276
   9.4500000   0.0080478   0.0558272   0.0280872
   9.5000000   0.0077574   0.0546202   0.0287628
   9.5500000   0.0074773   0.0534383   0.0294548
   9.6000000   0.0072073   0.0522809   0.0301635
   9.6500000   0.0069468   0.0511475   0.0308894
   9.7000000   0.0066955   0.0500378   0.0316328
   9.7500000   0.0064533   0.0489512   0.0323943
   9.8000000   0.0062196   0.0478874   0.0331742
   9.8500000   0.0059944   0.0468458   0.0339730
   9.9000000   0.0057771   0.0458261   0.0347911
   9.9500000   0.0055676   0.0448278   0.0356290
  10.0000000   0.0053656   0.0438504   0.0364872
  10.0500000   0.0051709   0.0428937   0.0373663
  10.1000000   0.0049831   0.0419572   0.0382666
  10.1500000   0.0048020   0.0410404   0.0391887
  10.2000000   0.0046275   0.0401431   0.0401331
  10.2500000   0.0044591   0.0392647   0.0411004
  10.3000000   0.0042969   0.0384050   0.0420911
  10.3500000   0.0041404   0.0375636   0.0431058
  10.4000000   0.0039896   0.0367400   0.0441451
  10.4500000   0.0038442   0.0359340   0.0452095
  10.5000000   0.0037040   0.0351452   0.0462997
  10.5500000   0.0035689   0.0343732   0.0474163
  10.6000000   0.0034386   0.0336178   0.0485599
  10.6500000   0.0033130   0.0328784   0.0497312
  10.7000000   0.0031919   0.0321550   0.0509308
  10.7500000   0.0030752   0.0314470   0.0521595
  10.8000000   0.0029627   0.0307543   0.0534178
  10.8500000   0.0028543   0.0300764   0.0547067
  10.9000000   0.0027497   0.0294132   0.0560267
  10.9500000   0.0026490   0.0287642   0.0573787
  11.0000000   0.0025518   0.0281292   0.0587633
  11.0500000   0.0024582   0.0275079   0.0601815
  11.1000000   0.0023680   0.0269000   0.0616339
  11.1500000   0.0022810   0.0263053   0.0631215
  11.2000000   0.0021971   0.0257235   0.0646450
  11.2500000   0.0021163   0.0251542   0.0662054
  11.3000000   0.0020384   0.0245973   0.0678035
  11.3500000   0.0019633   0.0240525   0.0694402
  11.4000000   0.0018909   0.0235196   0.0711165
  11.4500000   0.0018212   0.0229982   0.0728333
  11.5000000   0.0017539   0.0224881   0.0745916
  11.5500000   0.0016891   0.0219892   0.0763923
  11.6000000   0.0016266   0.0215011   0.0782366
  11.6500000   0.0015664   0.0210237   0.0801255
  11.7000000   0.0015083   0.0205567   0.0820599
  11.7500000   0.0014523   0.0200999   0.0840411
  11.8000000   0.0013984   0.0196531   0.0860700
  11.8500000   0.0013463   0.0192160   0.0881480
  11.9000000   0.0012962   0.0187886   0.0902762
  11.9500000   0.0012479   0.0183705   0.0924558
  12.0000000   0.0012013   0.0179615   0.0946879
  12.0500000   0.0011563   0.0175615   0.0969739
  12.1000000   0.0011130   0.0171703   0.0993150
  12.1500000   0.0010712   0.0167877   0.1017126
  12.2000000   0.0010310   0.0164135   0.1041681
  12.2500000   0.0009921   0.0160476   0.1066829
  12.3000000   0.0009547   0.0156896   0.1092582
  12.3500000   0.0009185   0.0153396   0.1118956
  12.4000000   0.0008837   0.0149973   0.1145966
  12.4500000   0.0008501   0.0146625   0.1173627
  12.5000000   0.0008177   0.0143351   0.1201955
  12.5500000   0.0007864   0.0140149   0.1230967
  12.6000000   0.0007563   0.0137018   0.1260677
  12.6500000   0.0007271   0.0133956   0.1291102
  12.7000000   0.0006991   0.0130962   0.1322259
  12.7500000   0.0006719   0.0128033   0.1354168
  12.8000000   0.0006458   0.0125170   0.1386845
  12.8500000   0.0006205   0.0122370   0.1420310
  12.9000000   0.0005961   0.0119632   0.1454580
  12.9500000   0.0005726   0.0116955   0.1489675
  13.0000000   0.0005498   0.0114337   0.1525613
  13.0500000   0.0005278   0.0111777   0.1562417
  13.1000000   0.0005066   0.0109273   0.1600106
  13.1500000   0.0004861   0.0106826   0.1638702
  13.2000000   0.0004662   0.0104432   0.1678227
  13.2500000   0.0004471   0.0102092   0.1718701
  13.3000000   0.0004285   0.0099804   0.1760146
  13.3500000   0.0004106   0.0097567   0.1802587
  13.4000000   0.0003932   0.0095379   0.1846049
  13.4500000   0.0003764   0.0093240   0.1890558
  13.5000000   0.0003601   0.0091148   0.1936138
  13.5500000   0.0003443   0.0089104   0.1982816
  13.6000000   0.0003290   0.0087104   0.2030615
  13.6500000   0.0003142   0.0085149   0.2079563
  13.7000000   0.0002998   0.0083238   0.2129687
  13.7500000   0.0002858   0.0081369   0.2181012
  13.8000000   0.0002723   0.0079542   0.2233566
  13.8500000   0.0002591   0.0077756   0.2287375
  13.9000000   0.0002463   0.0076010   0.2342467
  13.9500000   0.0002339   0.0074302   0.2398870
  14.0000000   0.0002217   0.0072633   0.2456622
  14.0500000   0.0002099   0.0071000   0.2515764
  14.1000000   0.0001984   0.0069405   0.2576336
  14.1500000   0.0001872   0.0067845   0.2638380
  14.2000000   0.0001762   0.0066320   0.2701936
  14.2500000   0.0001655   0.0064829   0.2767046
  14.3000000   0.0001550   0.0063371   0.2833746
  14.3500000   0.0001447   0.0061946   0.2902053
  14.4000000   0.0001346   0.0060553   0.2971981
  14.4500000   0.0001248   0.0059190   0.3043545
  14.5000000   0.0001151   0.0057859   0.3116757
  14.5500000   0.0001056   0.0056557   0.3191631
  14.6000000   0.0000962   0.0055284   0.3268182
  14.6500000   0.0000870   0.0054039   0.3346444
  14.7000000   0.0000779   0.0052822   0.3426535
  14.7500000   0.0000689   0.0051632   0.3508597
  14.8000000   0.0000600   0.0050469   0.3592769
  14.8500000   0.0000511   0.0049333   0.3679192
  14.9000000   0.0000424   0.0048222   0.3768005
  14.9500000   0.0000336   0.0047137   0.3859349
  15.0000000   0.0000249   0.0046077   0.3953329

