C
   4.     12.00     2     1
  0.721667  0.469514  0.721667
   501   0.020
   0.0010417  -0.5615851 -11.0938842  -5.8427447
   0.0200000  -0.5496354 -11.1297918  -5.8478466
   0.0400000  -0.5291297 -11.2042141  -5.8579460
   0.0600000  -0.5054627 -11.3102210  -5.8725092
   0.0800000  -0.4812238 -11.4446905  -5.8916833
   0.1000000  -0.4583042 -11.6042198  -5.9156308
   0.1200000  -0.4382623 -11.7846877  -5.9444480
   0.1400000  -0.4224529 -11.9811126  -5.9781318
   0.1600000  -0.4120865 -12.1875783  -6.0165631
   0.1800000  -0.4082584 -12.3971960  -6.0594985
   0.2000000  -0.4119652 -12.6021072  -6.1065688
   0.2200000  -0.4241116 -12.7935406  -6.1572789
   0.2400000  -0.4455120 -12.9619394  -6.2110109
   0.2600000  -0.4768869 -13.0971722  -6.2670275
   0.2800000  -0.5188567 -13.1888420  -6.3244785
   0.3000000  -0.5719329 -13.2266975  -6.3824080
   0.3200000  -0.6365084 -13.2011478  -6.4397653
   0.3400000  -0.7128468 -13.1038679  -6.4954181
   0.3600000  -0.8010729 -12.9284696  -6.5481693
   0.3800000  -0.9011634 -12.6711960  -6.5967773
   0.4000000  -1.0129387 -12.3315760  -6.6399793
   0.4200000  -1.1360566 -11.9129629  -6.6765176
   0.4400000  -1.2700063 -11.4228626  -6.7051671
   0.4600000  -1.4141050 -10.8729565  -6.7247651
   0.4800000  -1.5674938 -10.2787368  -6.7342395
   0.5000000  -1.7291366  -9.6587049  -6.7326364
   0.5200000  -1.8978198  -9.0331498  -6.7191455
   0.5400000  -2.0721555  -8.4225859  -6.6931229
   0.5600000  -2.2505900  -7.8460203  -6.6541107
   0.5800000  -2.4314174  -7.3192710  -6.6018561
   0.6000000  -2.6128024  -6.8536190  -6.5363249
   0.6200000  -2.7928096  -6.4549553  -6.4577164
   0.6400000  -2.9694418  -6.1236822  -6.3664690
   0.6600000  -3.1406832  -5.8552479  -6.2632654
   0.6800000  -3.3045476  -5.6413005  -6.1490281
   0.7000000  -3.4591279  -5.4712097  -6.0249060
   0.7200000  -3.6026461  -5.3336439  -5.8922533
   0.7400000  -3.7335012  -5.2179678  -5.7525978
   0.7600000  -3.8503129  -5.1152583  -5.6076009
   0.7800000  -3.9519604  -5.0188407  -5.4590096
   0.8000000  -4.0376128  -4.9243664  -5.3086020
   0.8200000  -4.1067521  -4.8295390  -5.1581314
   0.8400000  -4.1591863  -4.7336297  -5.0092686
   0.8600000  -4.1950512  -4.6369305  -4.8635484
   0.8800000  -4.2148020  -4.5402563  -4.7223216
   0.9000000  -4.2191936  -4.4445674  -4.5867168
   0.9200000  -4.2092500  -4.3507289  -4.4576136
   0.9400000  -4.1862250  -4.2593953  -4.3356287
   0.9600000  -4.1515550  -4.1709851  -4.2211150
   0.9800000  -4.1068054  -4.0857094  -4.1141749
   1.0000000  -4.0536146  -4.0036241  -4.0146849
   1.0200000  -3.9936367  -3.9246819  -3.9223306
   1.0400000  -3.9284887  -3.8487748  -3.8366472
   1.0600000  -3.8597027  -3.7757649  -3.7570621
   1.0800000  -3.7886825  -3.7055034  -3.6829382
   1.1000000  -3.7166706  -3.6378427  -3.6136168
   1.1200000  -3.6447300  -3.5726409  -3.5484525
   1.1400000  -3.5737356  -3.5097639  -3.4868390
   1.1600000  -3.5043660  -3.4490868  -3.4282332
   1.1800000  -3.4371153  -3.3904936  -3.3721671
   1.2000000  -3.3723157  -3.3338758  -3.3182499
   1.2200000  -3.3101524  -3.2791327  -3.2661692
   1.2400000  -3.2506860  -3.2261708  -3.2156876
   1.2600000  -3.1938883  -3.1749027  -3.1666274
   1.2800000  -3.1396596  -3.1252467  -3.1188638
   1.3000000  -3.0878534  -3.0771268  -3.0723138
   1.3200000  -3.0382994  -3.0304717  -3.0269215
   1.3400000  -2.9908150  -2.9852145  -2.9826524
   1.3600000  -2.9452217  -2.9412929  -2.9394834
   1.3800000  -2.9013492  -2.8986477  -2.8973970
   1.4000000  -2.8590448  -2.8572239  -2.8563778
   1.4200000  -2.8181719  -2.8169692  -2.8164091
   1.4400000  -2.7786127  -2.7778345  -2.7774717
   1.4600000  -2.7402671  -2.7397737  -2.7395437
   1.4800000  -2.7030487  -2.7027427  -2.7026001
   1.5000000  -2.6668864  -2.6667003  -2.6666138
   1.5200000  -2.6317177  -2.6316072  -2.6315560
   1.5400000  -2.5974908  -2.5974264  -2.5973967
   1.5600000  -2.5641591  -2.5641225  -2.5641057
   1.5800000  -2.5316828  -2.5316624  -2.5316531
   1.6000000  -2.5000252  -2.5000142  -2.5000091
   1.6200000  -2.4691536  -2.4691477  -2.4691451
   1.6400000  -2.4390375  -2.4390344  -2.4390331
   1.6600000  -2.4096486  -2.4096470  -2.4096463
   1.6800000  -2.3809602  -2.3809595  -2.3809592
   1.7000000  -2.3529475  -2.3529472  -2.3529470
   1.7200000  -2.3255866  -2.3255864  -2.3255863
   1.7400000  -2.2988549  -2.2988548  -2.2988548
   1.7600000  -2.2727308  -2.2727308  -2.2727308
   1.7800000  -2.2471940  -2.2471940  -2.2471940
   1.8000000  -2.2222247  -2.2222247  -2.2222247
   1.8200000  -2.1978043  -2.1978043  -2.1978043
   1.8400000  -2.1739147  -2.1739147  -2.1739147
   1.8600000  -2.1505391  -2.1505391  -2.1505391
   1.8800000  -2.1276607  -2.1276607  -2.1276607
   1.9000000  -2.1052641  -2.1052641  -2.1052641
   1.9200000  -2.0833341  -2.0833341  -2.0833341
   1.9400000  -2.0618563  -2.0618563  -2.0618563
   1.9600000  -2.0408168  -2.0408168  -2.0408168
   1.9800000  -2.0202024  -2.0202024  -2.0202024
   2.0000000  -2.0000003  -2.0000003  -2.0000003
   2.0200000  -1.9801982  -1.9801982  -1.9801982
   2.0400000  -1.9607844  -1.9607844  -1.9607844
   2.0600000  -1.9417477  -1.9417477  -1.9417477
   2.0800000  -1.9230769  -1.9230769  -1.9230769
   2.1000000  -1.9047619  -1.9047619  -1.9047619
   2.1200000  -1.8867924  -1.8867924  -1.8867924
   2.1400000  -1.8691588  -1.8691588  -1.8691588
   2.1600000  -1.8518517  -1.8518517  -1.8518517
   2.1800000  -1.8348622  -1.8348622  -1.8348622
   2.2000000  -1.8181816  -1.8181816  -1.8181816
   2.2200000  -1.8018016  -1.8018016  -1.8018016
   2.2400000  -1.7857141  -1.7857141  -1.7857141
   2.2600000  -1.7699113  -1.7699113  -1.7699113
   2.2800000  -1.7543858  -1.7543858  -1.7543858
   2.3000000  -1.7391302  -1.7391302  -1.7391302
   2.3200000  -1.7241377  -1.7241377  -1.7241377
   2.3400000  -1.7094015  -1.7094015  -1.7094015
   2.3600000  -1.6949150  -1.6949150  -1.6949150
   2.3800000  -1.6806720  -1.6806720  -1.6806720
   2.4000000  -1.6666664  -1.6666664  -1.6666664
   2.4200000  -1.6528923  -1.6528923  -1.6528923
   2.4400000  -1.6393440  -1.6393440  -1.6393440
   2.4600000  -1.6260160  -1.6260160  -1.6260160
   2.4800000  -1.6129030  -1.6129030  -1.6129030
   2.5000000  -1.5999998  -1.5999998  -1.5999998
   2.5200000  -1.5873013  -1.5873013  -1.5873013
   2.5400000  -1.5748029  -1.5748029  -1.5748029
   2.5600000  -1.5624998  -1.5624998  -1.5624998
   2.5800000  -1.5503873  -1.5503873  -1.5503873
   2.6000000  -1.5384613  -1.5384613  -1.5384613
   2.6200000  -1.5267173  -1.5267173  -1.5267173
   2.6400000  -1.5151513  -1.5151513  -1.5151513
   2.6600000  -1.5037591  -1.5037591  -1.5037591
   2.6800000  -1.4925371  -1.4925371  -1.4925371
   2.7000000  -1.4814813  -1.4814813  -1.4814813
   2.7200000  -1.4705880  -1.4705880  -1.4705880
   2.7400000  -1.4598538  -1.4598538  -1.4598538
   2.7600000  -1.4492752  -1.4492752  -1.4492752
   2.7800000  -1.4388487  -1.4388487  -1.4388487
   2.8000000  -1.4285712  -1.4285712  -1.4285712
   2.8200000  -1.4184395  -1.4184395  -1.4184395
   2.8400000  -1.4084505  -1.4084505  -1.4084505
   2.8600000  -1.3986012  -1.3986012  -1.3986012
   2.8800000  -1.3888887  -1.3888887  -1.3888887
   2.9000000  -1.3793102  -1.3793102  -1.3793102
   2.9200000  -1.3698628  -1.3698628  -1.3698628
   2.9400000  -1.3605440  -1.3605440  -1.3605440
   2.9600000  -1.3513512  -1.3513512  -1.3513512
   2.9800000  -1.3422817  -1.3422817  -1.3422817
   3.0000000  -1.3333331  -1.3333331  -1.3333331
   3.0200000  -1.3245031  -1.3245031  -1.3245031
   3.0400000  -1.3157893  -1.3157893  -1.3157893
   3.0600000  -1.3071894  -1.3071894  -1.3071894
   3.0800000  -1.2987011  -1.2987011  -1.2987011
   3.1000000  -1.2903224  -1.2903224  -1.2903224
   3.1200000  -1.2820511  -1.2820511  -1.2820511
   3.1400000  -1.2738852  -1.2738852  -1.2738852
   3.1600000  -1.2658226  -1.2658226  -1.2658226
   3.1800000  -1.2578615  -1.2578615  -1.2578615
   3.2000000  -1.2499998  -1.2499998  -1.2499998
   3.2200000  -1.2422359  -1.2422359  -1.2422359
   3.2400000  -1.2345677  -1.2345677  -1.2345677
   3.2600000  -1.2269937  -1.2269937  -1.2269937
   3.2800000  -1.2195120  -1.2195120  -1.2195120
   3.3000000  -1.2121210  -1.2121210  -1.2121210
   3.3200000  -1.2048191  -1.2048191  -1.2048191
   3.3400000  -1.1976046  -1.1976046  -1.1976046
   3.3600000  -1.1904761  -1.1904761  -1.1904761
   3.3800000  -1.1834318  -1.1834318  -1.1834318
   3.4000000  -1.1764704  -1.1764704  -1.1764704
   3.4200000  -1.1695905  -1.1695905  -1.1695905
   3.4400000  -1.1627906  -1.1627906  -1.1627906
   3.4600000  -1.1560692  -1.1560692  -1.1560692
   3.4800000  -1.1494251  -1.1494251  -1.1494251
   3.5000000  -1.1428570  -1.1428570  -1.1428570
   3.5200000  -1.1363635  -1.1363635  -1.1363635
   3.5400000  -1.1299434  -1.1299434  -1.1299434
   3.5600000  -1.1235954  -1.1235954  -1.1235954
   3.5800000  -1.1173183  -1.1173183  -1.1173183
   3.6000000  -1.1111110  -1.1111110  -1.1111110
   3.6200000  -1.1049723  -1.1049723  -1.1049723
   3.6400000  -1.0989010  -1.0989010  -1.0989010
   3.6600000  -1.0928960  -1.0928960  -1.0928960
   3.6800000  -1.0869564  -1.0869564  -1.0869564
   3.7000000  -1.0810810  -1.0810810  -1.0810810
   3.7200000  -1.0752687  -1.0752687  -1.0752687
   3.7400000  -1.0695186  -1.0695186  -1.0695186
   3.7600000  -1.0638297  -1.0638297  -1.0638297
   3.7800000  -1.0582010  -1.0582010  -1.0582010
   3.8000000  -1.0526315  -1.0526315  -1.0526315
   3.8200000  -1.0471203  -1.0471203  -1.0471203
   3.8400000  -1.0416666  -1.0416666  -1.0416666
   3.8600000  -1.0362693  -1.0362693  -1.0362693
   3.8800000  -1.0309278  -1.0309278  -1.0309278
   3.9000000  -1.0256409  -1.0256409  -1.0256409
   3.9200000  -1.0204081  -1.0204081  -1.0204081
   3.9400000  -1.0152283  -1.0152283  -1.0152283
   3.9600000  -1.0101009  -1.0101009  -1.0101009
   3.9800000  -1.0050250  -1.0050250  -1.0050250
   4.0000000  -0.9999999  -0.9999999  -0.9999999
   4.0200000  -0.9950248  -0.9950248  -0.9950248
   4.0400000  -0.9900989  -0.9900989  -0.9900989
   4.0600000  -0.9852216  -0.9852216  -0.9852216
   4.0800000  -0.9803921  -0.9803921  -0.9803921
   4.1000000  -0.9756097  -0.9756097  -0.9756097
   4.1200000  -0.9708737  -0.9708737  -0.9708737
   4.1400000  -0.9661835  -0.9661835  -0.9661835
   4.1600000  -0.9615384  -0.9615384  -0.9615384
   4.1800000  -0.9569377  -0.9569377  -0.9569377
   4.2000000  -0.9523809  -0.9523809  -0.9523809
   4.2200000  -0.9478672  -0.9478672  -0.9478672
   4.2400000  -0.9433961  -0.9433961  -0.9433961
   4.2600000  -0.9389671  -0.9389671  -0.9389671
   4.2800000  -0.9345794  -0.9345794  -0.9345794
   4.3000000  -0.9302325  -0.9302325  -0.9302325
   4.3200000  -0.9259259  -0.9259259  -0.9259259
   4.3400000  -0.9216589  -0.9216589  -0.9216589
   4.3600000  -0.9174311  -0.9174311  -0.9174311
   4.3800000  -0.9132420  -0.9132420  -0.9132420
   4.4000000  -0.9090909  -0.9090909  -0.9090909
   4.4200000  -0.9049773  -0.9049773  -0.9049773
   4.4400000  -0.9009008  -0.9009008  -0.9009008
   4.4600000  -0.8968609  -0.8968609  -0.8968609
   4.4800000  -0.8928571  -0.8928571  -0.8928571
   4.5000000  -0.8888888  -0.8888888  -0.8888888
   4.5200000  -0.8849557  -0.8849557  -0.8849557
   4.5400000  -0.8810572  -0.8810572  -0.8810572
   4.5600000  -0.8771929  -0.8771929  -0.8771929
   4.5800000  -0.8733624  -0.8733624  -0.8733624
   4.6000000  -0.8695652  -0.8695652  -0.8695652
   4.6200000  -0.8658008  -0.8658008  -0.8658008
   4.6400000  -0.8620689  -0.8620689  -0.8620689
   4.6600000  -0.8583690  -0.8583690  -0.8583690
   4.6800000  -0.8547008  -0.8547008  -0.8547008
   4.7000000  -0.8510638  -0.8510638  -0.8510638
   4.7200000  -0.8474576  -0.8474576  -0.8474576
   4.7400000  -0.8438818  -0.8438818  -0.8438818
   4.7600000  -0.8403361  -0.8403361  -0.8403361
   4.7800000  -0.8368200  -0.8368200  -0.8368200
   4.8000000  -0.8333333  -0.8333333  -0.8333333
   4.8200000  -0.8298755  -0.8298755  -0.8298755
   4.8400000  -0.8264462  -0.8264462  -0.8264462
   4.8600000  -0.8230452  -0.8230452  -0.8230452
   4.8800000  -0.8196721  -0.8196721  -0.8196721
   4.9000000  -0.8163265  -0.8163265  -0.8163265
   4.9200000  -0.8130081  -0.8130081  -0.8130081
   4.9400000  -0.8097166  -0.8097166  -0.8097166
   4.9600000  -0.8064516  -0.8064516  -0.8064516
   4.9800000  -0.8032128  -0.8032128  -0.8032128
   5.0000000  -0.8000000  -0.8000000  -0.8000000
   5.0200000  -0.7968127  -0.7968127  -0.7968127
   5.0400000  -0.7936508  -0.7936508  -0.7936508
   5.0600000  -0.7905138  -0.7905138  -0.7905138
   5.0800000  -0.7874016  -0.7874016  -0.7874016
   5.1000000  -0.7843137  -0.7843137  -0.7843137
   5.1200000  -0.7812500  -0.7812500  -0.7812500
   5.1400000  -0.7782101  -0.7782101  -0.7782101
   5.1600000  -0.7751938  -0.7751938  -0.7751938
   5.1800000  -0.7722007  -0.7722007  -0.7722007
   5.2000000  -0.7692307  -0.7692307  -0.7692307
   5.2200000  -0.7662835  -0.7662835  -0.7662835
   5.2400000  -0.7633587  -0.7633587  -0.7633587
   5.2600000  -0.7604562  -0.7604562  -0.7604562
   5.2800000  -0.7575757  -0.7575757  -0.7575757
   5.3000000  -0.7547170  -0.7547170  -0.7547170
   5.3200000  -0.7518797  -0.7518797  -0.7518797
   5.3400000  -0.7490637  -0.7490637  -0.7490637
   5.3600000  -0.7462686  -0.7462686  -0.7462686
   5.3800000  -0.7434944  -0.7434944  -0.7434944
   5.4000000  -0.7407407  -0.7407407  -0.7407407
   5.4200000  -0.7380074  -0.7380074  -0.7380074
   5.4400000  -0.7352941  -0.7352941  -0.7352941
   5.4600000  -0.7326007  -0.7326007  -0.7326007
   5.4800000  -0.7299270  -0.7299270  -0.7299270
   5.5000000  -0.7272727  -0.7272727  -0.7272727
   5.5200000  -0.7246377  -0.7246377  -0.7246377
   5.5400000  -0.7220216  -0.7220216  -0.7220216
   5.5600000  -0.7194244  -0.7194244  -0.7194244
   5.5800000  -0.7168459  -0.7168459  -0.7168459
   5.6000000  -0.7142857  -0.7142857  -0.7142857
   5.6200000  -0.7117438  -0.7117438  -0.7117438
   5.6400000  -0.7092198  -0.7092198  -0.7092198
   5.6600000  -0.7067138  -0.7067138  -0.7067138
   5.6800000  -0.7042253  -0.7042253  -0.7042253
   5.7000000  -0.7017544  -0.7017544  -0.7017544
   5.7200000  -0.6993007  -0.6993007  -0.6993007
   5.7400000  -0.6968641  -0.6968641  -0.6968641
   5.7600000  -0.6944444  -0.6944444  -0.6944444
   5.7800000  -0.6920415  -0.6920415  -0.6920415
   5.8000000  -0.6896552  -0.6896552  -0.6896552
   5.8200000  -0.6872852  -0.6872852  -0.6872852
   5.8400000  -0.6849315  -0.6849315  -0.6849315
   5.8600000  -0.6825938  -0.6825938  -0.6825938
   5.8800000  -0.6802721  -0.6802721  -0.6802721
   5.9000000  -0.6779661  -0.6779661  -0.6779661
   5.9200000  -0.6756757  -0.6756757  -0.6756757
   5.9400000  -0.6734007  -0.6734007  -0.6734007
   5.9600000  -0.6711409  -0.6711409  -0.6711409
   5.9800000  -0.6688963  -0.6688963  -0.6688963
   6.0000000  -0.6666667  -0.6666667  -0.6666667
   6.0200000  -0.6644518  -0.6644518  -0.6644518
   6.0400000  -0.6622517  -0.6622517  -0.6622517
   6.0600000  -0.6600660  -0.6600660  -0.6600660
   6.0800000  -0.6578947  -0.6578947  -0.6578947
   6.1000000  -0.6557377  -0.6557377  -0.6557377
   6.1200000  -0.6535948  -0.6535948  -0.6535948
   6.1400000  -0.6514658  -0.6514658  -0.6514658
   6.1600000  -0.6493506  -0.6493506  -0.6493506
   6.1800000  -0.6472492  -0.6472492  -0.6472492
   6.2000000  -0.6451613  -0.6451613  -0.6451613
   6.2200000  -0.6430868  -0.6430868  -0.6430868
   6.2400000  -0.6410256  -0.6410256  -0.6410256
   6.2600000  -0.6389776  -0.6389776  -0.6389776
   6.2800000  -0.6369427  -0.6369427  -0.6369427
   6.3000000  -0.6349206  -0.6349206  -0.6349206
   6.3200000  -0.6329114  -0.6329114  -0.6329114
   6.3400000  -0.6309148  -0.6309148  -0.6309148
   6.3600000  -0.6289308  -0.6289308  -0.6289308
   6.3800000  -0.6269592  -0.6269592  -0.6269592
   6.4000000  -0.6250000  -0.6250000  -0.6250000
   6.4200000  -0.6230530  -0.6230530  -0.6230530
   6.4400000  -0.6211180  -0.6211180  -0.6211180
   6.4600000  -0.6191950  -0.6191950  -0.6191950
   6.4800000  -0.6172840  -0.6172840  -0.6172840
   6.5000000  -0.6153846  -0.6153846  -0.6153846
   6.5200000  -0.6134969  -0.6134969  -0.6134969
   6.5400000  -0.6116208  -0.6116208  -0.6116208
   6.5600000  -0.6097561  -0.6097561  -0.6097561
   6.5800000  -0.6079027  -0.6079027  -0.6079027
   6.6000000  -0.6060606  -0.6060606  -0.6060606
   6.6200000  -0.6042296  -0.6042296  -0.6042296
   6.6400000  -0.6024096  -0.6024096  -0.6024096
   6.6600000  -0.6006006  -0.6006006  -0.6006006
   6.6800000  -0.5988024  -0.5988024  -0.5988024
   6.7000000  -0.5970149  -0.5970149  -0.5970149
   6.7200000  -0.5952381  -0.5952381  -0.5952381
   6.7400000  -0.5934718  -0.5934718  -0.5934718
   6.7600000  -0.5917160  -0.5917160  -0.5917160
   6.7800000  -0.5899705  -0.5899705  -0.5899705
   6.8000000  -0.5882353  -0.5882353  -0.5882353
   6.8200000  -0.5865103  -0.5865103  -0.5865103
   6.8400000  -0.5847953  -0.5847953  -0.5847953
   6.8600000  -0.5830904  -0.5830904  -0.5830904
   6.8800000  -0.5813953  -0.5813953  -0.5813953
   6.9000000  -0.5797101  -0.5797101  -0.5797101
   6.9200000  -0.5780347  -0.5780347  -0.5780347
   6.9400000  -0.5763689  -0.5763689  -0.5763689
   6.9600000  -0.5747127  -0.5747127  -0.5747127
   6.9800000  -0.5730659  -0.5730659  -0.5730659
   7.0000000  -0.5714286  -0.5714286  -0.5714286
   7.0200000  -0.5698006  -0.5698006  -0.5698006
   7.0400000  -0.5681818  -0.5681818  -0.5681818
   7.0600000  -0.5665722  -0.5665722  -0.5665722
   7.0800000  -0.5649718  -0.5649718  -0.5649718
   7.1000000  -0.5633803  -0.5633803  -0.5633803
   7.1200000  -0.5617978  -0.5617978  -0.5617978
   7.1400000  -0.5602241  -0.5602241  -0.5602241
   7.1600000  -0.5586592  -0.5586592  -0.5586592
   7.1800000  -0.5571031  -0.5571031  -0.5571031
   7.2000000  -0.5555556  -0.5555556  -0.5555556
   7.2200000  -0.5540166  -0.5540166  -0.5540166
   7.2400000  -0.5524862  -0.5524862  -0.5524862
   7.2600000  -0.5509642  -0.5509642  -0.5509642
   7.2800000  -0.5494506  -0.5494506  -0.5494506
   7.3000000  -0.5479452  -0.5479452  -0.5479452
   7.3200000  -0.5464481  -0.5464481  -0.5464481
   7.3400000  -0.5449591  -0.5449591  -0.5449591
   7.3600000  -0.5434783  -0.5434783  -0.5434783
   7.3800000  -0.5420054  -0.5420054  -0.5420054
   7.4000000  -0.5405405  -0.5405405  -0.5405405
   7.4200000  -0.5390836  -0.5390836  -0.5390836
   7.4400000  -0.5376344  -0.5376344  -0.5376344
   7.4600000  -0.5361930  -0.5361930  -0.5361930
   7.4800000  -0.5347594  -0.5347594  -0.5347594
   7.5000000  -0.5333333  -0.5333333  -0.5333333
   7.5200000  -0.5319149  -0.5319149  -0.5319149
   7.5400000  -0.5305040  -0.5305040  -0.5305040
   7.5600000  -0.5291005  -0.5291005  -0.5291005
   7.5800000  -0.5277045  -0.5277045  -0.5277045
   7.6000000  -0.5263158  -0.5263158  -0.5263158
   7.6200000  -0.5249344  -0.5249344  -0.5249344
   7.6400000  -0.5235602  -0.5235602  -0.5235602
   7.6600000  -0.5221932  -0.5221932  -0.5221932
   7.6800000  -0.5208333  -0.5208333  -0.5208333
   7.7000000  -0.5194805  -0.5194805  -0.5194805
   7.7200000  -0.5181347  -0.5181347  -0.5181347
   7.7400000  -0.5167959  -0.5167959  -0.5167959
   7.7600000  -0.5154639  -0.5154639  -0.5154639
   7.7800000  -0.5141388  -0.5141388  -0.5141388
   7.8000000  -0.5128205  -0.5128205  -0.5128205
   7.8200000  -0.5115090  -0.5115090  -0.5115090
   7.8400000  -0.5102041  -0.5102041  -0.5102041
   7.8600000  -0.5089059  -0.5089059  -0.5089059
   7.8800000  -0.5076142  -0.5076142  -0.5076142
   7.9000000  -0.5063291  -0.5063291  -0.5063291
   7.9200000  -0.5050505  -0.5050505  -0.5050505
   7.9400000  -0.5037783  -0.5037783  -0.5037783
   7.9600000  -0.5025126  -0.5025126  -0.5025126
   7.9800000  -0.5012531  -0.5012531  -0.5012531
   8.0000000  -0.5000000  -0.5000000  -0.5000000
   8.0200000  -0.4987531  -0.4987531  -0.4987531
   8.0400000  -0.4975125  -0.4975125  -0.4975125
   8.0600000  -0.4962779  -0.4962779  -0.4962779
   8.0800000  -0.4950495  -0.4950495  -0.4950495
   8.1000000  -0.4938272  -0.4938272  -0.4938272
   8.1200000  -0.4926108  -0.4926108  -0.4926108
   8.1400000  -0.4914005  -0.4914005  -0.4914005
   8.1600000  -0.4901961  -0.4901961  -0.4901961
   8.1800000  -0.4889976  -0.4889976  -0.4889976
   8.2000000  -0.4878049  -0.4878049  -0.4878049
   8.2200000  -0.4866180  -0.4866180  -0.4866180
   8.2400000  -0.4854369  -0.4854369  -0.4854369
   8.2600000  -0.4842615  -0.4842615  -0.4842615
   8.2800000  -0.4830918  -0.4830918  -0.4830918
   8.3000000  -0.4819277  -0.4819277  -0.4819277
   8.3200000  -0.4807692  -0.4807692  -0.4807692
   8.3400000  -0.4796163  -0.4796163  -0.4796163
   8.3600000  -0.4784689  -0.4784689  -0.4784689
   8.3800000  -0.4773270  -0.4773270  -0.4773270
   8.4000000  -0.4761905  -0.4761905  -0.4761905
   8.4200000  -0.4750594  -0.4750594  -0.4750594
   8.4400000  -0.4739337  -0.4739337  -0.4739337
   8.4600000  -0.4728133  -0.4728133  -0.4728133
   8.4800000  -0.4716981  -0.4716981  -0.4716981
   8.5000000  -0.4705883  -0.4705883  -0.4705883
   8.5200000  -0.4694836  -0.4694836  -0.4694836
   8.5400000  -0.4683841  -0.4683841  -0.4683841
   8.5600000  -0.4672897  -0.4672897  -0.4672897
   8.5800000  -0.4662005  -0.4662005  -0.4662005
   8.6000000  -0.4651163  -0.4651163  -0.4651163
   8.6200000  -0.4640371  -0.4640371  -0.4640371
   8.6400000  -0.4629630  -0.4629630  -0.4629630
   8.6600000  -0.4618938  -0.4618938  -0.4618938
   8.6800000  -0.4608295  -0.4608295  -0.4608295
   8.7000000  -0.4597701  -0.4597701  -0.4597701
   8.7200000  -0.4587156  -0.4587156  -0.4587156
   8.7400000  -0.4576659  -0.4576659  -0.4576659
   8.7600000  -0.4566210  -0.4566210  -0.4566210
   8.7800000  -0.4555809  -0.4555809  -0.4555809
   8.8000000  -0.4545455  -0.4545455  -0.4545455
   8.8200000  -0.4535147  -0.4535147  -0.4535147
   8.8400000  -0.4524887  -0.4524887  -0.4524887
   8.8600000  -0.4514673  -0.4514673  -0.4514673
   8.8800000  -0.4504505  -0.4504505  -0.4504505
   8.9000000  -0.4494382  -0.4494382  -0.4494382
   8.9200000  -0.4484305  -0.4484305  -0.4484305
   8.9400000  -0.4474273  -0.4474273  -0.4474273
   8.9600000  -0.4464286  -0.4464286  -0.4464286
   8.9800000  -0.4454343  -0.4454343  -0.4454343
   9.0000000  -0.4444445  -0.4444445  -0.4444445
   9.0200000  -0.4434590  -0.4434590  -0.4434590
   9.0400000  -0.4424779  -0.4424779  -0.4424779
   9.0600000  -0.4415011  -0.4415011  -0.4415011
   9.0800000  -0.4405286  -0.4405286  -0.4405286
   9.1000000  -0.4395605  -0.4395605  -0.4395605
   9.1200000  -0.4385965  -0.4385965  -0.4385965
   9.1400000  -0.4376368  -0.4376368  -0.4376368
   9.1600000  -0.4366812  -0.4366812  -0.4366812
   9.1800000  -0.4357299  -0.4357299  -0.4357299
   9.2000000  -0.4347826  -0.4347826  -0.4347826
   9.2200000  -0.4338395  -0.4338395  -0.4338395
   9.2400000  -0.4329004  -0.4329004  -0.4329004
   9.2600000  -0.4319655  -0.4319655  -0.4319655
   9.2800000  -0.4310345  -0.4310345  -0.4310345
   9.3000000  -0.4301075  -0.4301075  -0.4301075
   9.3200000  -0.4291846  -0.4291846  -0.4291846
   9.3400000  -0.4282655  -0.4282655  -0.4282655
   9.3600000  -0.4273504  -0.4273504  -0.4273504
   9.3800000  -0.4264392  -0.4264392  -0.4264392
   9.4000000  -0.4255319  -0.4255319  -0.4255319
   9.4200000  -0.4246285  -0.4246285  -0.4246285
   9.4400000  -0.4237288  -0.4237288  -0.4237288
   9.4600000  -0.4228330  -0.4228330  -0.4228330
   9.4800000  -0.4219409  -0.4219409  -0.4219409
   9.5000000  -0.4210526  -0.4210526  -0.4210526
   9.5200000  -0.4201681  -0.4201681  -0.4201681
   9.5400000  -0.4192872  -0.4192872  -0.4192872
   9.5600000  -0.4184101  -0.4184101  -0.4184101
   9.5800000  -0.4175366  -0.4175366  -0.4175366
   9.6000000  -0.4166667  -0.4166667  -0.4166667
   9.6200000  -0.4158004  -0.4158004  -0.4158004
   9.6400000  -0.4149378  -0.4149378  -0.4149378
   9.6600000  -0.4140787  -0.4140787  -0.4140787
   9.6800000  -0.4132231  -0.4132231  -0.4132231
   9.7000000  -0.4123711  -0.4123711  -0.4123711
   9.7200000  -0.4115226  -0.4115226  -0.4115226
   9.7400000  -0.4106776  -0.4106776  -0.4106776
   9.7600000  -0.4098361  -0.4098361  -0.4098361
   9.7800000  -0.4089980  -0.4089980  -0.4089980
   9.8000000  -0.4081633  -0.4081633  -0.4081633
   9.8200000  -0.4073320  -0.4073320  -0.4073320
   9.8400000  -0.4065041  -0.4065041  -0.4065041
   9.8600000  -0.4056795  -0.4056795  -0.4056795
   9.8800000  -0.4048583  -0.4048583  -0.4048583
   9.9000000  -0.4040404  -0.4040404  -0.4040404
   9.9200000  -0.4032258  -0.4032258  -0.4032258
   9.9400000  -0.4024145  -0.4024145  -0.4024145
   9.9600000  -0.4016064  -0.4016064  -0.4016064
   9.9800000  -0.4008016  -0.4008016  -0.4008016
  10.0000000  -0.4000000  -0.4000000  -0.4000000
   0.0010417   0.0006215   0.0000034   0.0000000
   0.0200000   0.0119375   0.0012649   0.0000000
   0.0400000   0.0238999   0.0050495   0.0000000
   0.0600000   0.0359127   0.0113233   0.0000001
   0.0800000   0.0480017   0.0200351   0.0000002
   0.1000000   0.0601928   0.0311114   0.0000005
   0.1200000   0.0725127   0.0444562   0.0000008
   0.1400000   0.0849880   0.0599497   0.0000013
   0.1600000   0.0976455   0.0774478   0.0000019
   0.1800000   0.1105118   0.0967815   0.0000027
   0.2000000   0.1236134   0.1177573   0.0000036
   0.2200000   0.1369762   0.1401584   0.0000048
   0.2400000   0.1506252   0.1637470   0.0000062
   0.2600000   0.1645845   0.1882668   0.0000079
   0.2800000   0.1788767   0.2134487   0.0000098
   0.3000000   0.1935224   0.2390156   0.0000120
   0.3200000   0.2085402   0.2646900   0.0000144
   0.3400000   0.2239458   0.2902016   0.0000172
   0.3600000   0.2397519   0.3152960   0.0000202
   0.3800000   0.2559674   0.3397431   0.0000236
   0.4000000   0.2725971   0.3633449   0.0000273
   0.4200000   0.2896411   0.3859420   0.0000313
   0.4400000   0.3070943   0.4074185   0.0000356
   0.4600000   0.3249461   0.4277041   0.0000403
   0.4800000   0.3431796   0.4467735   0.0000453
   0.5000000   0.3617717   0.4646432   0.0000506
   0.5200000   0.3806922   0.4813648   0.0000562
   0.5400000   0.3999044   0.4970174   0.0000621
   0.5600000   0.4193642   0.5116976   0.0000683
   0.5800000   0.4390209   0.5255096   0.0000749
   0.6000000   0.4588170   0.5385561   0.0000817
   0.6200000   0.4786888   0.5509302   0.0000888
   0.6400000   0.4985670   0.5627099   0.0000962
   0.6600000   0.5183776   0.5739552   0.0001038
   0.6800000   0.5380427   0.5847072   0.0001117
   0.7000000   0.5574819   0.5949899   0.0001199
   0.7200000   0.5766133   0.6048132   0.0001283
   0.7400000   0.5953554   0.6141771   0.0001369
   0.7600000   0.6136279   0.6230756   0.0001458
   0.7800000   0.6313536   0.6315005   0.0001549
   0.8000000   0.6484596   0.6394441   0.0001642
   0.8200000   0.6648789   0.6469013   0.0001738
   0.8400000   0.6805512   0.6538705   0.0001837
   0.8600000   0.6954238   0.6603538   0.0001937
   0.8800000   0.7094528   0.6663569   0.0002040
   0.9000000   0.7226032   0.6718879   0.0002146
   0.9200000   0.7348492   0.6769576   0.0002254
   0.9400000   0.7461744   0.6815779   0.0002364
   0.9600000   0.7565709   0.6857619   0.0002477
   0.9800000   0.7660396   0.6895232   0.0002593
   1.0000000   0.7745887   0.6928756   0.0002712
   1.0200000   0.7822333   0.6958332   0.0002833
   1.0400000   0.7889945   0.6984097   0.0002958
   1.0600000   0.7948979   0.7006191   0.0003085
   1.0800000   0.7999730   0.7024747   0.0003215
   1.1000000   0.8042523   0.7039901   0.0003347
   1.1200000   0.8077698   0.7051784   0.0003483
   1.1400000   0.8105608   0.7060523   0.0003622
   1.1600000   0.8126609   0.7066244   0.0003764
   1.1800000   0.8141053   0.7069072   0.0003908
   1.2000000   0.8149288   0.7069124   0.0004056
   1.2200000   0.8151650   0.7066518   0.0004207
   1.2400000   0.8148462   0.7061368   0.0004361
   1.2600000   0.8140035   0.7053784   0.0004517
   1.2800000   0.8126663   0.7043873   0.0004677
   1.3000000   0.8108629   0.7031739   0.0004841
   1.3200000   0.8086198   0.7017483   0.0005007
   1.3400000   0.8059626   0.7001203   0.0005176
   1.3600000   0.8029153   0.6982994   0.0005349
   1.3800000   0.7995008   0.6962946   0.0005525
   1.4000000   0.7957410   0.6941149   0.0005704
   1.4200000   0.7916567   0.6917688   0.0005886
   1.4400000   0.7872679   0.6892645   0.0006072
   1.4600000   0.7825935   0.6866099   0.0006261
   1.4800000   0.7776517   0.6838129   0.0006453
   1.5000000   0.7724599   0.6808807   0.0006649
   1.5200000   0.7670349   0.6778205   0.0006848
   1.5400000   0.7613924   0.6746392   0.0007051
   1.5600000   0.7555477   0.6713433   0.0007258
   1.5800000   0.7495156   0.6679393   0.0007468
   1.6000000   0.7433098   0.6644332   0.0007682
   1.6200000   0.7369438   0.6608310   0.0007899
   1.6400000   0.7304303   0.6571383   0.0008120
   1.6600000   0.7237815   0.6533605   0.0008345
   1.6800000   0.7170090   0.6495029   0.0008574
   1.7000000   0.7101240   0.6455705   0.0008806
   1.7200000   0.7031371   0.6415681   0.0009043
   1.7400000   0.6960583   0.6375004   0.0009283
   1.7600000   0.6888973   0.6333717   0.0009528
   1.7800000   0.6816631   0.6291864   0.0009777
   1.8000000   0.6743647   0.6249485   0.0010029
   1.8200000   0.6670102   0.6206620   0.0010286
   1.8400000   0.6596076   0.6163306   0.0010547
   1.8600000   0.6521644   0.6119579   0.0010813
   1.8800000   0.6446876   0.6075474   0.0011082
   1.9000000   0.6371841   0.6031024   0.0011357
   1.9200000   0.6296603   0.5986261   0.0011635
   1.9400000   0.6221223   0.5941215   0.0011918
   1.9600000   0.6145757   0.5895914   0.0012206
   1.9800000   0.6070262   0.5850389   0.0012498
   2.0000000   0.5994788   0.5804663   0.0012795
   2.0200000   0.5919385   0.5758764   0.0013096
   2.0400000   0.5844098   0.5712716   0.0013403
   2.0600000   0.5768971   0.5666542   0.0013714
   2.0800000   0.5694045   0.5620264   0.0014030
   2.1000000   0.5619359   0.5573905   0.0014352
   2.1200000   0.5544950   0.5527483   0.0014678
   2.1400000   0.5470852   0.5481020   0.0015009
   2.1600000   0.5397096   0.5434533   0.0015346
   2.1800000   0.5323715   0.5388041   0.0015688
   2.2000000   0.5250734   0.5341560   0.0016035
   2.2200000   0.5178182   0.5295106   0.0016387
   2.2400000   0.5106084   0.5248696   0.0016745
   2.2600000   0.5034461   0.5202344   0.0017109
   2.2800000   0.4963337   0.5156064   0.0017478
   2.3000000   0.4892731   0.5109870   0.0017852
   2.3200000   0.4822661   0.5063775   0.0018233
   2.3400000   0.4753146   0.5017790   0.0018619
   2.3600000   0.4684201   0.4971928   0.0019011
   2.3800000   0.4615841   0.4926199   0.0019409
   2.4000000   0.4548080   0.4880614   0.0019814
   2.4200000   0.4480930   0.4835183   0.0020224
   2.4400000   0.4414402   0.4789916   0.0020641
   2.4600000   0.4348507   0.4744822   0.0021063
   2.4800000   0.4283255   0.4699909   0.0021493
   2.5000000   0.4218653   0.4655186   0.0021928
   2.5200000   0.4154710   0.4610660   0.0022371
   2.5400000   0.4091432   0.4566339   0.0022819
   2.5600000   0.4028824   0.4522229   0.0023275
   2.5800000   0.3966894   0.4478338   0.0023737
   2.6000000   0.3905643   0.4434671   0.0024207
   2.6200000   0.3845078   0.4391234   0.0024683
   2.6400000   0.3785200   0.4348033   0.0025166
   2.6600000   0.3726012   0.4305073   0.0025657
   2.6800000   0.3667517   0.4262360   0.0026154
   2.7000000   0.3609715   0.4219896   0.0026660
   2.7200000   0.3552607   0.4177688   0.0027172
   2.7400000   0.3496194   0.4135739   0.0027692
   2.7600000   0.3440476   0.4094053   0.0028220
   2.7800000   0.3385452   0.4052633   0.0028756
   2.8000000   0.3331121   0.4011483   0.0029299
   2.8200000   0.3277481   0.3970606   0.0029851
   2.8400000   0.3224532   0.3930004   0.0030410
   2.8600000   0.3172271   0.3889681   0.0030978
   2.8800000   0.3120694   0.3849639   0.0031554
   2.9000000   0.3069801   0.3809879   0.0032138
   2.9200000   0.3019587   0.3770405   0.0032731
   2.9400000   0.2970050   0.3731218   0.0033333
   2.9600000   0.2921185   0.3692320   0.0033943
   2.9800000   0.2872989   0.3653712   0.0034562
   3.0000000   0.2825458   0.3615395   0.0035190
   3.0200000   0.2778588   0.3577371   0.0035828
   3.0400000   0.2732374   0.3539641   0.0036474
   3.0600000   0.2686811   0.3502207   0.0037130
   3.0800000   0.2641895   0.3465067   0.0037795
   3.1000000   0.2597620   0.3428224   0.0038470
   3.1200000   0.2553982   0.3391678   0.0039155
   3.1400000   0.2510976   0.3355430   0.0039849
   3.1600000   0.2468595   0.3319479   0.0040554
   3.1800000   0.2426834   0.3283825   0.0041269
   3.2000000   0.2385688   0.3248470   0.0041994
   3.2200000   0.2345151   0.3213412   0.0042729
   3.2400000   0.2305218   0.3178653   0.0043475
   3.2600000   0.2265881   0.3144190   0.0044232
   3.2800000   0.2227136   0.3110025   0.0044999
   3.3000000   0.2188976   0.3076157   0.0045777
   3.3200000   0.2151395   0.3042586   0.0046567
   3.3400000   0.2114388   0.3009310   0.0047368
   3.3600000   0.2077947   0.2976330   0.0048180
   3.3800000   0.2042067   0.2943644   0.0049004
   3.4000000   0.2006741   0.2911252   0.0049840
   3.4200000   0.1971963   0.2879153   0.0050687
   3.4400000   0.1937727   0.2847346   0.0051547
   3.4600000   0.1904027   0.2815831   0.0052419
   3.4800000   0.1870856   0.2784605   0.0053303
   3.5000000   0.1838207   0.2753669   0.0054200
   3.5200000   0.1806076   0.2723021   0.0055110
   3.5400000   0.1774454   0.2692660   0.0056032
   3.5600000   0.1743336   0.2662584   0.0056968
   3.5800000   0.1712716   0.2632793   0.0057917
   3.6000000   0.1682587   0.2603285   0.0058879
   3.6200000   0.1652943   0.2574058   0.0059855
   3.6400000   0.1623777   0.2545112   0.0060845
   3.6600000   0.1595084   0.2516446   0.0061849
   3.6800000   0.1566857   0.2488056   0.0062867
   3.7000000   0.1539090   0.2459943   0.0063900
   3.7200000   0.1511777   0.2432105   0.0064947
   3.7400000   0.1484912   0.2404539   0.0066009
   3.7600000   0.1458488   0.2377245   0.0067086
   3.7800000   0.1432500   0.2350221   0.0068178
   3.8000000   0.1406942   0.2323465   0.0069285
   3.8200000   0.1381807   0.2296976   0.0070408
   3.8400000   0.1357089   0.2270752   0.0071547
   3.8600000   0.1332784   0.2244791   0.0072702
   3.8800000   0.1308884   0.2219092   0.0073874
   3.9000000   0.1285384   0.2193652   0.0075062
   3.9200000   0.1262279   0.2168471   0.0076266
   3.9400000   0.1239562   0.2143546   0.0077488
   3.9600000   0.1217228   0.2118876   0.0078727
   3.9800000   0.1195272   0.2094459   0.0079983
   4.0000000   0.1173687   0.2070293   0.0081257
   4.0200000   0.1152469   0.2046376   0.0082548
   4.0400000   0.1131612   0.2022706   0.0083858
   4.0600000   0.1111110   0.1999282   0.0085186
   4.0800000   0.1090958   0.1976102   0.0086533
   4.1000000   0.1071151   0.1953164   0.0087899
   4.1200000   0.1051683   0.1930467   0.0089284
   4.1400000   0.1032551   0.1908007   0.0090689
   4.1600000   0.1013747   0.1885784   0.0092113
   4.1800000   0.0995268   0.1863795   0.0093557
   4.2000000   0.0977107   0.1842039   0.0095022
   4.2200000   0.0959261   0.1820514   0.0096507
   4.2400000   0.0941725   0.1799218   0.0098012
   4.2600000   0.0924493   0.1778150   0.0099539
   4.2800000   0.0907561   0.1757306   0.0101087
   4.3000000   0.0890924   0.1736686   0.0102657
   4.3200000   0.0874578   0.1716287   0.0104249
   4.3400000   0.0858517   0.1696108   0.0105863
   4.3600000   0.0842737   0.1676147   0.0107500
   4.3800000   0.0827235   0.1656401   0.0109160
   4.4000000   0.0812004   0.1636870   0.0110843
   4.4200000   0.0797042   0.1617551   0.0112549
   4.4400000   0.0782343   0.1598442   0.0114279
   4.4600000   0.0767904   0.1579542   0.0116034
   4.4800000   0.0753720   0.1560848   0.0117813
   4.5000000   0.0739787   0.1542360   0.0119617
   4.5200000   0.0726101   0.1524074   0.0121446
   4.5400000   0.0712657   0.1505989   0.0123300
   4.5600000   0.0699453   0.1488104   0.0125180
   4.5800000   0.0686483   0.1470416   0.0127087
   4.6000000   0.0673745   0.1452924   0.0129020
   4.6200000   0.0661234   0.1435626   0.0130981
   4.6400000   0.0648946   0.1418520   0.0132968
   4.6600000   0.0636879   0.1401604   0.0134984
   4.6800000   0.0625027   0.1384876   0.0137027
   4.7000000   0.0613388   0.1368336   0.0139099
   4.7200000   0.0601958   0.1351980   0.0141200
   4.7400000   0.0590733   0.1335808   0.0143330
   4.7600000   0.0579710   0.1319817   0.0145490
   4.7800000   0.0568886   0.1304005   0.0147679
   4.8000000   0.0558257   0.1288372   0.0149900
   4.8200000   0.0547820   0.1272915   0.0152151
   4.8400000   0.0537572   0.1257632   0.0154434
   4.8600000   0.0527509   0.1242523   0.0156748
   4.8800000   0.0517628   0.1227584   0.0159095
   4.9000000   0.0507927   0.1212815   0.0161474
   4.9200000   0.0498401   0.1198214   0.0163886
   4.9400000   0.0489049   0.1183779   0.0166332
   4.9600000   0.0479867   0.1169508   0.0168812
   4.9800000   0.0470852   0.1155400   0.0171326
   5.0000000   0.0462001   0.1141453   0.0173876
   5.0200000   0.0453312   0.1127666   0.0176460
   5.0400000   0.0444781   0.1114037   0.0179081
   5.0600000   0.0436407   0.1100564   0.0181738
   5.0800000   0.0428186   0.1087246   0.0184432
   5.1000000   0.0420115   0.1074081   0.0187164
   5.1200000   0.0412192   0.1061068   0.0189933
   5.1400000   0.0404414   0.1048205   0.0192741
   5.1600000   0.0396779   0.1035490   0.0195588
   5.1800000   0.0389285   0.1022922   0.0198474
   5.2000000   0.0381928   0.1010500   0.0201400
   5.2200000   0.0374707   0.0998222   0.0204367
   5.2400000   0.0367618   0.0986086   0.0207375
   5.2600000   0.0360661   0.0974091   0.0210425
   5.2800000   0.0353831   0.0962235   0.0213517
   5.3000000   0.0347128   0.0950518   0.0216653
   5.3200000   0.0340549   0.0938937   0.0219831
   5.3400000   0.0334092   0.0927491   0.0223054
   5.3600000   0.0327754   0.0916179   0.0226321
   5.3800000   0.0321533   0.0904999   0.0229633
   5.4000000   0.0315428   0.0893950   0.0232992
   5.4200000   0.0309436   0.0883030   0.0236397
   5.4400000   0.0303555   0.0872239   0.0239849
   5.4600000   0.0297784   0.0861574   0.0243349
   5.4800000   0.0292119   0.0851034   0.0246897
   5.5000000   0.0286560   0.0840619   0.0250495
   5.5200000   0.0281105   0.0830326   0.0254142
   5.5400000   0.0275751   0.0820154   0.0257840
   5.5600000   0.0270497   0.0810103   0.0261589
   5.5800000   0.0265342   0.0800170   0.0265390
   5.6000000   0.0260282   0.0790354   0.0269243
   5.6200000   0.0255317   0.0780655   0.0273150
   5.6400000   0.0250444   0.0771070   0.0277110
   5.6600000   0.0245663   0.0761599   0.0281126
   5.6800000   0.0240971   0.0752241   0.0285197
   5.7000000   0.0236367   0.0742993   0.0289324
   5.7200000   0.0231850   0.0733856   0.0293508
   5.7400000   0.0227417   0.0724827   0.0297750
   5.7600000   0.0223067   0.0715905   0.0302051
   5.7800000   0.0218799   0.0707090   0.0306411
   5.8000000   0.0214611   0.0698380   0.0310832
   5.8200000   0.0210502   0.0689773   0.0315313
   5.8400000   0.0206470   0.0681270   0.0319856
   5.8600000   0.0202514   0.0672868   0.0324462
   5.8800000   0.0198632   0.0664567   0.0329132
   5.9000000   0.0194823   0.0656365   0.0333866
   5.9200000   0.0191086   0.0648261   0.0338665
   5.9400000   0.0187420   0.0640254   0.0343530
   5.9600000   0.0183823   0.0632343   0.0348463
   5.9800000   0.0180294   0.0624528   0.0353464
   6.0000000   0.0176831   0.0616806   0.0358533
   6.0200000   0.0173434   0.0609177   0.0363673
   6.0400000   0.0170101   0.0601640   0.0368883
   6.0600000   0.0166831   0.0594193   0.0374165
   6.0800000   0.0163622   0.0586836   0.0379520
   6.1000000   0.0160475   0.0579568   0.0384949
   6.1200000   0.0157387   0.0572388   0.0390452
   6.1400000   0.0154358   0.0565294   0.0396031
   6.1600000   0.0151386   0.0558286   0.0401687
   6.1800000   0.0148471   0.0551362   0.0407421
   6.2000000   0.0145611   0.0544523   0.0413234
   6.2200000   0.0142805   0.0537766   0.0419127
   6.2400000   0.0140052   0.0531090   0.0425101
   6.2600000   0.0137352   0.0524496   0.0431157
   6.2800000   0.0134703   0.0517982   0.0437297
   6.3000000   0.0132104   0.0511546   0.0443521
   6.3200000   0.0129555   0.0505189   0.0449831
   6.3400000   0.0127054   0.0498909   0.0456227
   6.3600000   0.0124601   0.0492705   0.0462711
   6.3800000   0.0122195   0.0486577   0.0469284
   6.4000000   0.0119835   0.0480523   0.0475948
   6.4200000   0.0117519   0.0474543   0.0482704
   6.4400000   0.0115248   0.0468636   0.0489552
   6.4600000   0.0113020   0.0462801   0.0496494
   6.4800000   0.0110835   0.0457036   0.0503532
   6.5000000   0.0108691   0.0451342   0.0510666
   6.5200000   0.0106588   0.0445718   0.0517898
   6.5400000   0.0104525   0.0440162   0.0525229
   6.5600000   0.0102502   0.0434674   0.0532662
   6.5800000   0.0100518   0.0429254   0.0540196
   6.6000000   0.0098571   0.0423899   0.0547833
   6.6200000   0.0096662   0.0418610   0.0555576
   6.6400000   0.0094789   0.0413386   0.0563424
   6.6600000   0.0092952   0.0408226   0.0571380
   6.6800000   0.0091150   0.0403129   0.0579445
   6.7000000   0.0089383   0.0398094   0.0587621
   6.7200000   0.0087650   0.0393121   0.0595909
   6.7400000   0.0085950   0.0388209   0.0604311
   6.7600000   0.0084282   0.0383358   0.0612827
   6.7800000   0.0082647   0.0378566   0.0621461
   6.8000000   0.0081043   0.0373833   0.0630212
   6.8200000   0.0079470   0.0369158   0.0639084
   6.8400000   0.0077927   0.0364540   0.0648077
   6.8600000   0.0076413   0.0359980   0.0657193
   6.8800000   0.0074929   0.0355475   0.0666434
   6.9000000   0.0073473   0.0351026   0.0675801
   6.9200000   0.0072045   0.0346632   0.0685297
   6.9400000   0.0070645   0.0342292   0.0694922
   6.9600000   0.0069271   0.0338005   0.0704680
   6.9800000   0.0067924   0.0333771   0.0714571
   7.0000000   0.0066603   0.0329589   0.0724597
   7.0200000   0.0065308   0.0325459   0.0734760
   7.0400000   0.0064037   0.0321380   0.0745062
   7.0600000   0.0062791   0.0317352   0.0755505
   7.0800000   0.0061569   0.0313373   0.0766090
   7.1000000   0.0060370   0.0309443   0.0776821
   7.1200000   0.0059195   0.0305562   0.0787698
   7.1400000   0.0058042   0.0301729   0.0798724
   7.1600000   0.0056911   0.0297943   0.0809900
   7.1800000   0.0055802   0.0294205   0.0821229
   7.2000000   0.0054715   0.0290512   0.0832712
   7.2200000   0.0053649   0.0286865   0.0844352
   7.2400000   0.0052603   0.0283264   0.0856152
   7.2600000   0.0051577   0.0279707   0.0868112
   7.2800000   0.0050572   0.0276194   0.0880236
   7.3000000   0.0049585   0.0272724   0.0892525
   7.3200000   0.0048618   0.0269298   0.0904982
   7.3400000   0.0047669   0.0265914   0.0917608
   7.3600000   0.0046739   0.0262573   0.0930407
   7.3800000   0.0045827   0.0259272   0.0943380
   7.4000000   0.0044932   0.0256013   0.0956530
   7.4200000   0.0044055   0.0252794   0.0969859
   7.4400000   0.0043195   0.0249615   0.0983371
   7.4600000   0.0042351   0.0246476   0.0997066
   7.4800000   0.0041524   0.0243376   0.1010948
   7.5000000   0.0040713   0.0240314   0.1025019
   7.5200000   0.0039917   0.0237291   0.1039281
   7.5400000   0.0039137   0.0234305   0.1053738
   7.5600000   0.0038372   0.0231356   0.1068391
   7.5800000   0.0037622   0.0228444   0.1083244
   7.6000000   0.0036886   0.0225568   0.1098300
   7.6200000   0.0036164   0.0222728   0.1113560
   7.6400000   0.0035457   0.0219924   0.1129028
   7.6600000   0.0034763   0.0217154   0.1144707
   7.6800000   0.0034083   0.0214419   0.1160599
   7.7000000   0.0033416   0.0211718   0.1176706
   7.7200000   0.0032762   0.0209051   0.1193033
   7.7400000   0.0032121   0.0206417   0.1209582
   7.7600000   0.0031492   0.0203816   0.1226355
   7.7800000   0.0030875   0.0201247   0.1243357
   7.8000000   0.0030270   0.0198711   0.1260590
   7.8200000   0.0029677   0.0196206   0.1278057
   7.8400000   0.0029096   0.0193732   0.1295762
   7.8600000   0.0028526   0.0191290   0.1313707
   7.8800000   0.0027966   0.0188878   0.1331896
   7.9000000   0.0027418   0.0186496   0.1350331
   7.9200000   0.0026880   0.0184143   0.1369016
   7.9400000   0.0026353   0.0181821   0.1387956
   7.9600000   0.0025836   0.0179527   0.1407152
   7.9800000   0.0025330   0.0177262   0.1426609
   8.0000000   0.0024833   0.0175025   0.1446331
   8.0200000   0.0024345   0.0172817   0.1466320
   8.0400000   0.0023867   0.0170636   0.1486580
   8.0600000   0.0023399   0.0168482   0.1507115
   8.0800000   0.0022939   0.0166356   0.1527928
   8.1000000   0.0022489   0.0164255   0.1549023
   8.1200000   0.0022047   0.0162182   0.1570404
   8.1400000   0.0021614   0.0160134   0.1592075
   8.1600000   0.0021189   0.0158112   0.1614040
   8.1800000   0.0020773   0.0156115   0.1636302
   8.2000000   0.0020364   0.0154144   0.1658867
   8.2200000   0.0019964   0.0152197   0.1681737
   8.2400000   0.0019571   0.0150274   0.1704917
   8.2600000   0.0019186   0.0148376   0.1728410
   8.2800000   0.0018809   0.0146501   0.1752222
   8.3000000   0.0018439   0.0144650   0.1776355
   8.3200000   0.0018076   0.0142822   0.1800815
   8.3400000   0.0017720   0.0141018   0.1825606
   8.3600000   0.0017371   0.0139235   0.1850733
   8.3800000   0.0017029   0.0137476   0.1876200
   8.4000000   0.0016693   0.0135738   0.1902012
   8.4200000   0.0016364   0.0134022   0.1928173
   8.4400000   0.0016042   0.0132328   0.1954688
   8.4600000   0.0015725   0.0130655   0.1981561
   8.4800000   0.0015415   0.0129003   0.2008798
   8.5000000   0.0015111   0.0127372   0.2036402
   8.5200000   0.0014813   0.0125761   0.2064379
   8.5400000   0.0014521   0.0124171   0.2092735
   8.5600000   0.0014234   0.0122600   0.2121473
   8.5800000   0.0013953   0.0121050   0.2150600
   8.6000000   0.0013677   0.0119519   0.2180121
   8.6200000   0.0013407   0.0118007   0.2210041
   8.6400000   0.0013142   0.0116514   0.2240364
   8.6600000   0.0012882   0.0115040   0.2271096
   8.6800000   0.0012627   0.0113584   0.2302243
   8.7000000   0.0012378   0.0112147   0.2333809
   8.7200000   0.0012133   0.0110728   0.2365801
   8.7400000   0.0011892   0.0109327   0.2398224
   8.7600000   0.0011657   0.0107943   0.2431085
   8.7800000   0.0011426   0.0106577   0.2464390
   8.8000000   0.0011199   0.0105228   0.2498144
   8.8200000   0.0010977   0.0103896   0.2532355
   8.8400000   0.0010759   0.0102581   0.2567028
   8.8600000   0.0010546   0.0101283   0.2602170
   8.8800000   0.0010337   0.0100001   0.2637786
   8.9000000   0.0010131   0.0098735   0.2673882
   8.9200000   0.0009930   0.0097485   0.2710466
   8.9400000   0.0009732   0.0096250   0.2747542
   8.9600000   0.0009539   0.0095032   0.2785118
   8.9800000   0.0009349   0.0093828   0.2823199
   9.0000000   0.0009163   0.0092640   0.2861793
   9.0200000   0.0008980   0.0091467   0.2900906
   9.0400000   0.0008801   0.0090309   0.2940543
   9.0600000   0.0008626   0.0089165   0.2980711
   9.0800000   0.0008453   0.0088036   0.3021417
   9.1000000   0.0008285   0.0086921   0.3062667
   9.1200000   0.0008119   0.0085820   0.3104467
   9.1400000   0.0007957   0.0084733   0.3146826
   9.1600000   0.0007797   0.0083659   0.3189751
   9.1800000   0.0007641   0.0082599   0.3233254
   9.2000000   0.0007488   0.0081553   0.3277345
   9.2200000   0.0007338   0.0080520   0.3322032
   9.2400000   0.0007190   0.0079499   0.3367327
   9.2600000   0.0007046   0.0078492   0.3413239
   9.2800000   0.0006904   0.0077498   0.3459777
   9.3000000   0.0006765   0.0076516   0.3506953
   9.3200000   0.0006629   0.0075546   0.3554775
   9.3400000   0.0006495   0.0074589   0.3603254
   9.3600000   0.0006364   0.0073644   0.3652397
   9.3800000   0.0006236   0.0072711   0.3702210
   9.4000000   0.0006109   0.0071789   0.3752693
   9.4200000   0.0005986   0.0070880   0.3803849
   9.4400000   0.0005864   0.0069981   0.3855680
   9.4600000   0.0005745   0.0069094   0.3908190
   9.4800000   0.0005629   0.0068219   0.3961379
   9.5000000   0.0005514   0.0067354   0.4015251
   9.5200000   0.0005402   0.0066500   0.4069807
   9.5400000   0.0005291   0.0065657   0.4125051
   9.5600000   0.0005183   0.0064825   0.4180983
   9.5800000   0.0005077   0.0064003   0.4237609
   9.6000000   0.0004973   0.0063191   0.4294945
   9.6200000   0.0004871   0.0062389   0.4353028
   9.6400000   0.0004771   0.0061598   0.4411894
   9.6600000   0.0004672   0.0060816   0.4471577
   9.6800000   0.0004576   0.0060045   0.4532114
   9.7000000   0.0004481   0.0059283   0.4593540
   9.7200000   0.0004388   0.0058532   0.4655891
   9.7400000   0.0004297   0.0057790   0.4719203
   9.7600000   0.0004208   0.0057057   0.4783511
   9.7800000   0.0004120   0.0056334   0.4848852
   9.8000000   0.0004034   0.0055621   0.4915260
   9.8200000   0.0003949   0.0054917   0.4982767
   9.8400000   0.0003866   0.0054222   0.5051334
   9.8600000   0.0003785   0.0053536   0.5120886
   9.8800000   0.0003705   0.0052859   0.5191346
   9.9000000   0.0003626   0.0052190   0.5262636
   9.9200000   0.0003549   0.0051530   0.5334680
   9.9400000   0.0003474   0.0050877   0.5407400
   9.9600000   0.0003399   0.0050232   0.5480719
   9.9800000   0.0003326   0.0049595   0.5554560
  10.0000000   0.0003255   0.0048965   0.5628845
