C
   4.     12.00     2     1
  1.200000  1.200000  1.200000
   501   0.020
   0.0010417  -3.5475977  -4.8354418  -3.7977388
   0.0200000  -3.5466739  -4.8380860  -3.7990045
   0.0400000  -3.5451827  -4.8429969  -3.8014941
   0.0600000  -3.5436017  -4.8494813  -3.8049828
   0.0800000  -3.5421202  -4.8573182  -3.8094156
   0.1000000  -3.5408391  -4.8663694  -3.8147520
   0.1200000  -3.5398138  -4.8765286  -3.8209527
   0.1400000  -3.5390742  -4.8877048  -3.8279777
   0.1600000  -3.5386334  -4.8998154  -3.8357857
   0.1800000  -3.5384935  -4.9127825  -3.8443333
   0.2000000  -3.5386476  -4.9265295  -3.8535751
   0.2200000  -3.5390813  -4.9409797  -3.8634620
   0.2400000  -3.5397734  -4.9560540  -3.8739410
   0.2600000  -3.5406959  -4.9716701  -3.8849541
   0.2800000  -3.5418150  -4.9877413  -3.8964382
   0.3000000  -3.5430913  -5.0041763  -3.9083250
   0.3200000  -3.5444803  -5.0208791  -3.9205408
   0.3400000  -3.5459341  -5.0377488  -3.9330073
   0.3600000  -3.5474020  -5.0546803  -3.9456421
   0.3800000  -3.5488321  -5.0715650  -3.9583598
   0.4000000  -3.5501730  -5.0882913  -3.9710728
   0.4200000  -3.5513748  -5.1047454  -3.9836926
   0.4400000  -3.5523908  -5.1208124  -3.9961305
   0.4600000  -3.5531784  -5.1363764  -4.0082986
   0.4800000  -3.5536997  -5.1513205  -4.0201100
   0.5000000  -3.5539210  -5.1655271  -4.0314787
   0.5200000  -3.5538129  -5.1788770  -4.0423189
   0.5400000  -3.5533484  -5.1912480  -4.0525442
   0.5600000  -3.5525016  -5.2025143  -4.0620664
   0.5800000  -3.5512464  -5.2125449  -4.0707938
   0.6000000  -3.5495549  -5.2212028  -4.0786309
   0.6200000  -3.5473969  -5.2283447  -4.0854777
   0.6400000  -3.5447395  -5.2338205  -4.0912297
   0.6600000  -3.5415474  -5.2374743  -4.0957785
   0.6800000  -3.5377838  -5.2391449  -4.0990130
   0.7000000  -3.5334109  -5.2386669  -4.1008206
   0.7200000  -3.5283916  -5.2358720  -4.1010888
   0.7400000  -3.5226901  -5.2305905  -4.0997065
   0.7600000  -3.5162729  -5.2226525  -4.0965658
   0.7800000  -3.5091098  -5.2118892  -4.0915632
   0.8000000  -3.5011744  -5.1981343  -4.0846015
   0.8200000  -3.4924446  -5.1812258  -4.0755903
   0.8400000  -3.4829029  -5.1610068  -4.0644482
   0.8600000  -3.4725366  -5.1373271  -4.0511032
   0.8800000  -3.4613376  -5.1100451  -4.0354941
   0.9000000  -3.4493029  -5.0790290  -4.0175714
   0.9200000  -3.4364335  -5.0441584  -3.9972985
   0.9400000  -3.4227350  -5.0053264  -3.9746521
   0.9600000  -3.4082165  -4.9624414  -3.9496235
   0.9800000  -3.3928907  -4.9154288  -3.9222188
   1.0000000  -3.3767730  -4.8642333  -3.8924595
   1.0200000  -3.3598814  -4.8088210  -3.8603832
   1.0400000  -3.3422356  -4.7491817  -3.8260433
   1.0600000  -3.3238563  -4.6853304  -3.7895096
   1.0800000  -3.3047651  -4.6173108  -3.7508680
   1.1000000  -3.2849839  -4.5451966  -3.7102203
   1.1200000  -3.2645340  -4.4690940  -3.6676835
   1.1400000  -3.2434359  -4.3891425  -3.6233892
   1.1600000  -3.2217092  -4.3055181  -3.5774827
   1.1800000  -3.1993718  -4.2184348  -3.5301223
   1.2000000  -3.1764403  -4.1281434  -3.4814771
   1.2200000  -3.1529292  -4.0349335  -3.4317258
   1.2400000  -3.1288514  -3.9391349  -3.3810557
   1.2600000  -3.1042184  -3.8411135  -3.3296594
   1.2800000  -3.0790401  -3.7412716  -3.2777340
   1.3000000  -3.0533253  -3.6400473  -3.2254780
   1.3200000  -3.0270823  -3.5379069  -3.1730898
   1.3400000  -3.0003192  -3.4353449  -3.1207649
   1.3600000  -2.9730444  -3.3328773  -3.0686933
   1.3800000  -2.9452673  -3.2310341  -3.0170587
   1.4000000  -2.9169990  -3.1303557  -2.9660343
   1.4200000  -2.8882528  -3.0313816  -2.9157824
   1.4400000  -2.8590448  -2.9346459  -2.8664522
   1.4600000  -2.8293949  -2.8406635  -2.8181771
   1.4800000  -2.7993260  -2.7499290  -2.7710766
   1.5000000  -2.7688666  -2.6628959  -2.7252497
   1.5200000  -2.7380486  -2.5799838  -2.6807815
   1.5400000  -2.7069096  -2.5015514  -2.6377353
   1.5600000  -2.6754914  -2.4279097  -2.5961596
   1.5800000  -2.6438412  -2.3592959  -2.5560824
   1.6000000  -2.6120100  -2.2958868  -2.5175168
   1.6200000  -2.5800535  -2.2377802  -2.4804579
   1.6400000  -2.5480303  -2.1850073  -2.4448878
   1.6600000  -2.5160027  -2.1375204  -2.4107733
   1.6800000  -2.4840342  -2.0952083  -2.3780712
   1.7000000  -2.4521905  -2.0578860  -2.3467265
   1.7200000  -2.4205370  -2.0253179  -2.3166775
   1.7400000  -2.3891387  -1.9972039  -2.2878546
   1.7600000  -2.3580592  -1.9732123  -2.2601853
   1.7800000  -2.3273590  -1.9529628  -2.2335928
   1.8000000  -2.2970963  -1.9360616  -2.2080001
   1.8200000  -2.2673234  -1.9220907  -2.1833304
   1.8400000  -2.2380900  -1.9106297  -2.1595079
   1.8600000  -2.2094373  -1.9012643  -2.1364613
   1.8800000  -2.1814035  -1.8935848  -2.1141208
   1.9000000  -2.1540181  -1.8872110  -2.0924235
   1.9200000  -2.1273051  -1.8817809  -2.0713099
   1.9400000  -2.1012824  -1.8769651  -2.0507264
   1.9600000  -2.0759596  -1.8724772  -2.0306261
   1.9800000  -2.0513431  -1.8680508  -2.0109652
   2.0000000  -2.0274299  -1.8634812  -1.9917085
   2.0200000  -2.0042146  -1.8585814  -1.9728233
   2.0400000  -1.9816855  -1.8532138  -1.9542831
   2.0600000  -1.9598262  -1.8472778  -1.9360662
   2.0800000  -1.9386186  -1.8406921  -1.9181530
   2.1000000  -1.9180395  -1.8334249  -1.9005300
   2.1200000  -1.8980648  -1.8254544  -1.8831845
   2.1400000  -1.8786684  -1.8167872  -1.8661072
   2.1600000  -1.8598229  -1.8074527  -1.8492912
   2.1800000  -1.8415007  -1.7974853  -1.8327303
   2.2000000  -1.8236743  -1.7869388  -1.8164203
   2.2200000  -1.8063162  -1.7758721  -1.8003576
   2.2400000  -1.7893999  -1.7643469  -1.7845392
   2.2600000  -1.7729005  -1.7524295  -1.7689627
   2.2800000  -1.7567932  -1.7401863  -1.7536256
   2.3000000  -1.7410557  -1.7276802  -1.7385257
   2.3200000  -1.7256673  -1.7149711  -1.7236605
   2.3400000  -1.7106077  -1.7021178  -1.7090276
   2.3600000  -1.6958593  -1.6891700  -1.6946242
   2.3800000  -1.6814062  -1.6761733  -1.6804474
   2.4000000  -1.6672327  -1.6631712  -1.6664942
   2.4200000  -1.6533258  -1.6501969  -1.6527612
   2.4400000  -1.6396735  -1.6372802  -1.6392448
   2.4600000  -1.6262642  -1.6244489  -1.6259414
   2.4800000  -1.6130884  -1.6117220  -1.6128472
   2.5000000  -1.6001373  -1.5991159  -1.5999582
   2.5200000  -1.5874023  -1.5866456  -1.5872705
   2.5400000  -1.5748762  -1.5743202  -1.5747801
   2.5600000  -1.5625526  -1.5621466  -1.5624829
   2.5800000  -1.5504249  -1.5501313  -1.5503748
   2.6000000  -1.5384876  -1.5382771  -1.5384519
   2.6200000  -1.5267355  -1.5265855  -1.5267102
   2.6400000  -1.5151635  -1.5150576  -1.5151458
   2.6600000  -1.5037671  -1.5036932  -1.5037548
   2.6800000  -1.4925421  -1.4924907  -1.4925336
   2.7000000  -1.4814842  -1.4814488  -1.4814784
   2.7200000  -1.4705895  -1.4705654  -1.4705855
   2.7400000  -1.4598543  -1.4598380  -1.4598516
   2.7600000  -1.4492750  -1.4492640  -1.4492732
   2.7800000  -1.4388480  -1.4388408  -1.4388469
   2.8000000  -1.4285703  -1.4285655  -1.4285695
   2.8200000  -1.4184384  -1.4184353  -1.4184379
   2.8400000  -1.4084493  -1.4084473  -1.4084490
   2.8600000  -1.3985999  -1.3985986  -1.3985997
   2.8800000  -1.3888874  -1.3888866  -1.3888872
   2.9000000  -1.3793088  -1.3793083  -1.3793088
   2.9200000  -1.3698615  -1.3698612  -1.3698614
   2.9400000  -1.3605427  -1.3605425  -1.3605427
   2.9600000  -1.3513499  -1.3513498  -1.3513499
   2.9800000  -1.3422804  -1.3422804  -1.3422804
   3.0000000  -1.3333319  -1.3333319  -1.3333319
   3.0200000  -1.3245019  -1.3245019  -1.3245019
   3.0400000  -1.3157881  -1.3157881  -1.3157881
   3.0600000  -1.3071882  -1.3071882  -1.3071882
   3.0800000  -1.2987000  -1.2987000  -1.2987000
   3.1000000  -1.2903213  -1.2903213  -1.2903213
   3.1200000  -1.2820500  -1.2820500  -1.2820500
   3.1400000  -1.2738841  -1.2738841  -1.2738841
   3.1600000  -1.2658216  -1.2658216  -1.2658216
   3.1800000  -1.2578605  -1.2578605  -1.2578605
   3.2000000  -1.2499989  -1.2499989  -1.2499989
   3.2200000  -1.2422349  -1.2422349  -1.2422349
   3.2400000  -1.2345668  -1.2345668  -1.2345668
   3.2600000  -1.2269928  -1.2269928  -1.2269928
   3.2800000  -1.2195112  -1.2195112  -1.2195112
   3.3000000  -1.2121202  -1.2121202  -1.2121202
   3.3200000  -1.2048183  -1.2048183  -1.2048183
   3.3400000  -1.1976038  -1.1976038  -1.1976038
   3.3600000  -1.1904752  -1.1904752  -1.1904752
   3.3800000  -1.1834310  -1.1834310  -1.1834310
   3.4000000  -1.1764696  -1.1764696  -1.1764696
   3.4200000  -1.1695897  -1.1695897  -1.1695897
   3.4400000  -1.1627898  -1.1627898  -1.1627898
   3.4600000  -1.1560685  -1.1560685  -1.1560685
   3.4800000  -1.1494244  -1.1494244  -1.1494244
   3.5000000  -1.1428563  -1.1428563  -1.1428563
   3.5200000  -1.1363628  -1.1363628  -1.1363628
   3.5400000  -1.1299427  -1.1299427  -1.1299427
   3.5600000  -1.1235947  -1.1235947  -1.1235947
   3.5800000  -1.1173177  -1.1173177  -1.1173177
   3.6000000  -1.1111104  -1.1111104  -1.1111104
   3.6200000  -1.1049716  -1.1049716  -1.1049716
   3.6400000  -1.0989004  -1.0989004  -1.0989004
   3.6600000  -1.0928955  -1.0928955  -1.0928955
   3.6800000  -1.0869558  -1.0869558  -1.0869558
   3.7000000  -1.0810804  -1.0810804  -1.0810804
   3.7200000  -1.0752681  -1.0752681  -1.0752681
   3.7400000  -1.0695181  -1.0695181  -1.0695181
   3.7600000  -1.0638291  -1.0638291  -1.0638291
   3.7800000  -1.0582004  -1.0582004  -1.0582004
   3.8000000  -1.0526310  -1.0526310  -1.0526310
   3.8200000  -1.0471198  -1.0471198  -1.0471198
   3.8400000  -1.0416661  -1.0416661  -1.0416661
   3.8600000  -1.0362689  -1.0362689  -1.0362689
   3.8800000  -1.0309273  -1.0309273  -1.0309273
   3.9000000  -1.0256405  -1.0256405  -1.0256405
   3.9200000  -1.0204076  -1.0204076  -1.0204076
   3.9400000  -1.0152279  -1.0152279  -1.0152279
   3.9600000  -1.0101005  -1.0101005  -1.0101005
   3.9800000  -1.0050246  -1.0050246  -1.0050246
   4.0000000  -0.9999995  -0.9999995  -0.9999995
   4.0200000  -0.9950244  -0.9950244  -0.9950244
   4.0400000  -0.9900985  -0.9900985  -0.9900985
   4.0600000  -0.9852212  -0.9852212  -0.9852212
   4.0800000  -0.9803917  -0.9803917  -0.9803917
   4.1000000  -0.9756093  -0.9756093  -0.9756093
   4.1200000  -0.9708733  -0.9708733  -0.9708733
   4.1400000  -0.9661831  -0.9661831  -0.9661831
   4.1600000  -0.9615380  -0.9615380  -0.9615380
   4.1800000  -0.9569374  -0.9569374  -0.9569374
   4.2000000  -0.9523805  -0.9523805  -0.9523805
   4.2200000  -0.9478669  -0.9478669  -0.9478669
   4.2400000  -0.9433958  -0.9433958  -0.9433958
   4.2600000  -0.9389668  -0.9389668  -0.9389668
   4.2800000  -0.9345791  -0.9345791  -0.9345791
   4.3000000  -0.9302322  -0.9302322  -0.9302322
   4.3200000  -0.9259256  -0.9259256  -0.9259256
   4.3400000  -0.9216586  -0.9216586  -0.9216586
   4.3600000  -0.9174308  -0.9174308  -0.9174308
   4.3800000  -0.9132417  -0.9132417  -0.9132417
   4.4000000  -0.9090906  -0.9090906  -0.9090906
   4.4200000  -0.9049770  -0.9049770  -0.9049770
   4.4400000  -0.9009006  -0.9009006  -0.9009006
   4.4600000  -0.8968607  -0.8968607  -0.8968607
   4.4800000  -0.8928568  -0.8928568  -0.8928568
   4.5000000  -0.8888886  -0.8888886  -0.8888886
   4.5200000  -0.8849555  -0.8849555  -0.8849555
   4.5400000  -0.8810570  -0.8810570  -0.8810570
   4.5600000  -0.8771927  -0.8771927  -0.8771927
   4.5800000  -0.8733622  -0.8733622  -0.8733622
   4.6000000  -0.8695650  -0.8695650  -0.8695650
   4.6200000  -0.8658006  -0.8658006  -0.8658006
   4.6400000  -0.8620687  -0.8620687  -0.8620687
   4.6600000  -0.8583688  -0.8583688  -0.8583688
   4.6800000  -0.8547006  -0.8547006  -0.8547006
   4.7000000  -0.8510636  -0.8510636  -0.8510636
   4.7200000  -0.8474574  -0.8474574  -0.8474574
   4.7400000  -0.8438816  -0.8438816  -0.8438816
   4.7600000  -0.8403359  -0.8403359  -0.8403359
   4.7800000  -0.8368198  -0.8368198  -0.8368198
   4.8000000  -0.8333331  -0.8333331  -0.8333331
   4.8200000  -0.8298753  -0.8298753  -0.8298753
   4.8400000  -0.8264461  -0.8264461  -0.8264461
   4.8600000  -0.8230451  -0.8230451  -0.8230451
   4.8800000  -0.8196719  -0.8196719  -0.8196719
   4.9000000  -0.8163263  -0.8163263  -0.8163263
   4.9200000  -0.8130079  -0.8130079  -0.8130079
   4.9400000  -0.8097164  -0.8097164  -0.8097164
   4.9600000  -0.8064514  -0.8064514  -0.8064514
   4.9800000  -0.8032127  -0.8032127  -0.8032127
   5.0000000  -0.7999998  -0.7999998  -0.7999998
   5.0200000  -0.7968126  -0.7968126  -0.7968126
   5.0400000  -0.7936506  -0.7936506  -0.7936506
   5.0600000  -0.7905137  -0.7905137  -0.7905137
   5.0800000  -0.7874014  -0.7874014  -0.7874014
   5.1000000  -0.7843136  -0.7843136  -0.7843136
   5.1200000  -0.7812498  -0.7812498  -0.7812498
   5.1400000  -0.7782100  -0.7782100  -0.7782100
   5.1600000  -0.7751936  -0.7751936  -0.7751936
   5.1800000  -0.7722006  -0.7722006  -0.7722006
   5.2000000  -0.7692306  -0.7692306  -0.7692306
   5.2200000  -0.7662834  -0.7662834  -0.7662834
   5.2400000  -0.7633586  -0.7633586  -0.7633586
   5.2600000  -0.7604561  -0.7604561  -0.7604561
   5.2800000  -0.7575756  -0.7575756  -0.7575756
   5.3000000  -0.7547169  -0.7547169  -0.7547169
   5.3200000  -0.7518796  -0.7518796  -0.7518796
   5.3400000  -0.7490636  -0.7490636  -0.7490636
   5.3600000  -0.7462685  -0.7462685  -0.7462685
   5.3800000  -0.7434943  -0.7434943  -0.7434943
   5.4000000  -0.7407406  -0.7407406  -0.7407406
   5.4200000  -0.7380073  -0.7380073  -0.7380073
   5.4400000  -0.7352940  -0.7352940  -0.7352940
   5.4600000  -0.7326006  -0.7326006  -0.7326006
   5.4800000  -0.7299269  -0.7299269  -0.7299269
   5.5000000  -0.7272726  -0.7272726  -0.7272726
   5.5200000  -0.7246376  -0.7246376  -0.7246376
   5.5400000  -0.7220216  -0.7220216  -0.7220216
   5.5600000  -0.7194244  -0.7194244  -0.7194244
   5.5800000  -0.7168458  -0.7168458  -0.7168458
   5.6000000  -0.7142856  -0.7142856  -0.7142856
   5.6200000  -0.7117437  -0.7117437  -0.7117437
   5.6400000  -0.7092198  -0.7092198  -0.7092198
   5.6600000  -0.7067137  -0.7067137  -0.7067137
   5.6800000  -0.7042253  -0.7042253  -0.7042253
   5.7000000  -0.7017543  -0.7017543  -0.7017543
   5.7200000  -0.6993006  -0.6993006  -0.6993006
   5.7400000  -0.6968640  -0.6968640  -0.6968640
   5.7600000  -0.6944444  -0.6944444  -0.6944444
   5.7800000  -0.6920414  -0.6920414  -0.6920414
   5.8000000  -0.6896551  -0.6896551  -0.6896551
   5.8200000  -0.6872852  -0.6872852  -0.6872852
   5.8400000  -0.6849314  -0.6849314  -0.6849314
   5.8600000  -0.6825938  -0.6825938  -0.6825938
   5.8800000  -0.6802721  -0.6802721  -0.6802721
   5.9000000  -0.6779660  -0.6779660  -0.6779660
   5.9200000  -0.6756756  -0.6756756  -0.6756756
   5.9400000  -0.6734006  -0.6734006  -0.6734006
   5.9600000  -0.6711409  -0.6711409  -0.6711409
   5.9800000  -0.6688963  -0.6688963  -0.6688963
   6.0000000  -0.6666666  -0.6666666  -0.6666666
   6.0200000  -0.6644518  -0.6644518  -0.6644518
   6.0400000  -0.6622516  -0.6622516  -0.6622516
   6.0600000  -0.6600660  -0.6600660  -0.6600660
   6.0800000  -0.6578947  -0.6578947  -0.6578947
   6.1000000  -0.6557377  -0.6557377  -0.6557377
   6.1200000  -0.6535947  -0.6535947  -0.6535947
   6.1400000  -0.6514658  -0.6514658  -0.6514658
   6.1600000  -0.6493506  -0.6493506  -0.6493506
   6.1800000  -0.6472492  -0.6472492  -0.6472492
   6.2000000  -0.6451613  -0.6451613  -0.6451613
   6.2200000  -0.6430868  -0.6430868  -0.6430868
   6.2400000  -0.6410256  -0.6410256  -0.6410256
   6.2600000  -0.6389776  -0.6389776  -0.6389776
   6.2800000  -0.6369426  -0.6369426  -0.6369426
   6.3000000  -0.6349206  -0.6349206  -0.6349206
   6.3200000  -0.6329114  -0.6329114  -0.6329114
   6.3400000  -0.6309148  -0.6309148  -0.6309148
   6.3600000  -0.6289308  -0.6289308  -0.6289308
   6.3800000  -0.6269592  -0.6269592  -0.6269592
   6.4000000  -0.6250000  -0.6250000  -0.6250000
   6.4200000  -0.6230529  -0.6230529  -0.6230529
   6.4400000  -0.6211180  -0.6211180  -0.6211180
   6.4600000  -0.6191950  -0.6191950  -0.6191950
   6.4800000  -0.6172839  -0.6172839  -0.6172839
   6.5000000  -0.6153846  -0.6153846  -0.6153846
   6.5200000  -0.6134969  -0.6134969  -0.6134969
   6.5400000  -0.6116208  -0.6116208  -0.6116208
   6.5600000  -0.6097561  -0.6097561  -0.6097561
   6.5800000  -0.6079027  -0.6079027  -0.6079027
   6.6000000  -0.6060606  -0.6060606  -0.6060606
   6.6200000  -0.6042296  -0.6042296  -0.6042296
   6.6400000  -0.6024096  -0.6024096  -0.6024096
   6.6600000  -0.6006006  -0.6006006  -0.6006006
   6.6800000  -0.5988024  -0.5988024  -0.5988024
   6.7000000  -0.5970149  -0.5970149  -0.5970149
   6.7200000  -0.5952381  -0.5952381  -0.5952381
   6.7400000  -0.5934718  -0.5934718  -0.5934718
   6.7600000  -0.5917160  -0.5917160  -0.5917160
   6.7800000  -0.5899705  -0.5899705  -0.5899705
   6.8000000  -0.5882353  -0.5882353  -0.5882353
   6.8200000  -0.5865103  -0.5865103  -0.5865103
   6.8400000  -0.5847953  -0.5847953  -0.5847953
   6.8600000  -0.5830904  -0.5830904  -0.5830904
   6.8800000  -0.5813953  -0.5813953  -0.5813953
   6.9000000  -0.5797101  -0.5797101  -0.5797101
   6.9200000  -0.5780347  -0.5780347  -0.5780347
   6.9400000  -0.5763689  -0.5763689  -0.5763689
   6.9600000  -0.5747127  -0.5747127  -0.5747127
   6.9800000  -0.5730659  -0.5730659  -0.5730659
   7.0000000  -0.5714286  -0.5714286  -0.5714286
   7.0200000  -0.5698006  -0.5698006  -0.5698006
   7.0400000  -0.5681818  -0.5681818  -0.5681818
   7.0600000  -0.5665722  -0.5665722  -0.5665722
   7.0800000  -0.5649718  -0.5649718  -0.5649718
   7.1000000  -0.5633803  -0.5633803  -0.5633803
   7.1200000  -0.5617978  -0.5617978  -0.5617978
   7.1400000  -0.5602241  -0.5602241  -0.5602241
   7.1600000  -0.5586592  -0.5586592  -0.5586592
   7.1800000  -0.5571031  -0.5571031  -0.5571031
   7.2000000  -0.5555556  -0.5555556  -0.5555556
   7.2200000  -0.5540166  -0.5540166  -0.5540166
   7.2400000  -0.5524862  -0.5524862  -0.5524862
   7.2600000  -0.5509642  -0.5509642  -0.5509642
   7.2800000  -0.5494506  -0.5494506  -0.5494506
   7.3000000  -0.5479452  -0.5479452  -0.5479452
   7.3200000  -0.5464481  -0.5464481  -0.5464481
   7.3400000  -0.5449591  -0.5449591  -0.5449591
   7.3600000  -0.5434783  -0.5434783  -0.5434783
   7.3800000  -0.5420054  -0.5420054  -0.5420054
   7.4000000  -0.5405405  -0.5405405  -0.5405405
   7.4200000  -0.5390836  -0.5390836  -0.5390836
   7.4400000  -0.5376344  -0.5376344  -0.5376344
   7.4600000  -0.5361930  -0.5361930  -0.5361930
   7.4800000  -0.5347594  -0.5347594  -0.5347594
   7.5000000  -0.5333334  -0.5333334  -0.5333334
   7.5200000  -0.5319149  -0.5319149  -0.5319149
   7.5400000  -0.5305040  -0.5305040  -0.5305040
   7.5600000  -0.5291005  -0.5291005  -0.5291005
   7.5800000  -0.5277045  -0.5277045  -0.5277045
   7.6000000  -0.5263158  -0.5263158  -0.5263158
   7.6200000  -0.5249344  -0.5249344  -0.5249344
   7.6400000  -0.5235602  -0.5235602  -0.5235602
   7.6600000  -0.5221932  -0.5221932  -0.5221932
   7.6800000  -0.5208334  -0.5208334  -0.5208334
   7.7000000  -0.5194805  -0.5194805  -0.5194805
   7.7200000  -0.5181347  -0.5181347  -0.5181347
   7.7400000  -0.5167959  -0.5167959  -0.5167959
   7.7600000  -0.5154639  -0.5154639  -0.5154639
   7.7800000  -0.5141388  -0.5141388  -0.5141388
   7.8000000  -0.5128205  -0.5128205  -0.5128205
   7.8200000  -0.5115090  -0.5115090  -0.5115090
   7.8400000  -0.5102041  -0.5102041  -0.5102041
   7.8600000  -0.5089059  -0.5089059  -0.5089059
   7.8800000  -0.5076142  -0.5076142  -0.5076142
   7.9000000  -0.5063291  -0.5063291  -0.5063291
   7.9200000  -0.5050505  -0.5050505  -0.5050505
   7.9400000  -0.5037784  -0.5037784  -0.5037784
   7.9600000  -0.5025126  -0.5025126  -0.5025126
   7.9800000  -0.5012531  -0.5012531  -0.5012531
   8.0000000  -0.5000000  -0.5000000  -0.5000000
   8.0200000  -0.4987531  -0.4987531  -0.4987531
   8.0400000  -0.4975125  -0.4975125  -0.4975125
   8.0600000  -0.4962779  -0.4962779  -0.4962779
   8.0800000  -0.4950495  -0.4950495  -0.4950495
   8.1000000  -0.4938272  -0.4938272  -0.4938272
   8.1200000  -0.4926109  -0.4926109  -0.4926109
   8.1400000  -0.4914005  -0.4914005  -0.4914005
   8.1600000  -0.4901961  -0.4901961  -0.4901961
   8.1800000  -0.4889976  -0.4889976  -0.4889976
   8.2000000  -0.4878049  -0.4878049  -0.4878049
   8.2200000  -0.4866180  -0.4866180  -0.4866180
   8.2400000  -0.4854369  -0.4854369  -0.4854369
   8.2600000  -0.4842615  -0.4842615  -0.4842615
   8.2800000  -0.4830918  -0.4830918  -0.4830918
   8.3000000  -0.4819277  -0.4819277  -0.4819277
   8.3200000  -0.4807693  -0.4807693  -0.4807693
   8.3400000  -0.4796163  -0.4796163  -0.4796163
   8.3600000  -0.4784689  -0.4784689  -0.4784689
   8.3800000  -0.4773270  -0.4773270  -0.4773270
   8.4000000  -0.4761905  -0.4761905  -0.4761905
   8.4200000  -0.4750594  -0.4750594  -0.4750594
   8.4400000  -0.4739337  -0.4739337  -0.4739337
   8.4600000  -0.4728133  -0.4728133  -0.4728133
   8.4800000  -0.4716981  -0.4716981  -0.4716981
   8.5000000  -0.4705883  -0.4705883  -0.4705883
   8.5200000  -0.4694836  -0.4694836  -0.4694836
   8.5400000  -0.4683841  -0.4683841  -0.4683841
   8.5600000  -0.4672897  -0.4672897  -0.4672897
   8.5800000  -0.4662005  -0.4662005  -0.4662005
   8.6000000  -0.4651163  -0.4651163  -0.4651163
   8.6200000  -0.4640371  -0.4640371  -0.4640371
   8.6400000  -0.4629630  -0.4629630  -0.4629630
   8.6600000  -0.4618938  -0.4618938  -0.4618938
   8.6800000  -0.4608295  -0.4608295  -0.4608295
   8.7000000  -0.4597701  -0.4597701  -0.4597701
   8.7200000  -0.4587156  -0.4587156  -0.4587156
   8.7400000  -0.4576659  -0.4576659  -0.4576659
   8.7600000  -0.4566210  -0.4566210  -0.4566210
   8.7800000  -0.4555809  -0.4555809  -0.4555809
   8.8000000  -0.4545455  -0.4545455  -0.4545455
   8.8200000  -0.4535148  -0.4535148  -0.4535148
   8.8400000  -0.4524887  -0.4524887  -0.4524887
   8.8600000  -0.4514673  -0.4514673  -0.4514673
   8.8800000  -0.4504505  -0.4504505  -0.4504505
   8.9000000  -0.4494382  -0.4494382  -0.4494382
   8.9200000  -0.4484305  -0.4484305  -0.4484305
   8.9400000  -0.4474273  -0.4474273  -0.4474273
   8.9600000  -0.4464286  -0.4464286  -0.4464286
   8.9800000  -0.4454343  -0.4454343  -0.4454343
   9.0000000  -0.4444445  -0.4444445  -0.4444445
   9.0200000  -0.4434590  -0.4434590  -0.4434590
   9.0400000  -0.4424779  -0.4424779  -0.4424779
   9.0600000  -0.4415011  -0.4415011  -0.4415011
   9.0800000  -0.4405287  -0.4405287  -0.4405287
   9.1000000  -0.4395605  -0.4395605  -0.4395605
   9.1200000  -0.4385965  -0.4385965  -0.4385965
   9.1400000  -0.4376368  -0.4376368  -0.4376368
   9.1600000  -0.4366813  -0.4366813  -0.4366813
   9.1800000  -0.4357299  -0.4357299  -0.4357299
   9.2000000  -0.4347826  -0.4347826  -0.4347826
   9.2200000  -0.4338395  -0.4338395  -0.4338395
   9.2400000  -0.4329005  -0.4329005  -0.4329005
   9.2600000  -0.4319655  -0.4319655  -0.4319655
   9.2800000  -0.4310345  -0.4310345  -0.4310345
   9.3000000  -0.4301076  -0.4301076  -0.4301076
   9.3200000  -0.4291846  -0.4291846  -0.4291846
   9.3400000  -0.4282656  -0.4282656  -0.4282656
   9.3600000  -0.4273505  -0.4273505  -0.4273505
   9.3800000  -0.4264393  -0.4264393  -0.4264393
   9.4000000  -0.4255319  -0.4255319  -0.4255319
   9.4200000  -0.4246285  -0.4246285  -0.4246285
   9.4400000  -0.4237288  -0.4237288  -0.4237288
   9.4600000  -0.4228330  -0.4228330  -0.4228330
   9.4800000  -0.4219410  -0.4219410  -0.4219410
   9.5000000  -0.4210527  -0.4210527  -0.4210527
   9.5200000  -0.4201681  -0.4201681  -0.4201681
   9.5400000  -0.4192872  -0.4192872  -0.4192872
   9.5600000  -0.4184101  -0.4184101  -0.4184101
   9.5800000  -0.4175366  -0.4175366  -0.4175366
   9.6000000  -0.4166667  -0.4166667  -0.4166667
   9.6200000  -0.4158004  -0.4158004  -0.4158004
   9.6400000  -0.4149378  -0.4149378  -0.4149378
   9.6600000  -0.4140787  -0.4140787  -0.4140787
   9.6800000  -0.4132232  -0.4132232  -0.4132232
   9.7000000  -0.4123712  -0.4123712  -0.4123712
   9.7200000  -0.4115227  -0.4115227  -0.4115227
   9.7400000  -0.4106776  -0.4106776  -0.4106776
   9.7600000  -0.4098361  -0.4098361  -0.4098361
   9.7800000  -0.4089980  -0.4089980  -0.4089980
   9.8000000  -0.4081633  -0.4081633  -0.4081633
   9.8200000  -0.4073320  -0.4073320  -0.4073320
   9.8400000  -0.4065041  -0.4065041  -0.4065041
   9.8600000  -0.4056795  -0.4056795  -0.4056795
   9.8800000  -0.4048583  -0.4048583  -0.4048583
   9.9000000  -0.4040404  -0.4040404  -0.4040404
   9.9200000  -0.4032258  -0.4032258  -0.4032258
   9.9400000  -0.4024145  -0.4024145  -0.4024145
   9.9600000  -0.4016064  -0.4016064  -0.4016064
   9.9800000  -0.4008016  -0.4008016  -0.4008016
  10.0000000  -0.4000000  -0.4000000  -0.4000000
   0.0010417   0.0009854   0.0000014   0.0000000
   0.0200000   0.0189189   0.0005157   0.0000000
   0.0400000   0.0378292   0.0020618   0.0000000
   0.0600000   0.0567223   0.0046350   0.0000001
   0.0800000   0.0755896   0.0082299   0.0000002
   0.1000000   0.0944226   0.0128391   0.0000003
   0.1200000   0.1132127   0.0184526   0.0000006
   0.1400000   0.1319511   0.0250584   0.0000009
   0.1600000   0.1506291   0.0326423   0.0000013
   0.1800000   0.1692377   0.0411876   0.0000019
   0.2000000   0.1877681   0.0506754   0.0000026
   0.2200000   0.2062108   0.0610843   0.0000035
   0.2400000   0.2245566   0.0723907   0.0000045
   0.2600000   0.2427957   0.0845685   0.0000057
   0.2800000   0.2609183   0.0975890   0.0000071
   0.3000000   0.2789143   0.1114213   0.0000087
   0.3200000   0.2967733   0.1260320   0.0000105
   0.3400000   0.3144847   0.1413850   0.0000126
   0.3600000   0.3320376   0.1574422   0.0000149
   0.3800000   0.3494210   0.1741627   0.0000175
   0.4000000   0.3666235   0.1915036   0.0000203
   0.4200000   0.3836335   0.2094193   0.0000235
   0.4400000   0.4004394   0.2278623   0.0000269
   0.4600000   0.4170293   0.2467828   0.0000306
   0.4800000   0.4333910   0.2661289   0.0000346
   0.5000000   0.4495124   0.2858470   0.0000390
   0.5200000   0.4653814   0.3058814   0.0000437
   0.5400000   0.4809855   0.3261751   0.0000487
   0.5600000   0.4963125   0.3466693   0.0000541
   0.5800000   0.5113500   0.3673042   0.0000598
   0.6000000   0.5260857   0.3880188   0.0000658
   0.6200000   0.5405075   0.4087514   0.0000723
   0.6400000   0.5546031   0.4294395   0.0000790
   0.6600000   0.5683607   0.4500206   0.0000862
   0.6800000   0.5817685   0.4704318   0.0000937
   0.7000000   0.5948150   0.4906109   0.0001015
   0.7200000   0.6074891   0.5104959   0.0001098
   0.7400000   0.6197798   0.5300259   0.0001183
   0.7600000   0.6316767   0.5491413   0.0001273
   0.7800000   0.6431698   0.5677840   0.0001366
   0.8000000   0.6542496   0.5858980   0.0001463
   0.8200000   0.6649071   0.6034293   0.0001563
   0.8400000   0.6751340   0.6203268   0.0001666
   0.8600000   0.6849224   0.6365424   0.0001773
   0.8800000   0.6942653   0.6520311   0.0001883
   0.9000000   0.7031563   0.6667516   0.0001997
   0.9200000   0.7115897   0.6806666   0.0002114
   0.9400000   0.7195605   0.6937429   0.0002234
   0.9600000   0.7270647   0.7059516   0.0002357
   0.9800000   0.7340989   0.7172687   0.0002483
   1.0000000   0.7406603   0.7276749   0.0002612
   1.0200000   0.7467474   0.7371557   0.0002744
   1.0400000   0.7523591   0.7457017   0.0002879
   1.0600000   0.7574951   0.7533087   0.0003016
   1.0800000   0.7621562   0.7599775   0.0003157
   1.1000000   0.7663437   0.7657140   0.0003300
   1.1200000   0.7700597   0.7705290   0.0003445
   1.1400000   0.7733073   0.7744382   0.0003593
   1.1600000   0.7760900   0.7774619   0.0003744
   1.1800000   0.7784123   0.7796250   0.0003897
   1.2000000   0.7802792   0.7809561   0.0004052
   1.2200000   0.7816966   0.7814880   0.0004210
   1.2400000   0.7826710   0.7812570   0.0004370
   1.2600000   0.7832094   0.7803022   0.0004533
   1.2800000   0.7833196   0.7786654   0.0004699
   1.3000000   0.7830099   0.7763909   0.0004866
   1.3200000   0.7822892   0.7735243   0.0005037
   1.3400000   0.7811671   0.7701129   0.0005209
   1.3600000   0.7796535   0.7662045   0.0005385
   1.3800000   0.7777590   0.7618472   0.0005563
   1.4000000   0.7754945   0.7570893   0.0005744
   1.4200000   0.7728715   0.7519779   0.0005927
   1.4400000   0.7699019   0.7465597   0.0006114
   1.4600000   0.7665979   0.7408794   0.0006303
   1.4800000   0.7629721   0.7349803   0.0006495
   1.5000000   0.7590375   0.7289032   0.0006691
   1.5200000   0.7548071   0.7226867   0.0006889
   1.5400000   0.7502945   0.7163666   0.0007091
   1.5600000   0.7455132   0.7099760   0.0007296
   1.5800000   0.7404770   0.7035447   0.0007504
   1.6000000   0.7351998   0.6970998   0.0007716
   1.6200000   0.7296952   0.6906647   0.0007931
   1.6400000   0.7239774   0.6842602   0.0008151
   1.6600000   0.7180599   0.6779038   0.0008373
   1.6800000   0.7119567   0.6716100   0.0008600
   1.7000000   0.7056811   0.6653903   0.0008831
   1.7200000   0.6992465   0.6592539   0.0009065
   1.7400000   0.6926659   0.6532071   0.0009304
   1.7600000   0.6859523   0.6472543   0.0009546
   1.7800000   0.6791179   0.6413974   0.0009793
   1.8000000   0.6721750   0.6356370   0.0010044
   1.8200000   0.6651350   0.6299717   0.0010299
   1.8400000   0.6580093   0.6243991   0.0010559
   1.8600000   0.6508086   0.6189156   0.0010823
   1.8800000   0.6435433   0.6135167   0.0011091
   1.9000000   0.6362232   0.6081974   0.0011364
   1.9200000   0.6288576   0.6029522   0.0011642
   1.9400000   0.6214553   0.5977755   0.0011924
   1.9600000   0.6140245   0.5926614   0.0012211
   1.9800000   0.6065734   0.5876042   0.0012502
   2.0000000   0.5991090   0.5825984   0.0012798
   2.0200000   0.5916384   0.5776387   0.0013100
   2.0400000   0.5841680   0.5727200   0.0013405
   2.0600000   0.5767036   0.5678381   0.0013716
   2.0800000   0.5692509   0.5629885   0.0014032
   2.1000000   0.5618151   0.5581678   0.0014353
   2.1200000   0.5544009   0.5533728   0.0014679
   2.1400000   0.5470127   0.5486007   0.0015010
   2.1600000   0.5396545   0.5438492   0.0015347
   2.1800000   0.5323303   0.5391165   0.0015688
   2.2000000   0.5250434   0.5344010   0.0016035
   2.2200000   0.5177969   0.5297017   0.0016388
   2.2400000   0.5105940   0.5250176   0.0016745
   2.2600000   0.5034370   0.5203484   0.0017109
   2.2800000   0.4963287   0.5156937   0.0017478
   2.3000000   0.4892713   0.5110533   0.0017853
   2.3200000   0.4822667   0.5064276   0.0018233
   2.3400000   0.4753170   0.5018166   0.0018619
   2.3600000   0.4684239   0.4972209   0.0019011
   2.3800000   0.4615889   0.4926407   0.0019410
   2.4000000   0.4548135   0.4880768   0.0019814
   2.4200000   0.4480989   0.4835296   0.0020224
   2.4400000   0.4414465   0.4789999   0.0020641
   2.4600000   0.4348573   0.4744882   0.0021063
   2.4800000   0.4283322   0.4699953   0.0021493
   2.5000000   0.4218720   0.4655218   0.0021928
   2.5200000   0.4154778   0.4610683   0.0022371
   2.5400000   0.4091499   0.4566356   0.0022819
   2.5600000   0.4028892   0.4522242   0.0023275
   2.5800000   0.3966960   0.4478348   0.0023737
   2.6000000   0.3905710   0.4434679   0.0024207
   2.6200000   0.3845143   0.4391240   0.0024683
   2.6400000   0.3785265   0.4348039   0.0025166
   2.6600000   0.3726076   0.4305078   0.0025657
   2.6800000   0.3667580   0.4262364   0.0026155
   2.7000000   0.3609777   0.4219901   0.0026660
   2.7200000   0.3552669   0.4177693   0.0027172
   2.7400000   0.3496255   0.4135744   0.0027692
   2.7600000   0.3440536   0.4094058   0.0028220
   2.7800000   0.3385511   0.4052638   0.0028756
   2.8000000   0.3331179   0.4011488   0.0029299
   2.8200000   0.3277539   0.3970611   0.0029851
   2.8400000   0.3224588   0.3930010   0.0030410
   2.8600000   0.3172326   0.3889687   0.0030978
   2.8800000   0.3120749   0.3849645   0.0031554
   2.9000000   0.3069855   0.3809886   0.0032138
   2.9200000   0.3019641   0.3770412   0.0032731
   2.9400000   0.2970102   0.3731225   0.0033333
   2.9600000   0.2921237   0.3692327   0.0033943
   2.9800000   0.2873040   0.3653719   0.0034562
   3.0000000   0.2825509   0.3615403   0.0035190
   3.0200000   0.2778638   0.3577379   0.0035828
   3.0400000   0.2732423   0.3539650   0.0036474
   3.0600000   0.2686859   0.3502215   0.0037130
   3.0800000   0.2641943   0.3465076   0.0037795
   3.1000000   0.2597668   0.3428233   0.0038470
   3.1200000   0.2554029   0.3391688   0.0039155
   3.1400000   0.2511022   0.3355439   0.0039850
   3.1600000   0.2468640   0.3319488   0.0040554
   3.1800000   0.2426879   0.3283835   0.0041269
   3.2000000   0.2385732   0.3248480   0.0041994
   3.2200000   0.2345195   0.3213423   0.0042729
   3.2400000   0.2305261   0.3178664   0.0043475
   3.2600000   0.2265924   0.3144202   0.0044232
   3.2800000   0.2227178   0.3110037   0.0044999
   3.3000000   0.2189017   0.3076169   0.0045777
   3.3200000   0.2151436   0.3042598   0.0046567
   3.3400000   0.2114428   0.3009323   0.0047368
   3.3600000   0.2077987   0.2976343   0.0048180
   3.3800000   0.2042106   0.2943657   0.0049004
   3.4000000   0.2006780   0.2911266   0.0049840
   3.4200000   0.1972002   0.2879167   0.0050687
   3.4400000   0.1937765   0.2847360   0.0051547
   3.4600000   0.1904064   0.2815845   0.0052419
   3.4800000   0.1870893   0.2784620   0.0053303
   3.5000000   0.1838244   0.2753684   0.0054200
   3.5200000   0.1806112   0.2723036   0.0055110
   3.5400000   0.1774490   0.2692675   0.0056032
   3.5600000   0.1743371   0.2662600   0.0056968
   3.5800000   0.1712751   0.2632809   0.0057917
   3.6000000   0.1682621   0.2603301   0.0058879
   3.6200000   0.1652977   0.2574075   0.0059855
   3.6400000   0.1623811   0.2545130   0.0060845
   3.6600000   0.1595117   0.2516463   0.0061849
   3.6800000   0.1566890   0.2488075   0.0062867
   3.7000000   0.1539123   0.2459962   0.0063900
   3.7200000   0.1511810   0.2432124   0.0064947
   3.7400000   0.1484944   0.2404558   0.0066009
   3.7600000   0.1458520   0.2377265   0.0067086
   3.7800000   0.1432532   0.2350241   0.0068178
   3.8000000   0.1406973   0.2323486   0.0069285
   3.8200000   0.1381838   0.2296997   0.0070408
   3.8400000   0.1357120   0.2270773   0.0071547
   3.8600000   0.1332814   0.2244813   0.0072702
   3.8800000   0.1308914   0.2219114   0.0073874
   3.9000000   0.1285414   0.2193675   0.0075062
   3.9200000   0.1262309   0.2168494   0.0076266
   3.9400000   0.1239592   0.2143570   0.0077488
   3.9600000   0.1217258   0.2118900   0.0078727
   3.9800000   0.1195301   0.2094483   0.0079983
   4.0000000   0.1173716   0.2070317   0.0081257
   4.0200000   0.1152498   0.2046401   0.0082548
   4.0400000   0.1131640   0.2022732   0.0083858
   4.0600000   0.1111138   0.1999308   0.0085186
   4.0800000   0.1090986   0.1976129   0.0086533
   4.1000000   0.1071179   0.1953191   0.0087899
   4.1200000   0.1051712   0.1930494   0.0089284
   4.1400000   0.1032578   0.1908035   0.0090689
   4.1600000   0.1013775   0.1885812   0.0092113
   4.1800000   0.0995295   0.1863824   0.0093557
   4.2000000   0.0977135   0.1842068   0.0095022
   4.2200000   0.0959289   0.1820544   0.0096507
   4.2400000   0.0941753   0.1799248   0.0098012
   4.2600000   0.0924521   0.1778180   0.0099539
   4.2800000   0.0907589   0.1757337   0.0101087
   4.3000000   0.0890952   0.1736717   0.0102657
   4.3200000   0.0874605   0.1716319   0.0104249
   4.3400000   0.0858544   0.1696140   0.0105863
   4.3600000   0.0842765   0.1676180   0.0107500
   4.3800000   0.0827262   0.1656435   0.0109160
   4.4000000   0.0812032   0.1636904   0.0110843
   4.4200000   0.0797069   0.1617585   0.0112549
   4.4400000   0.0782370   0.1598477   0.0114279
   4.4600000   0.0767931   0.1579578   0.0116034
   4.4800000   0.0753747   0.1560884   0.0117813
   4.5000000   0.0739814   0.1542396   0.0119617
   4.5200000   0.0726128   0.1524111   0.0121446
   4.5400000   0.0712685   0.1506027   0.0123300
   4.5600000   0.0699480   0.1488142   0.0125180
   4.5800000   0.0686511   0.1470455   0.0127087
   4.6000000   0.0673773   0.1452963   0.0129020
   4.6200000   0.0661262   0.1435666   0.0130981
   4.6400000   0.0648974   0.1418560   0.0132968
   4.6600000   0.0636907   0.1401645   0.0134984
   4.6800000   0.0625055   0.1384918   0.0137027
   4.7000000   0.0613416   0.1368378   0.0139099
   4.7200000   0.0601986   0.1352023   0.0141200
   4.7400000   0.0590762   0.1335851   0.0143330
   4.7600000   0.0579739   0.1319861   0.0145490
   4.7800000   0.0568915   0.1304050   0.0147679
   4.8000000   0.0558286   0.1288417   0.0149900
   4.8200000   0.0547849   0.1272961   0.0152151
   4.8400000   0.0537601   0.1257679   0.0154434
   4.8600000   0.0527538   0.1242570   0.0156748
   4.8800000   0.0517658   0.1227632   0.0159095
   4.9000000   0.0507957   0.1212864   0.0161474
   4.9200000   0.0498432   0.1198263   0.0163886
   4.9400000   0.0489080   0.1183829   0.0166332
   4.9600000   0.0479898   0.1169559   0.0168812
   4.9800000   0.0470883   0.1155451   0.0171326
   5.0000000   0.0462033   0.1141505   0.0173876
   5.0200000   0.0453344   0.1127719   0.0176460
   5.0400000   0.0444814   0.1114091   0.0179081
   5.0600000   0.0436439   0.1100618   0.0181738
   5.0800000   0.0428218   0.1087301   0.0184432
   5.1000000   0.0420148   0.1074137   0.0187164
   5.1200000   0.0412225   0.1061124   0.0189933
   5.1400000   0.0404448   0.1048262   0.0192741
   5.1600000   0.0396813   0.1035548   0.0195588
   5.1800000   0.0389319   0.1022981   0.0198474
   5.2000000   0.0381963   0.1010560   0.0201400
   5.2200000   0.0374742   0.0998282   0.0204367
   5.2400000   0.0367654   0.0986147   0.0207375
   5.2600000   0.0360697   0.0974153   0.0210425
   5.2800000   0.0353868   0.0962298   0.0213518
   5.3000000   0.0347166   0.0950581   0.0216653
   5.3200000   0.0340587   0.0939001   0.0219831
   5.3400000   0.0334130   0.0927556   0.0223054
   5.3600000   0.0327792   0.0916245   0.0226321
   5.3800000   0.0321572   0.0905066   0.0229633
   5.4000000   0.0315468   0.0894018   0.0232992
   5.4200000   0.0309476   0.0883099   0.0236397
   5.4400000   0.0303596   0.0872308   0.0239849
   5.4600000   0.0297825   0.0861645   0.0243349
   5.4800000   0.0292161   0.0851106   0.0246897
   5.5000000   0.0286603   0.0840691   0.0250495
   5.5200000   0.0281148   0.0830399   0.0254142
   5.5400000   0.0275795   0.0820229   0.0257840
   5.5600000   0.0270542   0.0810178   0.0261589
   5.5800000   0.0265387   0.0800246   0.0265390
   5.6000000   0.0260328   0.0790432   0.0269243
   5.6200000   0.0255363   0.0780733   0.0273150
   5.6400000   0.0250492   0.0771150   0.0277110
   5.6600000   0.0245711   0.0761680   0.0281126
   5.6800000   0.0241020   0.0752322   0.0285197
   5.7000000   0.0236417   0.0743076   0.0289324
   5.7200000   0.0231900   0.0733939   0.0293508
   5.7400000   0.0227468   0.0724911   0.0297751
   5.7600000   0.0223119   0.0715991   0.0302051
   5.7800000   0.0218852   0.0707177   0.0306411
   5.8000000   0.0214665   0.0698468   0.0310832
   5.8200000   0.0210556   0.0689862   0.0315313
   5.8400000   0.0206525   0.0681360   0.0319856
   5.8600000   0.0202570   0.0672959   0.0324462
   5.8800000   0.0198689   0.0664659   0.0329132
   5.9000000   0.0194882   0.0656458   0.0333866
   5.9200000   0.0191146   0.0648356   0.0338665
   5.9400000   0.0187480   0.0640350   0.0343530
   5.9600000   0.0183884   0.0632441   0.0348463
   5.9800000   0.0180356   0.0624626   0.0353464
   6.0000000   0.0176895   0.0616906   0.0358533
   6.0200000   0.0173498   0.0609278   0.0363673
   6.0400000   0.0170167   0.0601742   0.0368883
   6.0600000   0.0166898   0.0594297   0.0374165
   6.0800000   0.0163691   0.0586941   0.0379520
   6.1000000   0.0160544   0.0579675   0.0384949
   6.1200000   0.0157458   0.0572495   0.0390452
   6.1400000   0.0154430   0.0565403   0.0396031
   6.1600000   0.0151459   0.0558396   0.0401688
   6.1800000   0.0148545   0.0551474   0.0407421
   6.2000000   0.0145686   0.0544636   0.0413234
   6.2200000   0.0142882   0.0537880   0.0419127
   6.2400000   0.0140131   0.0531207   0.0425101
   6.2600000   0.0137432   0.0524614   0.0431157
   6.2800000   0.0134784   0.0518101   0.0437297
   6.3000000   0.0132187   0.0511667   0.0443521
   6.3200000   0.0129640   0.0505311   0.0449831
   6.3400000   0.0127140   0.0499033   0.0456227
   6.3600000   0.0124689   0.0492831   0.0462711
   6.3800000   0.0122284   0.0486704   0.0469284
   6.4000000   0.0119925   0.0480652   0.0475948
   6.4200000   0.0117612   0.0474673   0.0482704
   6.4400000   0.0115342   0.0468768   0.0489552
   6.4600000   0.0113116   0.0462934   0.0496494
   6.4800000   0.0110932   0.0457172   0.0503532
   6.5000000   0.0108790   0.0451479   0.0510666
   6.5200000   0.0106689   0.0445857   0.0517898
   6.5400000   0.0104629   0.0440303   0.0525229
   6.5600000   0.0102607   0.0434817   0.0532662
   6.5800000   0.0100625   0.0429398   0.0540196
   6.6000000   0.0098680   0.0424045   0.0547833
   6.6200000   0.0096773   0.0418758   0.0555576
   6.6400000   0.0094903   0.0413536   0.0563424
   6.6600000   0.0093068   0.0408377   0.0571380
   6.6800000   0.0091268   0.0403282   0.0579445
   6.7000000   0.0089503   0.0398249   0.0587621
   6.7200000   0.0087772   0.0393278   0.0595909
   6.7400000   0.0086074   0.0388369   0.0604311
   6.7600000   0.0084409   0.0383519   0.0612827
   6.7800000   0.0082776   0.0378729   0.0621461
   6.8000000   0.0081175   0.0373998   0.0630212
   6.8200000   0.0079604   0.0369325   0.0639084
   6.8400000   0.0078063   0.0364710   0.0648077
   6.8600000   0.0076553   0.0360151   0.0657193
   6.8800000   0.0075071   0.0355649   0.0666434
   6.9000000   0.0073618   0.0351202   0.0675801
   6.9200000   0.0072193   0.0346810   0.0685297
   6.9400000   0.0070795   0.0342472   0.0694923
   6.9600000   0.0069425   0.0338188   0.0704680
   6.9800000   0.0068081   0.0333956   0.0714571
   7.0000000   0.0066763   0.0329777   0.0724597
   7.0200000   0.0065470   0.0325649   0.0734760
   7.0400000   0.0064203   0.0321573   0.0745062
   7.0600000   0.0062960   0.0317547   0.0755505
   7.0800000   0.0061741   0.0313570   0.0766090
   7.1000000   0.0060546   0.0309643   0.0776821
   7.1200000   0.0059374   0.0305764   0.0787698
   7.1400000   0.0058224   0.0301934   0.0798724
   7.1600000   0.0057097   0.0298151   0.0809900
   7.1800000   0.0055992   0.0294415   0.0821229
   7.2000000   0.0054908   0.0290725   0.0832712
   7.2200000   0.0053846   0.0287080   0.0844352
   7.2400000   0.0052804   0.0283482   0.0856152
   7.2600000   0.0051782   0.0279927   0.0868112
   7.2800000   0.0050780   0.0276417   0.0880236
   7.3000000   0.0049798   0.0272951   0.0892525
   7.3200000   0.0048835   0.0269527   0.0904982
   7.3400000   0.0047891   0.0266146   0.0917608
   7.3600000   0.0046965   0.0262808   0.0930407
   7.3800000   0.0046057   0.0259510   0.0943380
   7.4000000   0.0045167   0.0256254   0.0956530
   7.4200000   0.0044294   0.0253038   0.0969859
   7.4400000   0.0043438   0.0249863   0.0983371
   7.4600000   0.0042599   0.0246726   0.0997066
   7.4800000   0.0041777   0.0243629   0.1010948
   7.5000000   0.0040971   0.0240571   0.1025019
   7.5200000   0.0040180   0.0237551   0.1039281
   7.5400000   0.0039405   0.0234568   0.1053738
   7.5600000   0.0038645   0.0231622   0.1068391
   7.5800000   0.0037901   0.0228714   0.1083244
   7.6000000   0.0037170   0.0225841   0.1098300
   7.6200000   0.0036455   0.0223005   0.1113560
   7.6400000   0.0035753   0.0220204   0.1129028
   7.6600000   0.0035065   0.0217438   0.1144707
   7.6800000   0.0034391   0.0214706   0.1160599
   7.7000000   0.0033730   0.0212009   0.1176706
   7.7200000   0.0033082   0.0209346   0.1193033
   7.7400000   0.0032447   0.0206715   0.1209582
   7.7600000   0.0031824   0.0204118   0.1226355
   7.7800000   0.0031214   0.0201553   0.1243357
   7.8000000   0.0030616   0.0199021   0.1260590
   7.8200000   0.0030030   0.0196520   0.1278057
   7.8400000   0.0029455   0.0194050   0.1295762
   7.8600000   0.0028892   0.0191611   0.1313707
   7.8800000   0.0028340   0.0189203   0.1331896
   7.9000000   0.0027799   0.0186826   0.1350331
   7.9200000   0.0027269   0.0184478   0.1369016
   7.9400000   0.0026750   0.0182159   0.1387956
   7.9600000   0.0026241   0.0179870   0.1407152
   7.9800000   0.0025742   0.0177609   0.1426609
   8.0000000   0.0025253   0.0175377   0.1446331
   8.0200000   0.0024774   0.0173173   0.1466320
   8.0400000   0.0024305   0.0170996   0.1486580
   8.0600000   0.0023845   0.0168847   0.1507115
   8.0800000   0.0023394   0.0166725   0.1527928
   8.1000000   0.0022953   0.0164630   0.1549023
   8.1200000   0.0022520   0.0162561   0.1570404
   8.1400000   0.0022096   0.0160518   0.1592075
   8.1600000   0.0021681   0.0158501   0.1614040
   8.1800000   0.0021274   0.0156509   0.1636302
   8.2000000   0.0020876   0.0154542   0.1658867
   8.2200000   0.0020486   0.0152600   0.1681737
   8.2400000   0.0020103   0.0150683   0.1704917
   8.2600000   0.0019729   0.0148790   0.1728410
   8.2800000   0.0019362   0.0146921   0.1752222
   8.3000000   0.0019003   0.0145075   0.1776355
   8.3200000   0.0018651   0.0143252   0.1800815
   8.3400000   0.0018307   0.0141453   0.1825606
   8.3600000   0.0017970   0.0139676   0.1850733
   8.3800000   0.0017639   0.0137922   0.1876200
   8.4000000   0.0017316   0.0136190   0.1902012
   8.4200000   0.0017000   0.0134480   0.1928173
   8.4400000   0.0016690   0.0132792   0.1954688
   8.4600000   0.0016386   0.0131125   0.1981561
   8.4800000   0.0016089   0.0129479   0.2008798
   8.5000000   0.0015799   0.0127854   0.2036402
   8.5200000   0.0015514   0.0126249   0.2064379
   8.5400000   0.0015236   0.0124665   0.2092735
   8.5600000   0.0014963   0.0123101   0.2121473
   8.5800000   0.0014697   0.0121556   0.2150600
   8.6000000   0.0014436   0.0120032   0.2180121
   8.6200000   0.0014181   0.0118526   0.2210041
   8.6400000   0.0013931   0.0117040   0.2240364
   8.6600000   0.0013687   0.0115573   0.2271096
   8.6800000   0.0013448   0.0114124   0.2302243
   8.7000000   0.0013215   0.0112694   0.2333809
   8.7200000   0.0012986   0.0111282   0.2365801
   8.7400000   0.0012763   0.0109888   0.2398224
   8.7600000   0.0012545   0.0108511   0.2431085
   8.7800000   0.0012332   0.0107152   0.2464390
   8.8000000   0.0012123   0.0105811   0.2498144
   8.8200000   0.0011920   0.0104486   0.2532355
   8.8400000   0.0011721   0.0103179   0.2567028
   8.8600000   0.0011526   0.0101888   0.2602170
   8.8800000   0.0011337   0.0100613   0.2637786
   8.9000000   0.0011151   0.0099355   0.2673882
   8.9200000   0.0010970   0.0098113   0.2710466
   8.9400000   0.0010793   0.0096887   0.2747542
   8.9600000   0.0010621   0.0095676   0.2785118
   8.9800000   0.0010453   0.0094481   0.2823200
   9.0000000   0.0010289   0.0093301   0.2861793
   9.0200000   0.0010129   0.0092137   0.2900906
   9.0400000   0.0009972   0.0090987   0.2940543
   9.0600000   0.0009820   0.0089852   0.2980711
   9.0800000   0.0009672   0.0088731   0.3021417
   9.1000000   0.0009528   0.0087625   0.3062667
   9.1200000   0.0009387   0.0086533   0.3104467
   9.1400000   0.0009250   0.0085455   0.3146826
   9.1600000   0.0009116   0.0084391   0.3189751
   9.1800000   0.0008987   0.0083340   0.3233254
   9.2000000   0.0008860   0.0082303   0.3277345
   9.2200000   0.0008737   0.0081280   0.3322032
   9.2400000   0.0008618   0.0080269   0.3367327
   9.2600000   0.0008502   0.0079272   0.3413239
   9.2800000   0.0008390   0.0078287   0.3459777
   9.3000000   0.0008280   0.0077315   0.3506953
   9.3200000   0.0008175   0.0076356   0.3554775
   9.3400000   0.0008072   0.0075409   0.3603254
   9.3600000   0.0007972   0.0074475   0.3652397
   9.3800000   0.0007876   0.0073552   0.3702210
   9.4000000   0.0007783   0.0072641   0.3752693
   9.4200000   0.0007692   0.0071743   0.3803849
   9.4400000   0.0007605   0.0070855   0.3855680
   9.4600000   0.0007521   0.0069980   0.3908190
   9.4800000   0.0007440   0.0069115   0.3961379
   9.5000000   0.0007362   0.0068262   0.4015251
   9.5200000   0.0007286   0.0067420   0.4069807
   9.5400000   0.0007214   0.0066588   0.4125051
   9.5600000   0.0007144   0.0065768   0.4180984
   9.5800000   0.0007077   0.0064958   0.4237609
   9.6000000   0.0007013   0.0064158   0.4294945
   9.6200000   0.0006951   0.0063369   0.4353028
   9.6400000   0.0006892   0.0062590   0.4411894
   9.6600000   0.0006836   0.0061821   0.4471577
   9.6800000   0.0006783   0.0061062   0.4532114
   9.7000000   0.0006733   0.0060314   0.4593540
   9.7200000   0.0006685   0.0059575   0.4655891
   9.7400000   0.0006640   0.0058847   0.4719203
   9.7600000   0.0006598   0.0058128   0.4783511
   9.7800000   0.0006558   0.0057419   0.4848852
   9.8000000   0.0006522   0.0056719   0.4915260
   9.8200000   0.0006488   0.0056030   0.4982767
   9.8400000   0.0006456   0.0055349   0.5051334
   9.8600000   0.0006428   0.0054678   0.5120886
   9.8800000   0.0006402   0.0054016   0.5191346
   9.9000000   0.0006378   0.0053362   0.5262636
   9.9200000   0.0006357   0.0052717   0.5334680
   9.9400000   0.0006338   0.0052079   0.5407400
   9.9600000   0.0006321   0.0051450   0.5480719
   9.9800000   0.0006306   0.0050828   0.5554560
  10.0000000   0.0006294   0.0050213   0.5628845
