Cl
7.000000 35.000000 2
1.635089 1.635089 1.635089 
501 0.020000
  0.00001471  -3.54912934  -6.75066993 -13.55707663
  0.02000000  -3.54860323  -6.75014288 -13.55654673
  0.04000000  -3.54710267  -6.74862823 -13.55498928
  0.06000000  -3.54467239  -6.74613694 -13.55231306
  0.08000000  -3.54141627  -6.74271687 -13.54839697
  0.10000000  -3.53747579  -6.73843146 -13.54307099
  0.12000000  -3.53302660  -6.73335682 -13.53611620
  0.14000000  -3.52827467  -6.72757840 -13.52726532
  0.16000000  -3.52345233  -6.72118780 -13.51620405
  0.18000000  -3.51881441  -6.71427976 -13.50257346
  0.20000000  -3.51463463  -6.70694945 -13.48597338
  0.22000000  -3.51120217  -6.69929031 -13.46596688
  0.24000000  -3.50881856  -6.69139219 -13.44208575
  0.26000000  -3.50779480  -6.68333992 -13.41383695
  0.28000000  -3.50844852  -6.67521220 -13.38070968
  0.30000000  -3.51110133  -6.66708069 -13.34218318
  0.32000000  -3.51607604  -6.65900935 -13.29773489
  0.34000000  -3.52369383  -6.65105385 -13.24684892
  0.36000000  -3.53427134  -6.64326108 -13.18902466
  0.38000000  -3.54811751  -6.63566877 -13.12378532
  0.40000000  -3.56553028  -6.62830506 -13.05068634
  0.42000000  -3.58679303  -6.62118820 -12.96932353
  0.44000000  -3.61217087  -6.61432618 -12.87934069
  0.46000000  -3.64190668  -6.60771642 -12.78043676
  0.48000000  -3.67621700  -6.60134557 -12.67237225
  0.50000000  -3.71528772  -6.59518919 -12.55497494
  0.52000000  -3.75926977  -6.58921165 -12.42814461
  0.54000000  -3.80827463  -6.58336598 -12.29185690
  0.56000000  -3.86236998  -6.57759382 -12.14616613
  0.58000000  -3.92157530  -6.57182550 -11.99120695
  0.60000000  -3.98585779  -6.56598015 -11.82719496
  0.62000000  -4.05512846  -6.55996595 -11.65442619
  0.64000000  -4.12923863  -6.55368050 -11.47327531
  0.66000000  -4.20797687  -6.54701130 -11.28419295
  0.68000000  -4.29106661  -6.53983638 -11.08770171
  0.70000000  -4.37816441  -6.53202503 -10.88439139
  0.72000000  -4.46885907  -6.52343871 -10.67491315
  0.74000000  -4.56267169  -6.51393208 -10.45997292
  0.76000000  -4.65905677  -6.50335416 -10.24032414
  0.78000000  -4.75740444  -6.49154969 -10.01675990
  0.80000000  -4.85704394  -6.47836051  -9.79010468
  0.82000000  -4.95724835  -6.46362719  -9.56120584
  0.84000000  -5.05724062  -6.44719070  -9.33092493
  0.86000000  -5.15620095  -6.42889423  -9.10012911
  0.88000000  -5.25327540  -6.40858504  -8.86968261
  0.90000000  -5.34758584  -6.38611644  -8.64043863
  0.92000000  -5.43824093  -6.36134980  -8.41323147
  0.94000000  -5.52434819  -6.33415660  -8.18886928
  0.96000000  -5.60502689  -6.30442048  -7.96812727
  0.98000000  -5.67942164  -6.27203924  -7.75174159
  1.00000000  -5.74671631  -6.23692684  -7.54040377
  1.02000000  -5.80614824  -6.19901531  -7.33475586
  1.04000000  -5.85702225  -6.15825652  -7.13538604
  1.06000000  -5.89872423  -6.11462387  -6.94282490
  1.08000000  -5.93073409  -6.06811372  -6.75754214
  1.10000000  -5.95263754  -6.01874672  -6.57994369
  1.12000000  -5.96413663  -5.96656884  -6.41036913
  1.14000000  -5.96505860  -5.91165217  -6.24908945
  1.16000000  -5.95536282  -5.85409539  -6.09630488
  1.18000000  -5.93514555  -5.79402400  -5.95214296
  1.20000000  -5.90464242  -5.73159012  -5.81665668
  1.22000000  -5.86422832  -5.66697199  -5.68982272
  1.24000000  -5.81441466  -5.60037304  -5.57153996
  1.26000000  -5.75584401  -5.53202059  -5.46162817
  1.28000000  -5.68928198  -5.46216413  -5.35982720
  1.30000000  -5.61560644  -5.39107308  -5.26579682
  1.32000000  -5.53579409  -5.31903419  -5.17911741
  1.34000000  -5.45090461  -5.24634841  -5.09929192
  1.36000000  -5.36206234  -5.17332729  -5.02574944
  1.38000000  -5.27043563  -5.10028879  -4.95785070
  1.40000000  -5.17721407  -5.02755265  -4.89489609
  1.42000000  -5.08358352  -4.95543510  -4.83613660
  1.44000000  -4.99069899  -4.88424300  -4.78078807
  1.46000000  -4.89965545  -4.81426732  -4.72804949
  1.48000000  -4.81145620  -4.74577589  -4.67712558
  1.50000000  -4.72697884  -4.67900543  -4.62725429
  1.52000000  -4.64693850  -4.61415273  -4.57773969
  1.54000000  -4.57184799  -4.55136494  -4.52799063
  1.56000000  -4.50197441  -4.49072890  -4.47756582
  1.58000000  -4.43729222  -4.43225943  -4.42622556
  1.60000000  -4.37743184  -4.37588646  -4.37399107
  1.62000000  -4.32162408  -4.32144100  -4.32121153
  1.64000000  -4.26863984  -4.26863986  -4.26863989
  1.66000000  -4.21716684  -4.21716684  -4.21716684
  1.68000000  -4.16692491  -4.16692491  -4.16692491
  1.70000000  -4.11786993  -4.11786993  -4.11786993
  1.72000000  -4.06995985  -4.06995985  -4.06995985
  1.74000000  -4.02315469  -4.02315469  -4.02315469
  1.76000000  -3.97741631  -3.97741631  -3.97741631
  1.78000000  -3.93270838  -3.93270838  -3.93270838
  1.80000000  -3.88899620  -3.88899620  -3.88899620
  1.82000000  -3.84624667  -3.84624667  -3.84624667
  1.84000000  -3.80442814  -3.80442814  -3.80442814
  1.86000000  -3.76351038  -3.76351038  -3.76351038
  1.88000000  -3.72346445  -3.72346445  -3.72346445
  1.90000000  -3.68426266  -3.68426266  -3.68426266
  1.92000000  -3.64587850  -3.64587850  -3.64587850
  1.94000000  -3.60828657  -3.60828657  -3.60828657
  1.96000000  -3.57146251  -3.57146251  -3.57146251
  1.98000000  -3.53538296  -3.53538296  -3.53538296
  2.00000000  -3.50002553  -3.50002553  -3.50002553
  2.02000000  -3.46536868  -3.46536868  -3.46536868
  2.04000000  -3.43139177  -3.43139177  -3.43139177
  2.06000000  -3.39807494  -3.39807494  -3.39807494
  2.08000000  -3.36539910  -3.36539910  -3.36539910
  2.10000000  -3.33334592  -3.33334592  -3.33334592
  2.12000000  -3.30189773  -3.30189773  -3.30189773
  2.14000000  -3.27103754  -3.27103754  -3.27103754
  2.16000000  -3.24074900  -3.24074900  -3.24074900
  2.18000000  -3.21101635  -3.21101635  -3.21101635
  2.20000000  -3.18182442  -3.18182442  -3.18182442
  2.22000000  -3.15315858  -3.15315858  -3.15315858
  2.24000000  -3.12500472  -3.12500472  -3.12500472
  2.26000000  -3.09734924  -3.09734924  -3.09734924
  2.28000000  -3.07017901  -3.07017901  -3.07017901
  2.30000000  -3.04348137  -3.04348137  -3.04348137
  2.32000000  -3.01724409  -3.01724409  -3.01724409
  2.34000000  -2.99145535  -2.99145535  -2.99145535
  2.36000000  -2.96610375  -2.96610375  -2.96610375
  2.38000000  -2.94117826  -2.94117826  -2.94117826
  2.40000000  -2.91666823  -2.91666823  -2.91666823
  2.42000000  -2.89256334  -2.89256334  -2.89256334
  2.44000000  -2.86885364  -2.86885364  -2.86885364
  2.46000000  -2.84552949  -2.84552949  -2.84552949
  2.48000000  -2.82258154  -2.82258154  -2.82258154
  2.50000000  -2.80000078  -2.80000078  -2.80000078
  2.52000000  -2.77777846  -2.77777846  -2.77777846
  2.54000000  -2.75590611  -2.75590611  -2.75590611
  2.56000000  -2.73437552  -2.73437552  -2.73437552
  2.58000000  -2.71317875  -2.71317875  -2.71317875
  2.60000000  -2.69230809  -2.69230809  -2.69230809
  2.62000000  -2.67175607  -2.67175607  -2.67175607
  2.64000000  -2.65151545  -2.65151545  -2.65151545
  2.66000000  -2.63157921  -2.63157921  -2.63157921
  2.68000000  -2.61194053  -2.61194053  -2.61194053
  2.70000000  -2.59259279  -2.59259279  -2.59259279
  2.72000000  -2.57352959  -2.57352959  -2.57352959
  2.74000000  -2.55474468  -2.55474468  -2.55474468
  2.76000000  -2.53623202  -2.53623202  -2.53623202
  2.78000000  -2.51798573  -2.51798573  -2.51798573
  2.80000000  -2.50000010  -2.50000010  -2.50000010
  2.82000000  -2.48226959  -2.48226959  -2.48226959
  2.84000000  -2.46478881  -2.46478881  -2.46478881
  2.86000000  -2.44755252  -2.44755252  -2.44755252
  2.88000000  -2.43055562  -2.43055562  -2.43055562
  2.90000000  -2.41379316  -2.41379316  -2.41379316
  2.92000000  -2.39726032  -2.39726032  -2.39726032
  2.94000000  -2.38095242  -2.38095242  -2.38095242
  2.96000000  -2.36486490  -2.36486490  -2.36486490
  2.98000000  -2.34899332  -2.34899332  -2.34899332
  3.00000000  -2.33333336  -2.33333336  -2.33333336
  3.02000000  -2.31788082  -2.31788082  -2.31788082
  3.04000000  -2.30263160  -2.30263160  -2.30263160
  3.06000000  -2.28758172  -2.28758172  -2.28758172
  3.08000000  -2.27272729  -2.27272729  -2.27272729
  3.10000000  -2.25806453  -2.25806453  -2.25806453
  3.12000000  -2.24358976  -2.24358976  -2.24358976
  3.14000000  -2.22929937  -2.22929937  -2.22929937
  3.16000000  -2.21518988  -2.21518988  -2.21518988
  3.18000000  -2.20125787  -2.20125787  -2.20125787
  3.20000000  -2.18750001  -2.18750001  -2.18750001
  3.22000000  -2.17391305  -2.17391305  -2.17391305
  3.24000000  -2.16049383  -2.16049383  -2.16049383
  3.26000000  -2.14723927  -2.14723927  -2.14723927
  3.28000000  -2.13414635  -2.13414635  -2.13414635
  3.30000000  -2.12121212  -2.12121212  -2.12121212
  3.32000000  -2.10843374  -2.10843374  -2.10843374
  3.34000000  -2.09580839  -2.09580839  -2.09580839
  3.36000000  -2.08333334  -2.08333334  -2.08333334
  3.38000000  -2.07100592  -2.07100592  -2.07100592
  3.40000000  -2.05882353  -2.05882353  -2.05882353
  3.42000000  -2.04678363  -2.04678363  -2.04678363
  3.44000000  -2.03488372  -2.03488372  -2.03488372
  3.46000000  -2.02312139  -2.02312139  -2.02312139
  3.48000000  -2.01149425  -2.01149425  -2.01149425
  3.50000000  -2.00000000  -2.00000000  -2.00000000
  3.52000000  -1.98863636  -1.98863636  -1.98863636
  3.54000000  -1.97740113  -1.97740113  -1.97740113
  3.56000000  -1.96629214  -1.96629214  -1.96629214
  3.58000000  -1.95530726  -1.95530726  -1.95530726
  3.60000000  -1.94444444  -1.94444444  -1.94444444
  3.62000000  -1.93370166  -1.93370166  -1.93370166
  3.64000000  -1.92307692  -1.92307692  -1.92307692
  3.66000000  -1.91256831  -1.91256831  -1.91256831
  3.68000000  -1.90217391  -1.90217391  -1.90217391
  3.70000000  -1.89189189  -1.89189189  -1.89189189
  3.72000000  -1.88172043  -1.88172043  -1.88172043
  3.74000000  -1.87165775  -1.87165775  -1.87165775
  3.76000000  -1.86170213  -1.86170213  -1.86170213
  3.78000000  -1.85185185  -1.85185185  -1.85185185
  3.80000000  -1.84210526  -1.84210526  -1.84210526
  3.82000000  -1.83246073  -1.83246073  -1.83246073
  3.84000000  -1.82291667  -1.82291667  -1.82291667
  3.86000000  -1.81347150  -1.81347150  -1.81347150
  3.88000000  -1.80412371  -1.80412371  -1.80412371
  3.90000000  -1.79487179  -1.79487179  -1.79487179
  3.92000000  -1.78571429  -1.78571429  -1.78571429
  3.94000000  -1.77664975  -1.77664975  -1.77664975
  3.96000000  -1.76767677  -1.76767677  -1.76767677
  3.98000000  -1.75879397  -1.75879397  -1.75879397
  4.00000000  -1.75000000  -1.75000000  -1.75000000
  4.02000000  -1.74129353  -1.74129353  -1.74129353
  4.04000000  -1.73267327  -1.73267327  -1.73267327
  4.06000000  -1.72413793  -1.72413793  -1.72413793
  4.08000000  -1.71568627  -1.71568627  -1.71568627
  4.10000000  -1.70731707  -1.70731707  -1.70731707
  4.12000000  -1.69902913  -1.69902913  -1.69902913
  4.14000000  -1.69082126  -1.69082126  -1.69082126
  4.16000000  -1.68269231  -1.68269231  -1.68269231
  4.18000000  -1.67464115  -1.67464115  -1.67464115
  4.20000000  -1.66666667  -1.66666667  -1.66666667
  4.22000000  -1.65876777  -1.65876777  -1.65876777
  4.24000000  -1.65094340  -1.65094340  -1.65094340
  4.26000000  -1.64319249  -1.64319249  -1.64319249
  4.28000000  -1.63551402  -1.63551402  -1.63551402
  4.30000000  -1.62790698  -1.62790698  -1.62790698
  4.32000000  -1.62037037  -1.62037037  -1.62037037
  4.34000000  -1.61290323  -1.61290323  -1.61290323
  4.36000000  -1.60550459  -1.60550459  -1.60550459
  4.38000000  -1.59817352  -1.59817352  -1.59817352
  4.40000000  -1.59090909  -1.59090909  -1.59090909
  4.42000000  -1.58371041  -1.58371041  -1.58371041
  4.44000000  -1.57657658  -1.57657658  -1.57657658
  4.46000000  -1.56950673  -1.56950673  -1.56950673
  4.48000000  -1.56250000  -1.56250000  -1.56250000
  4.50000000  -1.55555556  -1.55555556  -1.55555556
  4.52000000  -1.54867257  -1.54867257  -1.54867257
  4.54000000  -1.54185022  -1.54185022  -1.54185022
  4.56000000  -1.53508772  -1.53508772  -1.53508772
  4.58000000  -1.52838428  -1.52838428  -1.52838428
  4.60000000  -1.52173913  -1.52173913  -1.52173913
  4.62000000  -1.51515152  -1.51515152  -1.51515152
  4.64000000  -1.50862069  -1.50862069  -1.50862069
  4.66000000  -1.50214592  -1.50214592  -1.50214592
  4.68000000  -1.49572650  -1.49572650  -1.49572650
  4.70000000  -1.48936170  -1.48936170  -1.48936170
  4.72000000  -1.48305085  -1.48305085  -1.48305085
  4.74000000  -1.47679325  -1.47679325  -1.47679325
  4.76000000  -1.47058824  -1.47058824  -1.47058824
  4.78000000  -1.46443515  -1.46443515  -1.46443515
  4.80000000  -1.45833333  -1.45833333  -1.45833333
  4.82000000  -1.45228216  -1.45228216  -1.45228216
  4.84000000  -1.44628099  -1.44628099  -1.44628099
  4.86000000  -1.44032922  -1.44032922  -1.44032922
  4.88000000  -1.43442623  -1.43442623  -1.43442623
  4.90000000  -1.42857143  -1.42857143  -1.42857143
  4.92000000  -1.42276423  -1.42276423  -1.42276423
  4.94000000  -1.41700405  -1.41700405  -1.41700405
  4.96000000  -1.41129032  -1.41129032  -1.41129032
  4.98000000  -1.40562249  -1.40562249  -1.40562249
  5.00000000  -1.40000000  -1.40000000  -1.40000000
  5.02000000  -1.39442231  -1.39442231  -1.39442231
  5.04000000  -1.38888889  -1.38888889  -1.38888889
  5.06000000  -1.38339921  -1.38339921  -1.38339921
  5.08000000  -1.37795276  -1.37795276  -1.37795276
  5.10000000  -1.37254902  -1.37254902  -1.37254902
  5.12000000  -1.36718750  -1.36718750  -1.36718750
  5.14000000  -1.36186770  -1.36186770  -1.36186770
  5.16000000  -1.35658915  -1.35658915  -1.35658915
  5.18000000  -1.35135135  -1.35135135  -1.35135135
  5.20000000  -1.34615385  -1.34615385  -1.34615385
  5.22000000  -1.34099617  -1.34099617  -1.34099617
  5.24000000  -1.33587786  -1.33587786  -1.33587786
  5.26000000  -1.33079848  -1.33079848  -1.33079848
  5.28000000  -1.32575758  -1.32575758  -1.32575758
  5.30000000  -1.32075472  -1.32075472  -1.32075472
  5.32000000  -1.31578947  -1.31578947  -1.31578947
  5.34000000  -1.31086142  -1.31086142  -1.31086142
  5.36000000  -1.30597015  -1.30597015  -1.30597015
  5.38000000  -1.30111524  -1.30111524  -1.30111524
  5.40000000  -1.29629630  -1.29629630  -1.29629630
  5.42000000  -1.29151292  -1.29151292  -1.29151292
  5.44000000  -1.28676471  -1.28676471  -1.28676471
  5.46000000  -1.28205128  -1.28205128  -1.28205128
  5.48000000  -1.27737226  -1.27737226  -1.27737226
  5.50000000  -1.27272727  -1.27272727  -1.27272727
  5.52000000  -1.26811594  -1.26811594  -1.26811594
  5.54000000  -1.26353791  -1.26353791  -1.26353791
  5.56000000  -1.25899281  -1.25899281  -1.25899281
  5.58000000  -1.25448029  -1.25448029  -1.25448029
  5.60000000  -1.25000000  -1.25000000  -1.25000000
  5.62000000  -1.24555160  -1.24555160  -1.24555160
  5.64000000  -1.24113475  -1.24113475  -1.24113475
  5.66000000  -1.23674912  -1.23674912  -1.23674912
  5.68000000  -1.23239437  -1.23239437  -1.23239437
  5.70000000  -1.22807018  -1.22807018  -1.22807018
  5.72000000  -1.22377622  -1.22377622  -1.22377622
  5.74000000  -1.21951220  -1.21951220  -1.21951220
  5.76000000  -1.21527778  -1.21527778  -1.21527778
  5.78000000  -1.21107266  -1.21107266  -1.21107266
  5.80000000  -1.20689655  -1.20689655  -1.20689655
  5.82000000  -1.20274914  -1.20274914  -1.20274914
  5.84000000  -1.19863014  -1.19863014  -1.19863014
  5.86000000  -1.19453925  -1.19453925  -1.19453925
  5.88000000  -1.19047619  -1.19047619  -1.19047619
  5.90000000  -1.18644068  -1.18644068  -1.18644068
  5.92000000  -1.18243243  -1.18243243  -1.18243243
  5.94000000  -1.17845118  -1.17845118  -1.17845118
  5.96000000  -1.17449664  -1.17449664  -1.17449664
  5.98000000  -1.17056856  -1.17056856  -1.17056856
  6.00000000  -1.16666667  -1.16666667  -1.16666667
  6.02000000  -1.16279070  -1.16279070  -1.16279070
  6.04000000  -1.15894040  -1.15894040  -1.15894040
  6.06000000  -1.15511551  -1.15511551  -1.15511551
  6.08000000  -1.15131579  -1.15131579  -1.15131579
  6.10000000  -1.14754098  -1.14754098  -1.14754098
  6.12000000  -1.14379085  -1.14379085  -1.14379085
  6.14000000  -1.14006515  -1.14006515  -1.14006515
  6.16000000  -1.13636364  -1.13636364  -1.13636364
  6.18000000  -1.13268608  -1.13268608  -1.13268608
  6.20000000  -1.12903226  -1.12903226  -1.12903226
  6.22000000  -1.12540193  -1.12540193  -1.12540193
  6.24000000  -1.12179487  -1.12179487  -1.12179487
  6.26000000  -1.11821086  -1.11821086  -1.11821086
  6.28000000  -1.11464968  -1.11464968  -1.11464968
  6.30000000  -1.11111111  -1.11111111  -1.11111111
  6.32000000  -1.10759494  -1.10759494  -1.10759494
  6.34000000  -1.10410095  -1.10410095  -1.10410095
  6.36000000  -1.10062893  -1.10062893  -1.10062893
  6.38000000  -1.09717868  -1.09717868  -1.09717868
  6.40000000  -1.09375000  -1.09375000  -1.09375000
  6.42000000  -1.09034268  -1.09034268  -1.09034268
  6.44000000  -1.08695652  -1.08695652  -1.08695652
  6.46000000  -1.08359133  -1.08359133  -1.08359133
  6.48000000  -1.08024691  -1.08024691  -1.08024691
  6.50000000  -1.07692308  -1.07692308  -1.07692308
  6.52000000  -1.07361963  -1.07361963  -1.07361963
  6.54000000  -1.07033639  -1.07033639  -1.07033639
  6.56000000  -1.06707317  -1.06707317  -1.06707317
  6.58000000  -1.06382979  -1.06382979  -1.06382979
  6.60000000  -1.06060606  -1.06060606  -1.06060606
  6.62000000  -1.05740181  -1.05740181  -1.05740181
  6.64000000  -1.05421687  -1.05421687  -1.05421687
  6.66000000  -1.05105105  -1.05105105  -1.05105105
  6.68000000  -1.04790419  -1.04790419  -1.04790419
  6.70000000  -1.04477612  -1.04477612  -1.04477612
  6.72000000  -1.04166667  -1.04166667  -1.04166667
  6.74000000  -1.03857567  -1.03857567  -1.03857567
  6.76000000  -1.03550296  -1.03550296  -1.03550296
  6.78000000  -1.03244838  -1.03244838  -1.03244838
  6.80000000  -1.02941176  -1.02941176  -1.02941176
  6.82000000  -1.02639296  -1.02639296  -1.02639296
  6.84000000  -1.02339181  -1.02339181  -1.02339181
  6.86000000  -1.02040816  -1.02040816  -1.02040816
  6.88000000  -1.01744186  -1.01744186  -1.01744186
  6.90000000  -1.01449275  -1.01449275  -1.01449275
  6.92000000  -1.01156069  -1.01156069  -1.01156069
  6.94000000  -1.00864553  -1.00864553  -1.00864553
  6.96000000  -1.00574713  -1.00574713  -1.00574713
  6.98000000  -1.00286533  -1.00286533  -1.00286533
  7.00000000  -1.00000000  -1.00000000  -1.00000000
  7.02000000  -0.99715100  -0.99715100  -0.99715100
  7.04000000  -0.99431818  -0.99431818  -0.99431818
  7.06000000  -0.99150142  -0.99150142  -0.99150142
  7.08000000  -0.98870056  -0.98870056  -0.98870056
  7.10000000  -0.98591549  -0.98591549  -0.98591549
  7.12000000  -0.98314607  -0.98314607  -0.98314607
  7.14000000  -0.98039216  -0.98039216  -0.98039216
  7.16000000  -0.97765363  -0.97765363  -0.97765363
  7.18000000  -0.97493036  -0.97493036  -0.97493036
  7.20000000  -0.97222222  -0.97222222  -0.97222222
  7.22000000  -0.96952909  -0.96952909  -0.96952909
  7.24000000  -0.96685083  -0.96685083  -0.96685083
  7.26000000  -0.96418733  -0.96418733  -0.96418733
  7.28000000  -0.96153846  -0.96153846  -0.96153846
  7.30000000  -0.95890411  -0.95890411  -0.95890411
  7.32000000  -0.95628415  -0.95628415  -0.95628415
  7.34000000  -0.95367847  -0.95367847  -0.95367847
  7.36000000  -0.95108696  -0.95108696  -0.95108696
  7.38000000  -0.94850949  -0.94850949  -0.94850949
  7.40000000  -0.94594595  -0.94594595  -0.94594595
  7.42000000  -0.94339623  -0.94339623  -0.94339623
  7.44000000  -0.94086022  -0.94086022  -0.94086022
  7.46000000  -0.93833780  -0.93833780  -0.93833780
  7.48000000  -0.93582888  -0.93582888  -0.93582888
  7.50000000  -0.93333333  -0.93333333  -0.93333333
  7.52000000  -0.93085106  -0.93085106  -0.93085106
  7.54000000  -0.92838196  -0.92838196  -0.92838196
  7.56000000  -0.92592593  -0.92592593  -0.92592593
  7.58000000  -0.92348285  -0.92348285  -0.92348285
  7.60000000  -0.92105263  -0.92105263  -0.92105263
  7.62000000  -0.91863517  -0.91863517  -0.91863517
  7.64000000  -0.91623037  -0.91623037  -0.91623037
  7.66000000  -0.91383812  -0.91383812  -0.91383812
  7.68000000  -0.91145833  -0.91145833  -0.91145833
  7.70000000  -0.90909091  -0.90909091  -0.90909091
  7.72000000  -0.90673575  -0.90673575  -0.90673575
  7.74000000  -0.90439276  -0.90439276  -0.90439276
  7.76000000  -0.90206186  -0.90206186  -0.90206186
  7.78000000  -0.89974293  -0.89974293  -0.89974293
  7.80000000  -0.89743590  -0.89743590  -0.89743590
  7.82000000  -0.89514066  -0.89514066  -0.89514066
  7.84000000  -0.89285714  -0.89285714  -0.89285714
  7.86000000  -0.89058524  -0.89058524  -0.89058524
  7.88000000  -0.88832487  -0.88832487  -0.88832487
  7.90000000  -0.88607595  -0.88607595  -0.88607595
  7.92000000  -0.88383838  -0.88383838  -0.88383838
  7.94000000  -0.88161209  -0.88161209  -0.88161209
  7.96000000  -0.87939698  -0.87939698  -0.87939698
  7.98000000  -0.87719298  -0.87719298  -0.87719298
  8.00000000  -0.87500000  -0.87500000  -0.87500000
  8.02000000  -0.87281796  -0.87281796  -0.87281796
  8.04000000  -0.87064677  -0.87064677  -0.87064677
  8.06000000  -0.86848635  -0.86848635  -0.86848635
  8.08000000  -0.86633663  -0.86633663  -0.86633663
  8.10000000  -0.86419753  -0.86419753  -0.86419753
  8.12000000  -0.86206897  -0.86206897  -0.86206897
  8.14000000  -0.85995086  -0.85995086  -0.85995086
  8.16000000  -0.85784314  -0.85784314  -0.85784314
  8.18000000  -0.85574572  -0.85574572  -0.85574572
  8.20000000  -0.85365854  -0.85365854  -0.85365854
  8.22000000  -0.85158151  -0.85158151  -0.85158151
  8.24000000  -0.84951456  -0.84951456  -0.84951456
  8.26000000  -0.84745763  -0.84745763  -0.84745763
  8.28000000  -0.84541063  -0.84541063  -0.84541063
  8.30000000  -0.84337349  -0.84337349  -0.84337349
  8.32000000  -0.84134615  -0.84134615  -0.84134615
  8.34000000  -0.83932854  -0.83932854  -0.83932854
  8.36000000  -0.83732057  -0.83732057  -0.83732057
  8.38000000  -0.83532220  -0.83532220  -0.83532220
  8.40000000  -0.83333333  -0.83333333  -0.83333333
  8.42000000  -0.83135392  -0.83135392  -0.83135392
  8.44000000  -0.82938389  -0.82938389  -0.82938389
  8.46000000  -0.82742317  -0.82742317  -0.82742317
  8.48000000  -0.82547170  -0.82547170  -0.82547170
  8.50000000  -0.82352941  -0.82352941  -0.82352941
  8.52000000  -0.82159624  -0.82159624  -0.82159624
  8.54000000  -0.81967213  -0.81967213  -0.81967213
  8.56000000  -0.81775701  -0.81775701  -0.81775701
  8.58000000  -0.81585082  -0.81585082  -0.81585082
  8.60000000  -0.81395349  -0.81395349  -0.81395349
  8.62000000  -0.81206497  -0.81206497  -0.81206497
  8.64000000  -0.81018519  -0.81018519  -0.81018519
  8.66000000  -0.80831409  -0.80831409  -0.80831409
  8.68000000  -0.80645161  -0.80645161  -0.80645161
  8.70000000  -0.80459770  -0.80459770  -0.80459770
  8.72000000  -0.80275229  -0.80275229  -0.80275229
  8.74000000  -0.80091533  -0.80091533  -0.80091533
  8.76000000  -0.79908676  -0.79908676  -0.79908676
  8.78000000  -0.79726651  -0.79726651  -0.79726651
  8.80000000  -0.79545455  -0.79545455  -0.79545455
  8.82000000  -0.79365079  -0.79365079  -0.79365079
  8.84000000  -0.79185520  -0.79185520  -0.79185520
  8.86000000  -0.79006772  -0.79006772  -0.79006772
  8.88000000  -0.78828829  -0.78828829  -0.78828829
  8.90000000  -0.78651685  -0.78651685  -0.78651685
  8.92000000  -0.78475336  -0.78475336  -0.78475336
  8.94000000  -0.78299776  -0.78299776  -0.78299776
  8.96000000  -0.78125000  -0.78125000  -0.78125000
  8.98000000  -0.77951002  -0.77951002  -0.77951002
  9.00000000  -0.77777778  -0.77777778  -0.77777778
  9.02000000  -0.77605322  -0.77605322  -0.77605322
  9.04000000  -0.77433628  -0.77433628  -0.77433628
  9.06000000  -0.77262693  -0.77262693  -0.77262693
  9.08000000  -0.77092511  -0.77092511  -0.77092511
  9.10000000  -0.76923077  -0.76923077  -0.76923077
  9.12000000  -0.76754386  -0.76754386  -0.76754386
  9.14000000  -0.76586433  -0.76586433  -0.76586433
  9.16000000  -0.76419214  -0.76419214  -0.76419214
  9.18000000  -0.76252723  -0.76252723  -0.76252723
  9.20000000  -0.76086957  -0.76086957  -0.76086957
  9.22000000  -0.75921909  -0.75921909  -0.75921909
  9.24000000  -0.75757576  -0.75757576  -0.75757576
  9.26000000  -0.75593952  -0.75593952  -0.75593952
  9.28000000  -0.75431034  -0.75431034  -0.75431034
  9.30000000  -0.75268817  -0.75268817  -0.75268817
  9.32000000  -0.75107296  -0.75107296  -0.75107296
  9.34000000  -0.74946467  -0.74946467  -0.74946467
  9.36000000  -0.74786325  -0.74786325  -0.74786325
  9.38000000  -0.74626866  -0.74626866  -0.74626866
  9.40000000  -0.74468085  -0.74468085  -0.74468085
  9.42000000  -0.74309979  -0.74309979  -0.74309979
  9.44000000  -0.74152542  -0.74152542  -0.74152542
  9.46000000  -0.73995772  -0.73995772  -0.73995772
  9.48000000  -0.73839662  -0.73839662  -0.73839662
  9.50000000  -0.73684211  -0.73684211  -0.73684211
  9.52000000  -0.73529412  -0.73529412  -0.73529412
  9.54000000  -0.73375262  -0.73375262  -0.73375262
  9.56000000  -0.73221757  -0.73221757  -0.73221757
  9.58000000  -0.73068894  -0.73068894  -0.73068894
  9.60000000  -0.72916667  -0.72916667  -0.72916667
  9.62000000  -0.72765073  -0.72765073  -0.72765073
  9.64000000  -0.72614108  -0.72614108  -0.72614108
  9.66000000  -0.72463768  -0.72463768  -0.72463768
  9.68000000  -0.72314050  -0.72314050  -0.72314050
  9.70000000  -0.72164948  -0.72164948  -0.72164948
  9.72000000  -0.72016461  -0.72016461  -0.72016461
  9.74000000  -0.71868583  -0.71868583  -0.71868583
  9.76000000  -0.71721311  -0.71721311  -0.71721311
  9.78000000  -0.71574642  -0.71574642  -0.71574642
  9.80000000  -0.71428571  -0.71428571  -0.71428571
  9.82000000  -0.71283096  -0.71283096  -0.71283096
  9.84000000  -0.71138211  -0.71138211  -0.71138211
  9.86000000  -0.70993915  -0.70993915  -0.70993915
  9.88000000  -0.70850202  -0.70850202  -0.70850202
  9.90000000  -0.70707071  -0.70707071  -0.70707071
  9.92000000  -0.70564516  -0.70564516  -0.70564516
  9.94000000  -0.70422535  -0.70422535  -0.70422535
  9.96000000  -0.70281124  -0.70281124  -0.70281124
  9.98000000  -0.70140281  -0.70140281  -0.70140281
 10.00000000  -0.70000000  -0.70000000  -0.70000000
  0.00001471   0.00000833   0.00000000   0.00000000
  0.02000000   0.01133644   0.00040405   0.00000001
  0.04000000   0.02268734   0.00161539   0.00000010
  0.06000000   0.03406717   0.00363166   0.00000035
  0.08000000   0.04549044   0.00644888   0.00000083
  0.10000000   0.05697172   0.01006151   0.00000162
  0.12000000   0.06852561   0.01446245   0.00000279
  0.14000000   0.08016682   0.01964302   0.00000439
  0.16000000   0.09191008   0.02559303   0.00000651
  0.18000000   0.10377021   0.03230074   0.00000919
  0.20000000   0.11576206   0.03975291   0.00001248
  0.22000000   0.12790049   0.04793483   0.00001644
  0.24000000   0.14020036   0.05683028   0.00002109
  0.26000000   0.15267646   0.06642163   0.00002647
  0.28000000   0.16534342   0.07668981   0.00003261
  0.30000000   0.17821571   0.08761434   0.00003952
  0.32000000   0.19130748   0.09917338   0.00004720
  0.34000000   0.20463249   0.11134371   0.00005566
  0.36000000   0.21820397   0.12410079   0.00006489
  0.38000000   0.23203451   0.13741878   0.00007487
  0.40000000   0.24613586   0.15127055   0.00008558
  0.42000000   0.26051880   0.16562770   0.00009700
  0.44000000   0.27519291   0.18046064   0.00010908
  0.46000000   0.29016638   0.19573854   0.00012178
  0.48000000   0.30544579   0.21142945   0.00013506
  0.50000000   0.32103588   0.22750025   0.00014887
  0.52000000   0.33693925   0.24391677   0.00016314
  0.54000000   0.35315616   0.26064378   0.00017783
  0.56000000   0.36968424   0.27764508   0.00019286
  0.58000000   0.38651817   0.29488352   0.00020819
  0.60000000   0.40364950   0.31232109   0.00022374
  0.62000000   0.42106631   0.32991901   0.00023946
  0.64000000   0.43875300   0.34763778   0.00025529
  0.66000000   0.45669002   0.36543730   0.00027118
  0.68000000   0.47485373   0.38327694   0.00028706
  0.70000000   0.49321616   0.40111573   0.00030288
  0.72000000   0.51174493   0.41891240   0.00031862
  0.74000000   0.53040314   0.43662558   0.00033421
  0.76000000   0.54914940   0.45421392   0.00034963
  0.78000000   0.56793784   0.47163630   0.00036485
  0.80000000   0.58671825   0.48885192   0.00037984
  0.82000000   0.60543632   0.50582058   0.00039457
  0.84000000   0.62403388   0.52250279   0.00040905
  0.86000000   0.64244934   0.53886004   0.00042326
  0.88000000   0.66061815   0.55485493   0.00043719
  0.90000000   0.67847335   0.57045144   0.00045086
  0.92000000   0.69594628   0.58561511   0.00046425
  0.94000000   0.71296725   0.60031323   0.00047740
  0.96000000   0.72946638   0.61451506   0.00049031
  0.98000000   0.74537447   0.62819203   0.00050299
  1.00000000   0.76062389   0.64131790   0.00051548
  1.02000000   0.77514950   0.65386893   0.00052779
  1.04000000   0.78888960   0.66582404   0.00053996
  1.06000000   0.80178682   0.67716491   0.00055200
  1.08000000   0.81378901   0.68787613   0.00056395
  1.10000000   0.82485002   0.69794526   0.00057584
  1.12000000   0.83493043   0.70736287   0.00058769
  1.14000000   0.84399814   0.71612258   0.00059953
  1.16000000   0.85202888   0.72422106   0.00061140
  1.18000000   0.85900652   0.73165798   0.00062332
  1.20000000   0.86492325   0.73843594   0.00063531
  1.22000000   0.86977962   0.74456039   0.00064740
  1.24000000   0.87358441   0.75003950   0.00065962
  1.26000000   0.87635428   0.75488396   0.00067198
  1.28000000   0.87811337   0.75910685   0.00068450
  1.30000000   0.87889265   0.76272340   0.00069719
  1.32000000   0.87872924   0.76575078   0.00071008
  1.34000000   0.87766553   0.76820782   0.00072317
  1.36000000   0.87574830   0.77011478   0.00073647
  1.38000000   0.87302773   0.77149306   0.00074999
  1.40000000   0.86955636   0.77236493   0.00076374
  1.42000000   0.86538812   0.77275325   0.00077771
  1.44000000   0.86057727   0.77268117   0.00079190
  1.46000000   0.85517751   0.77217192   0.00080633
  1.48000000   0.84924105   0.77124851   0.00082098
  1.50000000   0.84281783   0.76993354   0.00083587
  1.52000000   0.83595492   0.76824894   0.00085098
  1.54000000   0.82869592   0.76621587   0.00086632
  1.56000000   0.82108068   0.76385454   0.00088188
  1.58000000   0.81314516   0.76118412   0.00089768
  1.60000000   0.80492141   0.75822274   0.00091372
  1.62000000   0.79643799   0.75498747   0.00093000
  1.64000000   0.78772041   0.75149442   0.00094653
  1.66000000   0.77879203   0.74775891   0.00096332
  1.68000000   0.76967482   0.74379558   0.00098037
  1.70000000   0.76038959   0.73961851   0.00099770
  1.72000000   0.75095604   0.73524118   0.00101531
  1.74000000   0.74139280   0.73067653   0.00103321
  1.76000000   0.73171751   0.72593695   0.00105141
  1.78000000   0.72194680   0.72103428   0.00106992
  1.80000000   0.71209638   0.71597988   0.00108874
  1.82000000   0.70218103   0.71078460   0.00110788
  1.84000000   0.69221469   0.70545880   0.00112736
  1.86000000   0.68221045   0.70001238   0.00114717
  1.88000000   0.67218062   0.69445482   0.00116734
  1.90000000   0.66213675   0.68879514   0.00118786
  1.92000000   0.65208967   0.68304194   0.00120875
  1.94000000   0.64204951   0.67720343   0.00123001
  1.96000000   0.63202576   0.67128745   0.00125165
  1.98000000   0.62202726   0.66530145   0.00127368
  2.00000000   0.61206228   0.65925251   0.00129612
  2.02000000   0.60213850   0.65314741   0.00131896
  2.04000000   0.59226308   0.64699257   0.00134222
  2.06000000   0.58244265   0.64079410   0.00136590
  2.08000000   0.57268336   0.63455780   0.00139002
  2.10000000   0.56299092   0.62828921   0.00141458
  2.12000000   0.55337057   0.62199356   0.00143959
  2.14000000   0.54382715   0.61567582   0.00146507
  2.16000000   0.53436511   0.60934073   0.00149101
  2.18000000   0.52498853   0.60299275   0.00151744
  2.20000000   0.51570112   0.59663613   0.00154435
  2.22000000   0.50650628   0.59027489   0.00157177
  2.24000000   0.49740708   0.58391284   0.00159969
  2.26000000   0.48840631   0.57755358   0.00162813
  2.28000000   0.47950646   0.57120052   0.00165709
  2.30000000   0.47070976   0.56485688   0.00168660
  2.32000000   0.46201820   0.55852570   0.00171665
  2.34000000   0.45343354   0.55220985   0.00174726
  2.36000000   0.44495729   0.54591205   0.00177844
  2.38000000   0.43659079   0.53963485   0.00181019
  2.40000000   0.42833515   0.53338065   0.00184253
  2.42000000   0.42019131   0.52715172   0.00187548
  2.44000000   0.41216005   0.52095019   0.00190903
  2.46000000   0.40424196   0.51477806   0.00194320
  2.48000000   0.39643751   0.50863720   0.00197801
  2.50000000   0.38874700   0.50252939   0.00201345
  2.52000000   0.38117061   0.49645626   0.00204956
  2.54000000   0.37370839   0.49041935   0.00208632
  2.56000000   0.36636029   0.48442012   0.00212377
  2.58000000   0.35912612   0.47845989   0.00216191
  2.60000000   0.35200562   0.47253992   0.00220074
  2.62000000   0.34499841   0.46666138   0.00224030
  2.64000000   0.33810404   0.46082534   0.00228057
  2.66000000   0.33132198   0.45503280   0.00232159
  2.68000000   0.32465160   0.44928469   0.00236336
  2.70000000   0.31809223   0.44358184   0.00240589
  2.72000000   0.31164312   0.43792505   0.00244920
  2.74000000   0.30530346   0.43231503   0.00249330
  2.76000000   0.29907239   0.42675242   0.00253821
  2.78000000   0.29294899   0.42123783   0.00258393
  2.80000000   0.28693231   0.41577179   0.00263049
  2.82000000   0.28102134   0.41035477   0.00267790
  2.84000000   0.27521505   0.40498722   0.00272616
  2.86000000   0.26951235   0.39966951   0.00277531
  2.88000000   0.26391215   0.39440197   0.00282534
  2.90000000   0.25841330   0.38918491   0.00287628
  2.92000000   0.25301465   0.38401856   0.00292815
  2.94000000   0.24771502   0.37890314   0.00298095
  2.96000000   0.24251319   0.37383881   0.00303470
  2.98000000   0.23740795   0.36882572   0.00308943
  3.00000000   0.23239807   0.36386397   0.00314514
  3.02000000   0.22748229   0.35895361   0.00320185
  3.04000000   0.22265936   0.35409470   0.00325959
  3.06000000   0.21792801   0.34928725   0.00331836
  3.08000000   0.21328695   0.34453122   0.00337819
  3.10000000   0.20873492   0.33982658   0.00343910
  3.12000000   0.20427062   0.33517327   0.00350109
  3.14000000   0.19989277   0.33057118   0.00356420
  3.16000000   0.19560008   0.32602020   0.00362843
  3.18000000   0.19139126   0.32152020   0.00369381
  3.20000000   0.18726502   0.31707101   0.00376037
  3.22000000   0.18322009   0.31267248   0.00382811
  3.24000000   0.17925518   0.30832440   0.00389706
  3.26000000   0.17536902   0.30402656   0.00396723
  3.28000000   0.17156034   0.29977874   0.00403866
  3.30000000   0.16782787   0.29558071   0.00411136
  3.32000000   0.16417037   0.29143221   0.00418535
  3.34000000   0.16058657   0.28733297   0.00426066
  3.36000000   0.15707526   0.28328271   0.00433731
  3.38000000   0.15363519   0.27928116   0.00441531
  3.40000000   0.15026515   0.27532799   0.00449470
  3.42000000   0.14696393   0.27142291   0.00457550
  3.44000000   0.14373033   0.26756560   0.00465772
  3.46000000   0.14056318   0.26375572   0.00474141
  3.48000000   0.13746128   0.25999294   0.00482657
  3.50000000   0.13442348   0.25627691   0.00491324
  3.52000000   0.13144864   0.25260729   0.00500144
  3.54000000   0.12853562   0.24898372   0.00509120
  3.56000000   0.12568328   0.24540582   0.00518254
  3.58000000   0.12289053   0.24187324   0.00527549
  3.60000000   0.12015627   0.23838560   0.00537008
  3.62000000   0.11747941   0.23494251   0.00546634
  3.64000000   0.11485888   0.23154360   0.00556430
  3.66000000   0.11229364   0.22818848   0.00566397
  3.68000000   0.10978263   0.22487676   0.00576541
  3.70000000   0.10732484   0.22160804   0.00586862
  3.72000000   0.10491925   0.21838193   0.00597365
  3.74000000   0.10256487   0.21519803   0.00608053
  3.76000000   0.10026070   0.21205594   0.00618928
  3.78000000   0.09800579   0.20895526   0.00629994
  3.80000000   0.09579917   0.20589558   0.00641254
  3.82000000   0.09363990   0.20287649   0.00652712
  3.84000000   0.09152707   0.19989760   0.00664371
  3.86000000   0.08945976   0.19695849   0.00676234
  3.88000000   0.08743707   0.19405877   0.00688305
  3.90000000   0.08545812   0.19119801   0.00700587
  3.92000000   0.08352204   0.18837581   0.00713084
  3.94000000   0.08162797   0.18559177   0.00725800
  3.96000000   0.07977508   0.18284548   0.00738738
  3.98000000   0.07796253   0.18013653   0.00751903
  4.00000000   0.07618952   0.17746452   0.00765297
  4.02000000   0.07445525   0.17482904   0.00778926
  4.04000000   0.07275892   0.17222969   0.00792793
  4.06000000   0.07109978   0.16966607   0.00806902
  4.08000000   0.06947705   0.16713777   0.00821257
  4.10000000   0.06789000   0.16464439   0.00835863
  4.12000000   0.06633788   0.16218554   0.00850724
  4.14000000   0.06481999   0.15976082   0.00865844
  4.16000000   0.06333562   0.15736984   0.00881228
  4.18000000   0.06188406   0.15501220   0.00896880
  4.20000000   0.06046464   0.15268751   0.00912804
  4.22000000   0.05907670   0.15039539   0.00929006
  4.24000000   0.05771956   0.14813544   0.00945491
  4.26000000   0.05639260   0.14590729   0.00962262
  4.28000000   0.05509517   0.14371055   0.00979325
  4.30000000   0.05382666   0.14154484   0.00996686
  4.32000000   0.05258645   0.13940978   0.01014348
  4.34000000   0.05137395   0.13730501   0.01032318
  4.36000000   0.05018858   0.13523015   0.01050601
  4.38000000   0.04902974   0.13318482   0.01069201
  4.40000000   0.04789689   0.13116868   0.01088125
  4.42000000   0.04678947   0.12918134   0.01107377
  4.44000000   0.04570693   0.12722245   0.01126965
  4.46000000   0.04464875   0.12529166   0.01146892
  4.48000000   0.04361439   0.12338861   0.01167166
  4.50000000   0.04260336   0.12151294   0.01187792
  4.52000000   0.04161514   0.11966431   0.01208776
  4.54000000   0.04064924   0.11784238   0.01230124
  4.56000000   0.03970519   0.11604679   0.01251843
  4.58000000   0.03878251   0.11427722   0.01273939
  4.60000000   0.03788073   0.11253331   0.01296418
  4.62000000   0.03699941   0.11081475   0.01319287
  4.64000000   0.03613810   0.10912120   0.01342553
  4.66000000   0.03529635   0.10745233   0.01366222
  4.68000000   0.03447376   0.10580781   0.01390302
  4.70000000   0.03366989   0.10418734   0.01414799
  4.72000000   0.03288433   0.10259058   0.01439720
  4.74000000   0.03211669   0.10101723   0.01465074
  4.76000000   0.03136658   0.09946697   0.01490866
  4.78000000   0.03063359   0.09793950   0.01517106
  4.80000000   0.02991737   0.09643450   0.01543800
  4.82000000   0.02921754   0.09495169   0.01570956
  4.84000000   0.02853373   0.09349075   0.01598583
  4.86000000   0.02786560   0.09205140   0.01626687
  4.88000000   0.02721279   0.09063334   0.01655278
  4.90000000   0.02657497   0.08923628   0.01684364
  4.92000000   0.02595180   0.08785993   0.01713953
  4.94000000   0.02534296   0.08650402   0.01744054
  4.96000000   0.02474812   0.08516826   0.01774676
  4.98000000   0.02416699   0.08385238   0.01805827
  5.00000000   0.02359924   0.08255610   0.01837517
  5.02000000   0.02304458   0.08127915   0.01869755
  5.04000000   0.02250272   0.08002127   0.01902550
  5.06000000   0.02197338   0.07878218   0.01935912
  5.08000000   0.02145626   0.07756164   0.01969851
  5.10000000   0.02095110   0.07635937   0.02004376
  5.12000000   0.02045763   0.07517513   0.02039497
  5.14000000   0.01997559   0.07400866   0.02075225
  5.16000000   0.01950471   0.07285972   0.02111570
  5.18000000   0.01904474   0.07172805   0.02148543
  5.20000000   0.01859545   0.07061342   0.02186154
  5.22000000   0.01815658   0.06951558   0.02224414
  5.24000000   0.01772791   0.06843430   0.02263335
  5.26000000   0.01730920   0.06736934   0.02302927
  5.28000000   0.01690022   0.06632047   0.02343203
  5.30000000   0.01650076   0.06528746   0.02384173
  5.32000000   0.01611060   0.06427008   0.02425850
  5.34000000   0.01572953   0.06326812   0.02468246
  5.36000000   0.01535734   0.06228134   0.02511374
  5.38000000   0.01499382   0.06130954   0.02555245
  5.40000000   0.01463879   0.06035250   0.02599872
  5.42000000   0.01429205   0.05941001   0.02645268
  5.44000000   0.01395340   0.05848185   0.02691447
  5.46000000   0.01362267   0.05756783   0.02738422
  5.48000000   0.01329967   0.05666772   0.02786206
  5.50000000   0.01298422   0.05578135   0.02834814
  5.52000000   0.01267616   0.05490849   0.02884259
  5.54000000   0.01237531   0.05404897   0.02934555
  5.56000000   0.01208151   0.05320258   0.02985717
  5.58000000   0.01179460   0.05236914   0.03037761
  5.60000000   0.01151441   0.05154845   0.03090700
  5.62000000   0.01124080   0.05074033   0.03144551
  5.64000000   0.01097361   0.04994459   0.03199329
  5.66000000   0.01071269   0.04916106   0.03255049
  5.68000000   0.01045791   0.04838956   0.03311728
  5.70000000   0.01020911   0.04762990   0.03369382
  5.72000000   0.00996616   0.04688191   0.03428028
  5.74000000   0.00972893   0.04614543   0.03487682
  5.76000000   0.00949728   0.04542027   0.03548362
  5.78000000   0.00927108   0.04470629   0.03610086
  5.80000000   0.00905021   0.04400330   0.03672871
  5.82000000   0.00883455   0.04331115   0.03736735
  5.84000000   0.00862396   0.04262967   0.03801697
  5.86000000   0.00841835   0.04195872   0.03867775
  5.88000000   0.00821759   0.04129812   0.03934988
  5.90000000   0.00802156   0.04064773   0.04003356
  5.92000000   0.00783016   0.04000740   0.04072899
  5.94000000   0.00764328   0.03937697   0.04143635
  5.96000000   0.00746082   0.03875630   0.04215587
  5.98000000   0.00728267   0.03814525   0.04288774
  6.00000000   0.00710874   0.03754366   0.04363217
  6.02000000   0.00693891   0.03695140   0.04438938
  6.04000000   0.00677311   0.03636832   0.04515959
  6.06000000   0.00661123   0.03579429   0.04594302
  6.08000000   0.00645318   0.03522918   0.04673988
  6.10000000   0.00629888   0.03467285   0.04755042
  6.12000000   0.00614823   0.03412516   0.04837486
  6.14000000   0.00600116   0.03358599   0.04921344
  6.16000000   0.00585757   0.03305520   0.05006640
  6.18000000   0.00571739   0.03253268   0.05093399
  6.20000000   0.00558053   0.03201830   0.05181644
  6.22000000   0.00544692   0.03151193   0.05271403
  6.24000000   0.00531648   0.03101345   0.05362699
  6.26000000   0.00518914   0.03052275   0.05455561
  6.28000000   0.00506483   0.03003970   0.05550013
  6.30000000   0.00494347   0.02956419   0.05646083
  6.32000000   0.00482499   0.02909610   0.05743799
  6.34000000   0.00470933   0.02863533   0.05843188
  6.36000000   0.00459643   0.02818175   0.05944279
  6.38000000   0.00448620   0.02773527   0.06047101
  6.40000000   0.00437861   0.02729577   0.06151683
  6.42000000   0.00427357   0.02686315   0.06258056
  6.44000000   0.00417103   0.02643730   0.06366248
  6.46000000   0.00407094   0.02601811   0.06476292
  6.48000000   0.00397323   0.02560549   0.06588219
  6.50000000   0.00387785   0.02519934   0.06702061
  6.52000000   0.00378474   0.02479956   0.06817849
  6.54000000   0.00369385   0.02440604   0.06935618
  6.56000000   0.00360513   0.02401870   0.07055401
  6.58000000   0.00351853   0.02363744   0.07177231
  6.60000000   0.00343399   0.02326216   0.07301144
  6.62000000   0.00335147   0.02289277   0.07427175
  6.64000000   0.00327092   0.02252919   0.07555360
  6.66000000   0.00319229   0.02217132   0.07685735
  6.68000000   0.00311554   0.02181908   0.07818337
  6.70000000   0.00304063   0.02147238   0.07953205
  6.72000000   0.00296750   0.02113113   0.08090376
  6.74000000   0.00289613   0.02079525   0.08229890
  6.76000000   0.00282645   0.02046466   0.08371786
  6.78000000   0.00275845   0.02013927   0.08516104
  6.80000000   0.00269207   0.01981900   0.08662886
  6.82000000   0.00262728   0.01950379   0.08812173
  6.84000000   0.00256404   0.01919354   0.08964007
  6.86000000   0.00250231   0.01888818   0.09118433
  6.88000000   0.00244206   0.01858763   0.09275493
  6.90000000   0.00238326   0.01829183   0.09435231
  6.92000000   0.00232586   0.01800069   0.09597695
  6.94000000   0.00226983   0.01771415   0.09762929
  6.96000000   0.00221515   0.01743213   0.09930980
  6.98000000   0.00216178   0.01715456   0.10101896
  7.00000000   0.00210969   0.01688138   0.10275725
  7.02000000   0.00205885   0.01661251   0.10452517
  7.04000000   0.00200922   0.01634790   0.10632321
  7.06000000   0.00196079   0.01608746   0.10815190
  7.08000000   0.00191351   0.01583114   0.11001173
  7.10000000   0.00186737   0.01557888   0.11190325
  7.12000000   0.00182234   0.01533061   0.11382697
  7.14000000   0.00177839   0.01508626   0.11578346
  7.16000000   0.00173550   0.01484578   0.11777326
  7.18000000   0.00169363   0.01460911   0.11979693
  7.20000000   0.00165277   0.01437618   0.12185505
  7.22000000   0.00161289   0.01414695   0.12394819
  7.24000000   0.00157397   0.01392134   0.12607695
  7.26000000   0.00153598   0.01369931   0.12824194
  7.28000000   0.00149890   0.01348080   0.13044375
  7.30000000   0.00146272   0.01326575   0.13268301
  7.32000000   0.00142741   0.01305411   0.13496035
  7.34000000   0.00139294   0.01284583   0.13727642
  7.36000000   0.00135931   0.01264085   0.13963187
  7.38000000   0.00132648   0.01243912   0.14202736
  7.40000000   0.00129444   0.01224059   0.14446357
  7.42000000   0.00126317   0.01204521   0.14694118
  7.44000000   0.00123266   0.01185293   0.14946088
  7.46000000   0.00120288   0.01166371   0.15202340
  7.48000000   0.00117381   0.01147749   0.15462946
  7.50000000   0.00114545   0.01129423   0.15727977
  7.52000000   0.00111777   0.01111387   0.15997510
  7.54000000   0.00109075   0.01093639   0.16271619
  7.56000000   0.00106438   0.01076172   0.16550382
  7.58000000   0.00103865   0.01058983   0.16833878
  7.60000000   0.00101354   0.01042067   0.17122185
  7.62000000   0.00098904   0.01025420   0.17415385
  7.64000000   0.00096512   0.01009038   0.17713561
  7.66000000   0.00094178   0.00992916   0.18016795
  7.68000000   0.00091901   0.00977051   0.18325174
  7.70000000   0.00089678   0.00961438   0.18638783
  7.72000000   0.00087509   0.00946073   0.18957711
  7.74000000   0.00085392   0.00930953   0.19282046
  7.76000000   0.00083326   0.00916074   0.19611881
  7.78000000   0.00081310   0.00901431   0.19947307
  7.80000000   0.00079343   0.00887022   0.20288419
  7.82000000   0.00077423   0.00872842   0.20635312
  7.84000000   0.00075549   0.00858887   0.20988082
  7.86000000   0.00073720   0.00845155   0.21346830
  7.88000000   0.00071936   0.00831642   0.21711656
  7.90000000   0.00070195   0.00818344   0.22082660
  7.92000000   0.00068495   0.00805258   0.22459948
  7.94000000   0.00066837   0.00792380   0.22843625
  7.96000000   0.00065219   0.00779708   0.23233799
  7.98000000   0.00063640   0.00767237   0.23630577
  8.00000000   0.00062099   0.00754966   0.24034072
  8.02000000   0.00060595   0.00742890   0.24444396
  8.04000000   0.00059127   0.00731006   0.24861663
  8.06000000   0.00057695   0.00719312   0.25285990
  8.08000000   0.00056298   0.00707805   0.25717496
  8.10000000   0.00054934   0.00696481   0.26156301
  8.12000000   0.00053603   0.00685337   0.26602528
  8.14000000   0.00052305   0.00674372   0.27056301
  8.16000000   0.00051037   0.00663581   0.27517746
  8.18000000   0.00049801   0.00652963   0.27986993
  8.20000000   0.00048594   0.00642514   0.28464172
  8.22000000   0.00047416   0.00632232   0.28949416
  8.24000000   0.00046267   0.00622114   0.29442861
  8.26000000   0.00045146   0.00612157   0.29944644
  8.28000000   0.00044052   0.00602359   0.30454904
  8.30000000   0.00042984   0.00592718   0.30973784
  8.32000000   0.00041942   0.00583231   0.31501429
  8.34000000   0.00040925   0.00573895   0.32037984
  8.36000000   0.00039933   0.00564709   0.32583600
  8.38000000   0.00038965   0.00555669   0.33138428
  8.40000000   0.00038020   0.00546773   0.33702623
  8.42000000   0.00037098   0.00538020   0.34276341
  8.44000000   0.00036199   0.00529406   0.34859742
  8.46000000   0.00035321   0.00520930   0.35452988
  8.48000000   0.00034464   0.00512590   0.36056244
  8.50000000   0.00033628   0.00504383   0.36669677
  8.52000000   0.00032813   0.00496307   0.37293458
  8.54000000   0.00032017   0.00488360   0.37927760
  8.56000000   0.00031240   0.00480540   0.38572760
  8.58000000   0.00030482   0.00472845   0.39228635
  8.60000000   0.00029743   0.00465273   0.39895569
  8.62000000   0.00029021   0.00457822   0.40573746
  8.64000000   0.00028317   0.00450490   0.41263353
  8.66000000   0.00027630   0.00443276   0.41964584
  8.68000000   0.00026960   0.00436176   0.42677631
  8.70000000   0.00026305   0.00429191   0.43402693
  8.72000000   0.00025667   0.00422317   0.44139970
  8.74000000   0.00025044   0.00415553   0.44889666
  8.76000000   0.00024436   0.00408897   0.45651990
  8.78000000   0.00023843   0.00402348   0.46427151
  8.80000000   0.00023265   0.00395903   0.47215366
  8.82000000   0.00022700   0.00389562   0.48016851
  8.84000000   0.00022149   0.00383322   0.48831830
  8.86000000   0.00021611   0.00377182   0.49660526
  8.88000000   0.00021087   0.00371140   0.50503170
  8.90000000   0.00020575   0.00365194   0.51359994
  8.92000000   0.00020075   0.00359344   0.52231236
  8.94000000   0.00019588   0.00353588   0.53117135
  8.96000000   0.00019112   0.00347923   0.54017937
  8.98000000   0.00018648   0.00342350   0.54933891
  9.00000000   0.00018196   0.00336865   0.55865249
  9.02000000   0.00017754   0.00331468   0.56812270
  9.04000000   0.00017323   0.00326158   0.57775213
  9.06000000   0.00016902   0.00320933   0.58754346
  9.08000000   0.00016491   0.00315791   0.59749937
  9.10000000   0.00016091   0.00310732   0.60762262
  9.12000000   0.00015700   0.00305753   0.61791601
  9.14000000   0.00015319   0.00300855   0.62838236
  9.16000000   0.00014947   0.00296034   0.63902457
  9.18000000   0.00014584   0.00291291   0.64984557
  9.20000000   0.00014229   0.00286624   0.66084834
  9.22000000   0.00013884   0.00282032   0.67203590
  9.24000000   0.00013547   0.00277513   0.68341136
  9.26000000   0.00013217   0.00273067   0.69497783
  9.28000000   0.00012896   0.00268691   0.70673850
  9.30000000   0.00012583   0.00264386   0.71869661
  9.32000000   0.00012277   0.00260150   0.73085544
  9.34000000   0.00011979   0.00255982   0.74321836
  9.36000000   0.00011688   0.00251880   0.75578874
  9.38000000   0.00011404   0.00247844   0.76857007
  9.40000000   0.00011127   0.00243873   0.78156586
  9.42000000   0.00010857   0.00239965   0.79477966
  9.44000000   0.00010593   0.00236120   0.80821508
  9.46000000   0.00010335   0.00232337   0.82187582
  9.48000000   0.00010084   0.00228614   0.83576578
  9.50000000   0.00009839   0.00224950   0.84988880
  9.52000000   0.00009600   0.00221346   0.86424841
  9.54000000   0.00009367   0.00217799   0.87884810
  9.56000000   0.00009139   0.00214309   0.89369269
  9.58000000   0.00008917   0.00210875   0.90878804
  9.60000000   0.00008700   0.00207496   0.92413777
  9.62000000   0.00008489   0.00204171   0.93974009
  9.64000000   0.00008282   0.00200900   0.95559504
  9.66000000   0.00008081   0.00197680   0.97172288
  9.68000000   0.00007885   0.00194513   0.98815212
  9.70000000   0.00007693   0.00191396   1.00486361
  9.72000000   0.00007506   0.00188329   1.02177308
  9.74000000   0.00007323   0.00185311   1.03885718
  9.76000000   0.00007145   0.00182342   1.05638545
  9.78000000   0.00006972   0.00179420   1.07466799
  9.80000000   0.00006802   0.00176545   1.09320068
  9.82000000   0.00006637   0.00173716   1.11073343
  9.84000000   0.00006475   0.00170933   1.12729164
  9.86000000   0.00006318   0.00168194   1.14687848
  9.88000000   0.00006164   0.00165499   1.17329323
  9.90000000   0.00006014   0.00162847   1.19784586
  9.92000000   0.00005868   0.00160237   1.20317729
  9.94000000   0.00005726   0.00157670   1.19356413
  9.96000000   0.00005586   0.00155143   1.22633693
  9.98000000   0.00005450   0.00152658   1.34991255
 10.00000000   0.00005318   0.00150211   1.43299470
