Cs
1.000000 133.000000 3
2.782171 3.364622 2.782171 2.782171 
501 0.040000
  0.00000455   0.93038857   0.19559038  -0.89257933  -0.72571931
  0.04000000   0.93069600   0.15082520  -0.81418020  -0.65023931
  0.08000000   0.92952795   0.14994746  -0.81616140  -0.65261284
  0.12000000   0.92645278   0.14851183  -0.81931403  -0.65625550
  0.16000000   0.92154954   0.14658808  -0.82348464  -0.66099507
  0.20000000   0.91499178   0.14424889  -0.82851868  -0.66666948
  0.24000000   0.90694968   0.14155570  -0.83428458  -0.67314376
  0.28000000   0.89754398   0.13855071  -0.84068790  -0.68032141
  0.32000000   0.88689840   0.13527296  -0.84764014  -0.68811346
  0.36000000   0.87518026   0.13177063  -0.85503513  -0.69641513
  0.40000000   0.86256266   0.12809188  -0.86276640  -0.70512222
  0.44000000   0.84917357   0.12427167  -0.87075236  -0.71415504
  0.48000000   0.83511804   0.12033805  -0.87892422  -0.72344664
  0.52000000   0.82052996   0.11632671  -0.88719827  -0.73291611
  0.56000000   0.80555668   0.11227731  -0.89548305  -0.74247525
  0.60000000   0.79031221   0.10822076  -0.90370353  -0.75205185
  0.64000000   0.77485944   0.10417411  -0.91181079  -0.76159885
  0.68000000   0.75921928   0.10014282  -0.91977768  -0.77109017
  0.72000000   0.74338780   0.09612524  -0.92759012  -0.78051231
  0.76000000   0.72735133   0.09211677  -0.93523927  -0.78985678
  0.80000000   0.71109656   0.08811268  -0.94271615  -0.79911485
  0.84000000   0.69461567   0.08410958  -0.95000882  -0.80827491
  0.88000000   0.67790745   0.08010588  -0.95710168  -0.81732160
  0.92000000   0.66097601   0.07610144  -0.96397613  -0.82623654
  0.96000000   0.64382807   0.07209682  -0.97061196  -0.83499960
  1.00000000   0.62647013   0.06809245  -0.97698904  -0.84359044
  1.04000000   0.60890630   0.06408794  -0.98308860  -0.85198979
  1.08000000   0.59113714   0.06008168  -0.98889404  -0.86018015
  1.12000000   0.57315992   0.05607080  -0.99439094  -0.86814582
  1.16000000   0.55496993   0.05205153  -0.99956645  -0.87587227
  1.20000000   0.53656250   0.04801979  -1.00440823  -0.88334508
  1.24000000   0.51793515   0.04397185  -1.00890323  -0.89054882
  1.28000000   0.49908928   0.03990488  -1.01303677  -0.89746602
  1.32000000   0.48003103   0.03581733  -1.01679190  -0.90407666
  1.36000000   0.46077136   0.03170898  -1.02014943  -0.91035806
  1.40000000   0.44132536   0.02758079  -1.02308823  -0.91628528
  1.44000000   0.42171124   0.02343462  -1.02558595  -0.92183168
  1.48000000   0.40194910   0.01927282  -1.02761971  -0.92696968
  1.52000000   0.38205994   0.01509793  -1.02916683  -0.93167142
  1.56000000   0.36206488   0.01091238  -1.03020540  -0.93590934
  1.60000000   0.34198465   0.00671829  -1.03071469  -0.93965658
  1.64000000   0.32183936   0.00251737  -1.03067537  -0.94288723
  1.68000000   0.30164853  -0.00168911  -1.03006968  -0.94557651
  1.72000000   0.28143118  -0.00590033  -1.02888139  -0.94770079
  1.76000000   0.26120609  -0.01011582  -1.02709574  -0.94923756
  1.80000000   0.24099202  -0.01433541  -1.02469940  -0.95016546
  1.84000000   0.22080804  -0.01855913  -1.02168032  -0.95046416
  1.88000000   0.20067371  -0.02278709  -1.01802762  -0.95011437
  1.92000000   0.18060932  -0.02701944  -1.01373153  -0.94909782
  1.96000000   0.16063605  -0.03125624  -1.00878331  -0.94739723
  2.00000000   0.14077605  -0.03549741  -1.00317519  -0.94499642
  2.04000000   0.12105250  -0.03974267  -0.99690040  -0.94188035
  2.08000000   0.10148964  -0.04399148  -0.98995313  -0.93803520
  2.12000000   0.08211273  -0.04824303  -0.98232863  -0.93344857
  2.16000000   0.06294794  -0.05249616  -0.97402325  -0.92810961
  2.20000000   0.04402228  -0.05674942  -0.96503455  -0.92200922
  2.24000000   0.02536346  -0.06100100  -0.95536142  -0.91514029
  2.28000000   0.00699968  -0.06524876  -0.94500422  -0.90749788
  2.32000000  -0.01104049  -0.06949025  -0.93396496  -0.89907955
  2.36000000  -0.02872834  -0.07372269  -0.92224745  -0.88988554
  2.40000000  -0.04603520  -0.07794302  -0.90985753  -0.87991908
  2.44000000  -0.06293270  -0.08214792  -0.89680321  -0.86918661
  2.48000000  -0.07939293  -0.08633382  -0.88309494  -0.85769810
  2.52000000  -0.09538869  -0.09049695  -0.86874580  -0.84546720
  2.56000000  -0.11089370  -0.09463337  -0.85377168  -0.83251153
  2.60000000  -0.12588281  -0.09873899  -0.83819154  -0.81885286
  2.64000000  -0.14033218  -0.10280961  -0.82202756  -0.80451723
  2.68000000  -0.15421953  -0.10684095  -0.80530532  -0.78953513
  2.72000000  -0.16752423  -0.11082870  -0.78805400  -0.77394153
  2.76000000  -0.18022759  -0.11476852  -0.77030648  -0.75777592
  2.80000000  -0.19231289  -0.11865610  -0.75209942  -0.74108227
  2.84000000  -0.20376562  -0.12248720  -0.73347335  -0.72390893
  2.88000000  -0.21457355  -0.12625761  -0.71447270  -0.70630846
  2.92000000  -0.22472687  -0.12996327  -0.69514568  -0.68833736
  2.96000000  -0.23421824  -0.13360022  -0.67554427  -0.67005578
  3.00000000  -0.24304287  -0.13716466  -0.65572397  -0.65152710
  3.04000000  -0.25119860  -0.14065292  -0.63574361  -0.63281747
  3.08000000  -0.25868588  -0.14406157  -0.61566505  -0.61399525
  3.12000000  -0.26550780  -0.14738731  -0.59555272  -0.59513041
  3.16000000  -0.27167006  -0.15062709  -0.57547323  -0.57629384
  3.20000000  -0.27718096  -0.15377805  -0.55549475  -0.55755664
  3.24000000  -0.28205130  -0.15683755  -0.53568646  -0.53898933
  3.28000000  -0.28629432  -0.15980317  -0.51611781  -0.52066112
  3.32000000  -0.28992561  -0.16267270  -0.49685783  -0.50263905
  3.36000000  -0.29296297  -0.16544416  -0.47797429  -0.48498724
  3.40000000  -0.29542628  -0.16811579  -0.45953292  -0.46776611
  3.44000000  -0.29733735  -0.17068601  -0.44159658  -0.45103168
  3.48000000  -0.29871972  -0.17315348  -0.42422438  -0.43483489
  3.52000000  -0.29959851  -0.17551703  -0.40747097  -0.41922103
  3.56000000  -0.30000021  -0.17777571  -0.39138567  -0.40422925
  3.60000000  -0.29995245  -0.17992873  -0.37601189  -0.38989220
  3.64000000  -0.29948381  -0.18197549  -0.36138644  -0.37623572
  3.68000000  -0.29862359  -0.18391556  -0.34753907  -0.36327870
  3.72000000  -0.29740157  -0.18574866  -0.33449208  -0.35103308
  3.76000000  -0.29584780  -0.18747469  -0.32226010  -0.33950395
  3.80000000  -0.29399240  -0.18909371  -0.31084994  -0.32868973
  3.84000000  -0.29186528  -0.19060591  -0.30026068  -0.31858254
  3.88000000  -0.28949598  -0.19201165  -0.29048384  -0.30916860
  3.92000000  -0.28691345  -0.19331143  -0.28150375  -0.30042878
  3.96000000  -0.28414586  -0.19450590  -0.27329796  -0.29233917
  4.00000000  -0.28122043  -0.19559589  -0.26583789  -0.28487174
  4.04000000  -0.27816327  -0.19658233  -0.25908950  -0.27799501
  4.08000000  -0.27499922  -0.19746636  -0.25301408  -0.27167475
  4.12000000  -0.27175175  -0.19824922  -0.24756904  -0.26587471
  4.16000000  -0.26844287  -0.19893234  -0.24270886  -0.26055728
  4.20000000  -0.26509300  -0.19951731  -0.23838591  -0.25568416
  4.24000000  -0.26172096  -0.20000586  -0.23455134  -0.25121699
  4.28000000  -0.25834389  -0.20039987  -0.23115597  -0.24711790
  4.32000000  -0.25497727  -0.20070139  -0.22815100  -0.24335002
  4.36000000  -0.25163490  -0.20091262  -0.22548880  -0.23987788
  4.40000000  -0.24832893  -0.20103588  -0.22312354  -0.23666784
  4.44000000  -0.24506988  -0.20107366  -0.22101169  -0.23368829
  4.48000000  -0.24186672  -0.20102857  -0.21911254  -0.23090996
  4.52000000  -0.23872694  -0.20090333  -0.21738852  -0.22830597
  4.56000000  -0.23565661  -0.20070079  -0.21580543  -0.22585199
  4.60000000  -0.23266049  -0.20042389  -0.21433264  -0.22352622
  4.64000000  -0.22974213  -0.20007567  -0.21294312  -0.22130937
  4.68000000  -0.22690395  -0.19965923  -0.21161343  -0.21918459
  4.72000000  -0.22414740  -0.19917776  -0.21032361  -0.21713735
  4.76000000  -0.22147302  -0.19863447  -0.20905707  -0.21515528
  4.80000000  -0.21888057  -0.19803262  -0.20780033  -0.21322803
  4.84000000  -0.21636915  -0.19737550  -0.20654283  -0.21134709
  4.88000000  -0.21393730  -0.19666639  -0.20527659  -0.20950556
  4.92000000  -0.21158307  -0.19590857  -0.20399600  -0.20769800
  4.96000000  -0.20930416  -0.19510530  -0.20269743  -0.20592022
  5.00000000  -0.20709795  -0.19425981  -0.20137902  -0.20416910
  5.04000000  -0.20496164  -0.19337529  -0.20004032  -0.20244239
  5.08000000  -0.20289227  -0.19245486  -0.19868208  -0.20073859
  5.12000000  -0.20088680  -0.19150160  -0.19730593  -0.19905678
  5.16000000  -0.19894216  -0.19051848  -0.19591420  -0.19739648
  5.20000000  -0.19705532  -0.18950841  -0.19450969  -0.19575755
  5.24000000  -0.19522326  -0.18847421  -0.19309550  -0.19414009
  5.28000000  -0.19344308  -0.18741859  -0.19167485  -0.19254434
  5.32000000  -0.19171198  -0.18634416  -0.19025102  -0.19097064
  5.36000000  -0.19002727  -0.18525342  -0.18882716  -0.18941934
  5.40000000  -0.18838640  -0.18414876  -0.18740628  -0.18789080
  5.44000000  -0.18678699  -0.18303246  -0.18599118  -0.18638532
  5.48000000  -0.18522677  -0.18190668  -0.18458437  -0.18490314
  5.52000000  -0.18370364  -0.18077346  -0.18318811  -0.18344441
  5.56000000  -0.18221564  -0.17963471  -0.18180435  -0.18200921
  5.60000000  -0.18076094  -0.17849223  -0.18043474  -0.18059753
  5.64000000  -0.17933786  -0.17734772  -0.17908068  -0.17920927
  5.68000000  -0.17794484  -0.17620274  -0.17774328  -0.17784424
  5.72000000  -0.17658043  -0.17505873  -0.17642340  -0.17650220
  5.76000000  -0.17524330  -0.17391704  -0.17512171  -0.17518283
  5.80000000  -0.17393223  -0.17277889  -0.17383863  -0.17388577
  5.84000000  -0.17264607  -0.17164541  -0.17257447  -0.17261059
  5.88000000  -0.17138377  -0.17051762  -0.17132933  -0.17135684
  5.92000000  -0.17014437  -0.16939644  -0.17010323  -0.17012405
  5.96000000  -0.16892696  -0.16828269  -0.16889607  -0.16891172
  6.00000000  -0.16773070  -0.16717711  -0.16770764  -0.16771935
  6.04000000  -0.16655481  -0.16608036  -0.16653772  -0.16654641
  6.08000000  -0.16539857  -0.16499300  -0.16538597  -0.16539239
  6.12000000  -0.16426129  -0.16391552  -0.16425207  -0.16425677
  6.16000000  -0.16314234  -0.16284835  -0.16313563  -0.16313906
  6.20000000  -0.16204112  -0.16179185  -0.16203627  -0.16203874
  6.24000000  -0.16095706  -0.16074630  -0.16095357  -0.16095535
  6.28000000  -0.15988963  -0.15971194  -0.15988714  -0.15988842
  6.32000000  -0.15883833  -0.15868896  -0.15883657  -0.15883747
  6.36000000  -0.15780268  -0.15767749  -0.15780144  -0.15780208
  6.40000000  -0.15678224  -0.15667763  -0.15678137  -0.15678182
  6.44000000  -0.15577658  -0.15568943  -0.15577597  -0.15577628
  6.48000000  -0.15478527  -0.15471290  -0.15478486  -0.15478507
  6.52000000  -0.15380795  -0.15374804  -0.15380767  -0.15380781
  6.56000000  -0.15284424  -0.15279480  -0.15284405  -0.15284415
  6.60000000  -0.15189378  -0.15185312  -0.15189365  -0.15189372
  6.64000000  -0.15095624  -0.15092290  -0.15095615  -0.15095620
  6.68000000  -0.15003129  -0.15000405  -0.15003123  -0.15003126
  6.72000000  -0.14911863  -0.14909645  -0.14911859  -0.14911861
  6.76000000  -0.14821795  -0.14819995  -0.14821792  -0.14821794
  6.80000000  -0.14732897  -0.14731442  -0.14732896  -0.14732896
  6.84000000  -0.14645143  -0.14643970  -0.14645141  -0.14645142
  6.88000000  -0.14558504  -0.14557563  -0.14558504  -0.14558504
  6.92000000  -0.14472958  -0.14472204  -0.14472957  -0.14472957
  6.96000000  -0.14388478  -0.14387877  -0.14388477  -0.14388478
  7.00000000  -0.14305041  -0.14304564  -0.14305041  -0.14305041
  7.04000000  -0.14222626  -0.14222248  -0.14222626  -0.14222626
  7.08000000  -0.14141210  -0.14140912  -0.14141210  -0.14141210
  7.12000000  -0.14060772  -0.14060538  -0.14060772  -0.14060772
  7.16000000  -0.13981292  -0.13981109  -0.13981292  -0.13981292
  7.20000000  -0.13902751  -0.13902608  -0.13902751  -0.13902751
  7.24000000  -0.13825129  -0.13825018  -0.13825129  -0.13825129
  7.28000000  -0.13748408  -0.13748322  -0.13748408  -0.13748408
  7.32000000  -0.13672571  -0.13672505  -0.13672571  -0.13672571
  7.36000000  -0.13597600  -0.13597549  -0.13597600  -0.13597600
  7.40000000  -0.13523479  -0.13523440  -0.13523479  -0.13523479
  7.44000000  -0.13450192  -0.13450162  -0.13450192  -0.13450192
  7.48000000  -0.13377722  -0.13377700  -0.13377722  -0.13377722
  7.52000000  -0.13306056  -0.13306040  -0.13306056  -0.13306056
  7.56000000  -0.13235179  -0.13235166  -0.13235179  -0.13235179
  7.60000000  -0.13165075  -0.13165065  -0.13165075  -0.13165075
  7.64000000  -0.13095731  -0.13095724  -0.13095731  -0.13095731
  7.68000000  -0.13027135  -0.13027130  -0.13027135  -0.13027135
  7.72000000  -0.12959272  -0.12959268  -0.12959272  -0.12959272
  7.76000000  -0.12892130  -0.12892127  -0.12892130  -0.12892130
  7.80000000  -0.12825697  -0.12825695  -0.12825697  -0.12825697
  7.84000000  -0.12759960  -0.12759959  -0.12759960  -0.12759960
  7.88000000  -0.12694909  -0.12694908  -0.12694909  -0.12694909
  7.92000000  -0.12630530  -0.12630530  -0.12630530  -0.12630530
  7.96000000  -0.12566815  -0.12566814  -0.12566815  -0.12566815
  8.00000000  -0.12503750  -0.12503750  -0.12503750  -0.12503750
  8.04000000  -0.12441327  -0.12441326  -0.12441327  -0.12441327
  8.08000000  -0.12379534  -0.12379534  -0.12379534  -0.12379534
  8.12000000  -0.12318362  -0.12318361  -0.12318362  -0.12318362
  8.16000000  -0.12257800  -0.12257800  -0.12257800  -0.12257800
  8.20000000  -0.12197840  -0.12197840  -0.12197840  -0.12197840
  8.24000000  -0.12138471  -0.12138471  -0.12138471  -0.12138471
  8.28000000  -0.12079685  -0.12079685  -0.12079685  -0.12079685
  8.32000000  -0.12021473  -0.12021473  -0.12021473  -0.12021473
  8.36000000  -0.11963826  -0.11963826  -0.11963826  -0.11963826
  8.40000000  -0.11906735  -0.11906735  -0.11906735  -0.11906735
  8.44000000  -0.11850192  -0.11850192  -0.11850192  -0.11850192
  8.48000000  -0.11794189  -0.11794189  -0.11794189  -0.11794189
  8.52000000  -0.11738718  -0.11738718  -0.11738718  -0.11738718
  8.56000000  -0.11683772  -0.11683772  -0.11683772  -0.11683772
  8.60000000  -0.11629341  -0.11629341  -0.11629341  -0.11629341
  8.64000000  -0.11575420  -0.11575420  -0.11575420  -0.11575420
  8.68000000  -0.11522001  -0.11522001  -0.11522001  -0.11522001
  8.72000000  -0.11469076  -0.11469076  -0.11469076  -0.11469076
  8.76000000  -0.11416638  -0.11416638  -0.11416638  -0.11416638
  8.80000000  -0.11364681  -0.11364681  -0.11364681  -0.11364681
  8.84000000  -0.11313198  -0.11313198  -0.11313198  -0.11313198
  8.88000000  -0.11262182  -0.11262182  -0.11262182  -0.11262182
  8.92000000  -0.11211626  -0.11211626  -0.11211626  -0.11211626
  8.96000000  -0.11161525  -0.11161525  -0.11161525  -0.11161525
  9.00000000  -0.11111873  -0.11111873  -0.11111873  -0.11111873
  9.04000000  -0.11062662  -0.11062662  -0.11062662  -0.11062662
  9.08000000  -0.11013887  -0.11013887  -0.11013887  -0.11013887
  9.12000000  -0.10965543  -0.10965543  -0.10965543  -0.10965543
  9.16000000  -0.10917623  -0.10917623  -0.10917623  -0.10917623
  9.20000000  -0.10870121  -0.10870121  -0.10870121  -0.10870121
  9.24000000  -0.10823033  -0.10823033  -0.10823033  -0.10823033
  9.28000000  -0.10776352  -0.10776352  -0.10776352  -0.10776352
  9.32000000  -0.10730074  -0.10730074  -0.10730074  -0.10730074
  9.36000000  -0.10684193  -0.10684193  -0.10684193  -0.10684193
  9.40000000  -0.10638704  -0.10638704  -0.10638704  -0.10638704
  9.44000000  -0.10593602  -0.10593602  -0.10593602  -0.10593602
  9.48000000  -0.10548882  -0.10548882  -0.10548882  -0.10548882
  9.52000000  -0.10504539  -0.10504539  -0.10504539  -0.10504539
  9.56000000  -0.10460568  -0.10460568  -0.10460568  -0.10460568
  9.60000000  -0.10416964  -0.10416964  -0.10416964  -0.10416964
  9.64000000  -0.10373723  -0.10373723  -0.10373723  -0.10373723
  9.68000000  -0.10330841  -0.10330841  -0.10330841  -0.10330841
  9.72000000  -0.10288313  -0.10288313  -0.10288313  -0.10288313
  9.76000000  -0.10246133  -0.10246133  -0.10246133  -0.10246133
  9.80000000  -0.10204299  -0.10204299  -0.10204299  -0.10204299
  9.84000000  -0.10162806  -0.10162806  -0.10162806  -0.10162806
  9.88000000  -0.10121650  -0.10121650  -0.10121650  -0.10121650
  9.92000000  -0.10080826  -0.10080826  -0.10080826  -0.10080826
  9.96000000  -0.10040331  -0.10040331  -0.10040331  -0.10040331
 10.00000000  -0.10000160  -0.10000160  -0.10000160  -0.10000160
 10.04000000  -0.09960309  -0.09960309  -0.09960309  -0.09960309
 10.08000000  -0.09920776  -0.09920776  -0.09920776  -0.09920776
 10.12000000  -0.09881556  -0.09881556  -0.09881556  -0.09881556
 10.16000000  -0.09842644  -0.09842644  -0.09842644  -0.09842644
 10.20000000  -0.09804039  -0.09804039  -0.09804039  -0.09804039
 10.24000000  -0.09765735  -0.09765735  -0.09765735  -0.09765735
 10.28000000  -0.09727730  -0.09727730  -0.09727730  -0.09727730
 10.32000000  -0.09690020  -0.09690020  -0.09690020  -0.09690020
 10.36000000  -0.09652601  -0.09652601  -0.09652601  -0.09652601
 10.40000000  -0.09615471  -0.09615471  -0.09615471  -0.09615471
 10.44000000  -0.09578625  -0.09578625  -0.09578625  -0.09578625
 10.48000000  -0.09542061  -0.09542061  -0.09542061  -0.09542061
 10.52000000  -0.09505775  -0.09505775  -0.09505775  -0.09505775
 10.56000000  -0.09469764  -0.09469764  -0.09469764  -0.09469764
 10.60000000  -0.09434026  -0.09434026  -0.09434026  -0.09434026
 10.64000000  -0.09398556  -0.09398556  -0.09398556  -0.09398556
 10.68000000  -0.09363352  -0.09363352  -0.09363352  -0.09363352
 10.72000000  -0.09328411  -0.09328411  -0.09328411  -0.09328411
 10.76000000  -0.09293730  -0.09293730  -0.09293730  -0.09293730
 10.80000000  -0.09259306  -0.09259306  -0.09259306  -0.09259306
 10.84000000  -0.09225136  -0.09225136  -0.09225136  -0.09225136
 10.88000000  -0.09191218  -0.09191218  -0.09191218  -0.09191218
 10.92000000  -0.09157548  -0.09157548  -0.09157548  -0.09157548
 10.96000000  -0.09124124  -0.09124124  -0.09124124  -0.09124124
 11.00000000  -0.09090944  -0.09090944  -0.09090944  -0.09090944
 11.04000000  -0.09058003  -0.09058003  -0.09058003  -0.09058003
 11.08000000  -0.09025301  -0.09025301  -0.09025301  -0.09025301
 11.12000000  -0.08992834  -0.08992834  -0.08992834  -0.08992834
 11.16000000  -0.08960600  -0.08960600  -0.08960600  -0.08960600
 11.20000000  -0.08928597  -0.08928597  -0.08928597  -0.08928597
 11.24000000  -0.08896821  -0.08896821  -0.08896821  -0.08896821
 11.28000000  -0.08865271  -0.08865271  -0.08865271  -0.08865271
 11.32000000  -0.08833943  -0.08833943  -0.08833943  -0.08833943
 11.36000000  -0.08802837  -0.08802837  -0.08802837  -0.08802837
 11.40000000  -0.08771949  -0.08771949  -0.08771949  -0.08771949
 11.44000000  -0.08741276  -0.08741276  -0.08741276  -0.08741276
 11.48000000  -0.08710818  -0.08710818  -0.08710818  -0.08710818
 11.52000000  -0.08680571  -0.08680571  -0.08680571  -0.08680571
 11.56000000  -0.08650534  -0.08650534  -0.08650534  -0.08650534
 11.60000000  -0.08620704  -0.08620704  -0.08620704  -0.08620704
 11.64000000  -0.08591078  -0.08591078  -0.08591078  -0.08591078
 11.68000000  -0.08561656  -0.08561656  -0.08561656  -0.08561656
 11.72000000  -0.08532435  -0.08532435  -0.08532435  -0.08532435
 11.76000000  -0.08503412  -0.08503412  -0.08503412  -0.08503412
 11.80000000  -0.08474587  -0.08474587  -0.08474587  -0.08474587
 11.84000000  -0.08445956  -0.08445956  -0.08445956  -0.08445956
 11.88000000  -0.08417518  -0.08417518  -0.08417518  -0.08417518
 11.92000000  -0.08389271  -0.08389271  -0.08389271  -0.08389271
 11.96000000  -0.08361212  -0.08361212  -0.08361212  -0.08361212
 12.00000000  -0.08333341  -0.08333341  -0.08333341  -0.08333341
 12.04000000  -0.08305655  -0.08305655  -0.08305655  -0.08305655
 12.08000000  -0.08278153  -0.08278153  -0.08278153  -0.08278153
 12.12000000  -0.08250832  -0.08250832  -0.08250832  -0.08250832
 12.16000000  -0.08223690  -0.08223690  -0.08223690  -0.08223690
 12.20000000  -0.08196727  -0.08196727  -0.08196727  -0.08196727
 12.24000000  -0.08169940  -0.08169940  -0.08169940  -0.08169940
 12.28000000  -0.08143328  -0.08143328  -0.08143328  -0.08143328
 12.32000000  -0.08116888  -0.08116888  -0.08116888  -0.08116888
 12.36000000  -0.08090620  -0.08090620  -0.08090620  -0.08090620
 12.40000000  -0.08064521  -0.08064521  -0.08064521  -0.08064521
 12.44000000  -0.08038589  -0.08038589  -0.08038589  -0.08038589
 12.48000000  -0.08012825  -0.08012825  -0.08012825  -0.08012825
 12.52000000  -0.07987224  -0.07987224  -0.07987224  -0.07987224
 12.56000000  -0.07961787  -0.07961787  -0.07961787  -0.07961787
 12.60000000  -0.07936511  -0.07936511  -0.07936511  -0.07936511
 12.64000000  -0.07911396  -0.07911396  -0.07911396  -0.07911396
 12.68000000  -0.07886438  -0.07886438  -0.07886438  -0.07886438
 12.72000000  -0.07861638  -0.07861638  -0.07861638  -0.07861638
 12.76000000  -0.07836993  -0.07836993  -0.07836993  -0.07836993
 12.80000000  -0.07812503  -0.07812503  -0.07812503  -0.07812503
 12.84000000  -0.07788165  -0.07788165  -0.07788165  -0.07788165
 12.88000000  -0.07763978  -0.07763978  -0.07763978  -0.07763978
 12.92000000  -0.07739940  -0.07739940  -0.07739940  -0.07739940
 12.96000000  -0.07716052  -0.07716052  -0.07716052  -0.07716052
 13.00000000  -0.07692310  -0.07692310  -0.07692310  -0.07692310
 13.04000000  -0.07668714  -0.07668714  -0.07668714  -0.07668714
 13.08000000  -0.07645262  -0.07645262  -0.07645262  -0.07645262
 13.12000000  -0.07621953  -0.07621953  -0.07621953  -0.07621953
 13.16000000  -0.07598786  -0.07598786  -0.07598786  -0.07598786
 13.20000000  -0.07575759  -0.07575759  -0.07575759  -0.07575759
 13.24000000  -0.07552872  -0.07552872  -0.07552872  -0.07552872
 13.28000000  -0.07530122  -0.07530122  -0.07530122  -0.07530122
 13.32000000  -0.07507509  -0.07507509  -0.07507509  -0.07507509
 13.36000000  -0.07485031  -0.07485031  -0.07485031  -0.07485031
 13.40000000  -0.07462688  -0.07462688  -0.07462688  -0.07462688
 13.44000000  -0.07440478  -0.07440478  -0.07440478  -0.07440478
 13.48000000  -0.07418399  -0.07418399  -0.07418399  -0.07418399
 13.52000000  -0.07396451  -0.07396451  -0.07396451  -0.07396451
 13.56000000  -0.07374633  -0.07374633  -0.07374633  -0.07374633
 13.60000000  -0.07352942  -0.07352942  -0.07352942  -0.07352942
 13.64000000  -0.07331380  -0.07331380  -0.07331380  -0.07331380
 13.68000000  -0.07309943  -0.07309943  -0.07309943  -0.07309943
 13.72000000  -0.07288631  -0.07288631  -0.07288631  -0.07288631
 13.76000000  -0.07267443  -0.07267443  -0.07267443  -0.07267443
 13.80000000  -0.07246378  -0.07246378  -0.07246378  -0.07246378
 13.84000000  -0.07225435  -0.07225435  -0.07225435  -0.07225435
 13.88000000  -0.07204612  -0.07204612  -0.07204612  -0.07204612
 13.92000000  -0.07183909  -0.07183909  -0.07183909  -0.07183909
 13.96000000  -0.07163325  -0.07163325  -0.07163325  -0.07163325
 14.00000000  -0.07142858  -0.07142858  -0.07142858  -0.07142858
 14.04000000  -0.07122508  -0.07122508  -0.07122508  -0.07122508
 14.08000000  -0.07102274  -0.07102274  -0.07102274  -0.07102274
 14.12000000  -0.07082154  -0.07082154  -0.07082154  -0.07082154
 14.16000000  -0.07062148  -0.07062148  -0.07062148  -0.07062148
 14.20000000  -0.07042254  -0.07042254  -0.07042254  -0.07042254
 14.24000000  -0.07022473  -0.07022473  -0.07022473  -0.07022473
 14.28000000  -0.07002802  -0.07002802  -0.07002802  -0.07002802
 14.32000000  -0.06983241  -0.06983241  -0.06983241  -0.06983241
 14.36000000  -0.06963789  -0.06963789  -0.06963789  -0.06963789
 14.40000000  -0.06944445  -0.06944445  -0.06944445  -0.06944445
 14.44000000  -0.06925209  -0.06925209  -0.06925209  -0.06925209
 14.48000000  -0.06906078  -0.06906078  -0.06906078  -0.06906078
 14.52000000  -0.06887053  -0.06887053  -0.06887053  -0.06887053
 14.56000000  -0.06868133  -0.06868133  -0.06868133  -0.06868133
 14.60000000  -0.06849316  -0.06849316  -0.06849316  -0.06849316
 14.64000000  -0.06830602  -0.06830602  -0.06830602  -0.06830602
 14.68000000  -0.06811990  -0.06811990  -0.06811990  -0.06811990
 14.72000000  -0.06793479  -0.06793479  -0.06793479  -0.06793479
 14.76000000  -0.06775069  -0.06775069  -0.06775069  -0.06775069
 14.80000000  -0.06756758  -0.06756758  -0.06756758  -0.06756758
 14.84000000  -0.06738545  -0.06738545  -0.06738545  -0.06738545
 14.88000000  -0.06720431  -0.06720431  -0.06720431  -0.06720431
 14.92000000  -0.06702414  -0.06702414  -0.06702414  -0.06702414
 14.96000000  -0.06684493  -0.06684493  -0.06684493  -0.06684493
 15.00000000  -0.06666667  -0.06666667  -0.06666667  -0.06666667
 15.04000000  -0.06648937  -0.06648937  -0.06648937  -0.06648937
 15.08000000  -0.06631300  -0.06631300  -0.06631300  -0.06631300
 15.12000000  -0.06613757  -0.06613757  -0.06613757  -0.06613757
 15.16000000  -0.06596307  -0.06596307  -0.06596307  -0.06596307
 15.20000000  -0.06578948  -0.06578948  -0.06578948  -0.06578948
 15.24000000  -0.06561681  -0.06561681  -0.06561681  -0.06561681
 15.28000000  -0.06544503  -0.06544503  -0.06544503  -0.06544503
 15.32000000  -0.06527416  -0.06527416  -0.06527416  -0.06527416
 15.36000000  -0.06510417  -0.06510417  -0.06510417  -0.06510417
 15.40000000  -0.06493507  -0.06493507  -0.06493507  -0.06493507
 15.44000000  -0.06476685  -0.06476685  -0.06476685  -0.06476685
 15.48000000  -0.06459949  -0.06459949  -0.06459949  -0.06459949
 15.52000000  -0.06443300  -0.06443300  -0.06443300  -0.06443300
 15.56000000  -0.06426736  -0.06426736  -0.06426736  -0.06426736
 15.60000000  -0.06410257  -0.06410257  -0.06410257  -0.06410257
 15.64000000  -0.06393863  -0.06393863  -0.06393863  -0.06393863
 15.68000000  -0.06377552  -0.06377552  -0.06377552  -0.06377552
 15.72000000  -0.06361324  -0.06361324  -0.06361324  -0.06361324
 15.76000000  -0.06345178  -0.06345178  -0.06345178  -0.06345178
 15.80000000  -0.06329115  -0.06329115  -0.06329115  -0.06329115
 15.84000000  -0.06313132  -0.06313132  -0.06313132  -0.06313132
 15.88000000  -0.06297230  -0.06297230  -0.06297230  -0.06297230
 15.92000000  -0.06281408  -0.06281408  -0.06281408  -0.06281408
 15.96000000  -0.06265665  -0.06265665  -0.06265665  -0.06265665
 16.00000000  -0.06250001  -0.06250001  -0.06250001  -0.06250001
 16.04000000  -0.06234415  -0.06234415  -0.06234415  -0.06234415
 16.08000000  -0.06218906  -0.06218906  -0.06218906  -0.06218906
 16.12000000  -0.06203475  -0.06203475  -0.06203475  -0.06203475
 16.16000000  -0.06188120  -0.06188120  -0.06188120  -0.06188120
 16.20000000  -0.06172840  -0.06172840  -0.06172840  -0.06172840
 16.24000000  -0.06157636  -0.06157636  -0.06157636  -0.06157636
 16.28000000  -0.06142507  -0.06142507  -0.06142507  -0.06142507
 16.32000000  -0.06127452  -0.06127452  -0.06127452  -0.06127452
 16.36000000  -0.06112470  -0.06112470  -0.06112470  -0.06112470
 16.40000000  -0.06097562  -0.06097562  -0.06097562  -0.06097562
 16.44000000  -0.06082726  -0.06082726  -0.06082726  -0.06082726
 16.48000000  -0.06067962  -0.06067962  -0.06067962  -0.06067962
 16.52000000  -0.06053269  -0.06053269  -0.06053269  -0.06053269
 16.56000000  -0.06038648  -0.06038648  -0.06038648  -0.06038648
 16.60000000  -0.06024097  -0.06024097  -0.06024097  -0.06024097
 16.64000000  -0.06009616  -0.06009616  -0.06009616  -0.06009616
 16.68000000  -0.05995205  -0.05995205  -0.05995205  -0.05995205
 16.72000000  -0.05980862  -0.05980862  -0.05980862  -0.05980862
 16.76000000  -0.05966588  -0.05966588  -0.05966588  -0.05966588
 16.80000000  -0.05952382  -0.05952382  -0.05952382  -0.05952382
 16.84000000  -0.05938243  -0.05938243  -0.05938243  -0.05938243
 16.88000000  -0.05924171  -0.05924171  -0.05924171  -0.05924171
 16.92000000  -0.05910166  -0.05910166  -0.05910166  -0.05910166
 16.96000000  -0.05896227  -0.05896227  -0.05896227  -0.05896227
 17.00000000  -0.05882354  -0.05882354  -0.05882354  -0.05882354
 17.04000000  -0.05868545  -0.05868545  -0.05868545  -0.05868545
 17.08000000  -0.05854802  -0.05854802  -0.05854802  -0.05854802
 17.12000000  -0.05841122  -0.05841122  -0.05841122  -0.05841122
 17.16000000  -0.05827506  -0.05827506  -0.05827506  -0.05827506
 17.20000000  -0.05813954  -0.05813954  -0.05813954  -0.05813954
 17.24000000  -0.05800465  -0.05800465  -0.05800465  -0.05800465
 17.28000000  -0.05787038  -0.05787038  -0.05787038  -0.05787038
 17.32000000  -0.05773673  -0.05773673  -0.05773673  -0.05773673
 17.36000000  -0.05760369  -0.05760369  -0.05760369  -0.05760369
 17.40000000  -0.05747127  -0.05747127  -0.05747127  -0.05747127
 17.44000000  -0.05733946  -0.05733946  -0.05733946  -0.05733946
 17.48000000  -0.05720824  -0.05720824  -0.05720824  -0.05720824
 17.52000000  -0.05707763  -0.05707763  -0.05707763  -0.05707763
 17.56000000  -0.05694761  -0.05694761  -0.05694761  -0.05694761
 17.60000000  -0.05681819  -0.05681819  -0.05681819  -0.05681819
 17.64000000  -0.05668935  -0.05668935  -0.05668935  -0.05668935
 17.68000000  -0.05656109  -0.05656109  -0.05656109  -0.05656109
 17.72000000  -0.05643341  -0.05643341  -0.05643341  -0.05643341
 17.76000000  -0.05630631  -0.05630631  -0.05630631  -0.05630631
 17.80000000  -0.05617978  -0.05617978  -0.05617978  -0.05617978
 17.84000000  -0.05605382  -0.05605382  -0.05605382  -0.05605382
 17.88000000  -0.05592842  -0.05592842  -0.05592842  -0.05592842
 17.92000000  -0.05580358  -0.05580358  -0.05580358  -0.05580358
 17.96000000  -0.05567929  -0.05567929  -0.05567929  -0.05567929
 18.00000000  -0.05555556  -0.05555556  -0.05555556  -0.05555556
 18.04000000  -0.05543238  -0.05543238  -0.05543238  -0.05543238
 18.08000000  -0.05530974  -0.05530974  -0.05530974  -0.05530974
 18.12000000  -0.05518764  -0.05518764  -0.05518764  -0.05518764
 18.16000000  -0.05506609  -0.05506609  -0.05506609  -0.05506609
 18.20000000  -0.05494506  -0.05494506  -0.05494506  -0.05494506
 18.24000000  -0.05482457  -0.05482457  -0.05482457  -0.05482457
 18.28000000  -0.05470460  -0.05470460  -0.05470460  -0.05470460
 18.32000000  -0.05458516  -0.05458516  -0.05458516  -0.05458516
 18.36000000  -0.05446624  -0.05446624  -0.05446624  -0.05446624
 18.40000000  -0.05434783  -0.05434783  -0.05434783  -0.05434783
 18.44000000  -0.05422994  -0.05422994  -0.05422994  -0.05422994
 18.48000000  -0.05411256  -0.05411256  -0.05411256  -0.05411256
 18.52000000  -0.05399569  -0.05399569  -0.05399569  -0.05399569
 18.56000000  -0.05387932  -0.05387932  -0.05387932  -0.05387932
 18.60000000  -0.05376345  -0.05376345  -0.05376345  -0.05376345
 18.64000000  -0.05364807  -0.05364807  -0.05364807  -0.05364807
 18.68000000  -0.05353320  -0.05353320  -0.05353320  -0.05353320
 18.72000000  -0.05341881  -0.05341881  -0.05341881  -0.05341881
 18.76000000  -0.05330491  -0.05330491  -0.05330491  -0.05330491
 18.80000000  -0.05319149  -0.05319149  -0.05319149  -0.05319149
 18.84000000  -0.05307856  -0.05307856  -0.05307856  -0.05307856
 18.88000000  -0.05296611  -0.05296611  -0.05296611  -0.05296611
 18.92000000  -0.05285413  -0.05285413  -0.05285413  -0.05285413
 18.96000000  -0.05274262  -0.05274262  -0.05274262  -0.05274262
 19.00000000  -0.05263158  -0.05263158  -0.05263158  -0.05263158
 19.04000000  -0.05252101  -0.05252101  -0.05252101  -0.05252101
 19.08000000  -0.05241091  -0.05241091  -0.05241091  -0.05241091
 19.12000000  -0.05230126  -0.05230126  -0.05230126  -0.05230126
 19.16000000  -0.05219207  -0.05219207  -0.05219207  -0.05219207
 19.20000000  -0.05208334  -0.05208334  -0.05208334  -0.05208334
 19.24000000  -0.05197506  -0.05197506  -0.05197506  -0.05197506
 19.28000000  -0.05186722  -0.05186722  -0.05186722  -0.05186722
 19.32000000  -0.05175984  -0.05175984  -0.05175984  -0.05175984
 19.36000000  -0.05165290  -0.05165290  -0.05165290  -0.05165290
 19.40000000  -0.05154640  -0.05154640  -0.05154640  -0.05154640
 19.44000000  -0.05144033  -0.05144033  -0.05144033  -0.05144033
 19.48000000  -0.05133471  -0.05133471  -0.05133471  -0.05133471
 19.52000000  -0.05122951  -0.05122951  -0.05122951  -0.05122951
 19.56000000  -0.05112475  -0.05112475  -0.05112475  -0.05112475
 19.60000000  -0.05102041  -0.05102041  -0.05102041  -0.05102041
 19.64000000  -0.05091650  -0.05091650  -0.05091650  -0.05091650
 19.68000000  -0.05081301  -0.05081301  -0.05081301  -0.05081301
 19.72000000  -0.05070994  -0.05070994  -0.05070994  -0.05070994
 19.76000000  -0.05060729  -0.05060729  -0.05060729  -0.05060729
 19.80000000  -0.05050506  -0.05050506  -0.05050506  -0.05050506
 19.84000000  -0.05040323  -0.05040323  -0.05040323  -0.05040323
 19.88000000  -0.05030182  -0.05030182  -0.05030182  -0.05030182
 19.92000000  -0.05020081  -0.05020081  -0.05020081  -0.05020081
 19.96000000  -0.05010020  -0.05010020  -0.05010020  -0.05010020
 20.00000000  -0.05000000  -0.05000000  -0.05000000  -0.05000000
  0.00000455   0.00000013   0.00000000   0.00000000   0.00000000
  0.04000000   0.00112386   0.00000034   0.00000002   0.00000000
  0.08000000   0.00225189   0.00000135   0.00000014   0.00000000
  0.12000000   0.00338829   0.00000304   0.00000047   0.00000000
  0.16000000   0.00453722   0.00000542   0.00000110   0.00000000
  0.20000000   0.00570287   0.00000847   0.00000215   0.00000001
  0.24000000   0.00688941   0.00001222   0.00000371   0.00000002
  0.28000000   0.00810101   0.00001665   0.00000589   0.00000003
  0.32000000   0.00934182   0.00002179   0.00000877   0.00000005
  0.36000000   0.01061599   0.00002763   0.00001246   0.00000008
  0.40000000   0.01192765   0.00003419   0.00001704   0.00000012
  0.44000000   0.01328095   0.00004147   0.00002261   0.00000017
  0.48000000   0.01468002   0.00004948   0.00002926   0.00000025
  0.52000000   0.01612901   0.00005824   0.00003706   0.00000034
  0.56000000   0.01763205   0.00006775   0.00004610   0.00000045
  0.60000000   0.01919332   0.00007802   0.00005645   0.00000060
  0.64000000   0.02081699   0.00008907   0.00006819   0.00000077
  0.68000000   0.02250728   0.00010091   0.00008137   0.00000098
  0.72000000   0.02426842   0.00011355   0.00009606   0.00000122
  0.76000000   0.02610467   0.00012701   0.00011232   0.00000151
  0.80000000   0.02802032   0.00014131   0.00013018   0.00000185
  0.84000000   0.03001966   0.00015644   0.00014970   0.00000224
  0.88000000   0.03210701   0.00017245   0.00017090   0.00000269
  0.92000000   0.03428668   0.00018933   0.00019382   0.00000320
  0.96000000   0.03656299   0.00020710   0.00021847   0.00000377
  1.00000000   0.03894026   0.00022579   0.00024487   0.00000442
  1.04000000   0.04142275   0.00024540   0.00027303   0.00000514
  1.08000000   0.04401474   0.00026597   0.00030295   0.00000594
  1.12000000   0.04672042   0.00028750   0.00033460   0.00000683
  1.16000000   0.04954395   0.00031001   0.00036799   0.00000781
  1.20000000   0.05248940   0.00033352   0.00040307   0.00000888
  1.24000000   0.05556076   0.00035805   0.00043981   0.00001005
  1.28000000   0.05876187   0.00038362   0.00047819   0.00001133
  1.32000000   0.06209648   0.00041025   0.00051813   0.00001271
  1.36000000   0.06556813   0.00043795   0.00055959   0.00001421
  1.40000000   0.06918020   0.00046675   0.00060250   0.00001582
  1.44000000   0.07293587   0.00049666   0.00064679   0.00001755
  1.48000000   0.07683807   0.00052771   0.00069238   0.00001940
  1.52000000   0.08088948   0.00055990   0.00073918   0.00002138
  1.56000000   0.08509250   0.00059326   0.00078710   0.00002348
  1.60000000   0.08944921   0.00062780   0.00083603   0.00002572
  1.64000000   0.09396137   0.00066355   0.00088588   0.00002809
  1.68000000   0.09863038   0.00070052   0.00093654   0.00003059
  1.72000000   0.10345724   0.00073872   0.00098790   0.00003322
  1.76000000   0.10844256   0.00077817   0.00103982   0.00003600
  1.80000000   0.11358647   0.00081889   0.00109221   0.00003890
  1.84000000   0.11888867   0.00086089   0.00114493   0.00004195
  1.88000000   0.12434836   0.00090419   0.00119786   0.00004513
  1.92000000   0.12996420   0.00094879   0.00125088   0.00004845
  1.96000000   0.13573435   0.00099472   0.00130386   0.00005190
  2.00000000   0.14165638   0.00104197   0.00135668   0.00005548
  2.04000000   0.14772728   0.00109057   0.00140922   0.00005920
  2.08000000   0.15394347   0.00114051   0.00146135   0.00006305
  2.12000000   0.16030074   0.00119182   0.00151296   0.00006702
  2.16000000   0.16679427   0.00124449   0.00156393   0.00007112
  2.20000000   0.17341862   0.00129853   0.00161417   0.00007534
  2.24000000   0.18016772   0.00135394   0.00166355   0.00007969
  2.28000000   0.18703488   0.00141073   0.00171199   0.00008415
  2.32000000   0.19401281   0.00146890   0.00175938   0.00008872
  2.36000000   0.20109358   0.00152845   0.00180566   0.00009341
  2.40000000   0.20826873   0.00158937   0.00185073   0.00009820
  2.44000000   0.21552919   0.00165166   0.00189453   0.00010310
  2.48000000   0.22286538   0.00171532   0.00193699   0.00010811
  2.52000000   0.23026723   0.00178034   0.00197807   0.00011321
  2.56000000   0.23772418   0.00184671   0.00201772   0.00011841
  2.60000000   0.24522527   0.00191442   0.00205590   0.00012371
  2.64000000   0.25275914   0.00198346   0.00209259   0.00012910
  2.68000000   0.26031414   0.00205382   0.00212778   0.00013458
  2.72000000   0.26787834   0.00212547   0.00216145   0.00014015
  2.76000000   0.27543959   0.00219841   0.00219361   0.00014581
  2.80000000   0.28298559   0.00227261   0.00222428   0.00015157
  2.84000000   0.29050398   0.00234805   0.00225346   0.00015741
  2.88000000   0.29798234   0.00242470   0.00228120   0.00016334
  2.92000000   0.30540833   0.00250255   0.00230753   0.00016937
  2.96000000   0.31276970   0.00258158   0.00233250   0.00017549
  3.00000000   0.32005439   0.00266174   0.00235616   0.00018171
  3.04000000   0.32725055   0.00274301   0.00237857   0.00018803
  3.08000000   0.33434668   0.00282536   0.00239979   0.00019445
  3.12000000   0.34133160   0.00290877   0.00241990   0.00020098
  3.16000000   0.34819456   0.00299319   0.00243898   0.00020762
  3.20000000   0.35492530   0.00307859   0.00245711   0.00021438
  3.24000000   0.36151407   0.00316493   0.00247437   0.00022127
  3.28000000   0.36795166   0.00325219   0.00249085   0.00022828
  3.32000000   0.37422951   0.00334032   0.00250664   0.00023543
  3.36000000   0.38033966   0.00342928   0.00252183   0.00024273
  3.40000000   0.38627482   0.00351903   0.00253651   0.00025017
  3.44000000   0.39202840   0.00360953   0.00255077   0.00025778
  3.48000000   0.39759449   0.00370075   0.00256470   0.00026556
  3.52000000   0.40296791   0.00379264   0.00257839   0.00027351
  3.56000000   0.40814417   0.00388516   0.00259193   0.00028165
  3.60000000   0.41311951   0.00397826   0.00260539   0.00028998
  3.64000000   0.41789085   0.00407191   0.00261887   0.00029851
  3.68000000   0.42245581   0.00416607   0.00263243   0.00030726
  3.72000000   0.42681267   0.00426068   0.00264614   0.00031623
  3.76000000   0.43096037   0.00435571   0.00266008   0.00032542
  3.80000000   0.43489844   0.00445112   0.00267431   0.00033486
  3.84000000   0.43862703   0.00454687   0.00268888   0.00034454
  3.88000000   0.44214681   0.00464291   0.00270385   0.00035447
  3.92000000   0.44545898   0.00473921   0.00271926   0.00036467
  3.96000000   0.44856523   0.00483572   0.00273517   0.00037515
  4.00000000   0.45146767   0.00493241   0.00275160   0.00038590
  4.04000000   0.45416882   0.00502924   0.00276858   0.00039693
  4.08000000   0.45667154   0.00512616   0.00278616   0.00040826
  4.12000000   0.45897902   0.00522316   0.00280434   0.00041989
  4.16000000   0.46109474   0.00532018   0.00282316   0.00043183
  4.20000000   0.46302239   0.00541721   0.00284262   0.00044408
  4.24000000   0.46476588   0.00551419   0.00286275   0.00045665
  4.28000000   0.46632928   0.00561111   0.00288354   0.00046955
  4.32000000   0.46771680   0.00570794   0.00290500   0.00048278
  4.36000000   0.46893274   0.00580464   0.00292715   0.00049635
  4.40000000   0.46998147   0.00590119   0.00294997   0.00051026
  4.44000000   0.47086743   0.00599756   0.00297347   0.00052452
  4.48000000   0.47159505   0.00609374   0.00299765   0.00053913
  4.52000000   0.47216879   0.00618970   0.00302250   0.00055410
  4.56000000   0.47259306   0.00628541   0.00304802   0.00056944
  4.60000000   0.47287227   0.00638087   0.00307421   0.00058514
  4.64000000   0.47301076   0.00647605   0.00310105   0.00060122
  4.68000000   0.47301282   0.00657094   0.00312856   0.00061768
  4.72000000   0.47288267   0.00666553   0.00315671   0.00063452
  4.76000000   0.47262444   0.00675980   0.00318551   0.00065175
  4.80000000   0.47224218   0.00685375   0.00321494   0.00066937
  4.84000000   0.47173988   0.00694737   0.00324502   0.00068739
  4.88000000   0.47112139   0.00704064   0.00327572   0.00070582
  4.92000000   0.47039052   0.00713357   0.00330706   0.00072466
  4.96000000   0.46955095   0.00722616   0.00333902   0.00074392
  5.00000000   0.46860628   0.00731839   0.00337161   0.00076360
  5.04000000   0.46756001   0.00741028   0.00340483   0.00078371
  5.08000000   0.46641557   0.00750182   0.00343867   0.00080425
  5.12000000   0.46517627   0.00759301   0.00347314   0.00082523
  5.16000000   0.46384536   0.00768387   0.00350824   0.00084666
  5.20000000   0.46242599   0.00777438   0.00354396   0.00086854
  5.24000000   0.46092124   0.00786458   0.00358032   0.00089088
  5.28000000   0.45933409   0.00795445   0.00361732   0.00091369
  5.32000000   0.45766748   0.00804401   0.00365495   0.00093697
  5.36000000   0.45592424   0.00813328   0.00369323   0.00096073
  5.40000000   0.45410716   0.00822225   0.00373216   0.00098498
  5.44000000   0.45221893   0.00831096   0.00377175   0.00100973
  5.48000000   0.45026219   0.00839940   0.00381200   0.00103498
  5.52000000   0.44823953   0.00848760   0.00385291   0.00106074
  5.56000000   0.44615346   0.00857556   0.00389450   0.00108702
  5.60000000   0.44400644   0.00866332   0.00393678   0.00111383
  5.64000000   0.44180086   0.00875088   0.00397974   0.00114118
  5.68000000   0.43953907   0.00883826   0.00402341   0.00116906
  5.72000000   0.43722336   0.00892548   0.00406777   0.00119751
  5.76000000   0.43485597   0.00901257   0.00411286   0.00122651
  5.80000000   0.43243907   0.00909954   0.00415866   0.00125608
  5.84000000   0.42997482   0.00918641   0.00420520   0.00128623
  5.88000000   0.42746528   0.00927320   0.00425249   0.00131697
  5.92000000   0.42491251   0.00935994   0.00430052   0.00134831
  5.96000000   0.42231849   0.00944665   0.00434931   0.00138026
  6.00000000   0.41968517   0.00953335   0.00439888   0.00141283
  6.04000000   0.41701446   0.00962006   0.00444922   0.00144602
  6.08000000   0.41430821   0.00970682   0.00450036   0.00147985
  6.12000000   0.41156824   0.00979363   0.00455231   0.00151433
  6.16000000   0.40879632   0.00988054   0.00460506   0.00154947
  6.20000000   0.40599419   0.00996756   0.00465864   0.00158527
  6.24000000   0.40316353   0.01005471   0.00471306   0.00162176
  6.28000000   0.40030599   0.01014203   0.00476832   0.00165894
  6.32000000   0.39742319   0.01022953   0.00482444   0.00169682
  6.36000000   0.39451670   0.01031725   0.00488144   0.00173542
  6.40000000   0.39158806   0.01040521   0.00493932   0.00177474
  6.44000000   0.38863876   0.01049344   0.00499810   0.00181480
  6.48000000   0.38567026   0.01058197   0.00505779   0.00185562
  6.52000000   0.38268398   0.01067081   0.00511840   0.00189719
  6.56000000   0.37968133   0.01076000   0.00517994   0.00193954
  6.60000000   0.37666364   0.01084957   0.00524244   0.00198268
  6.64000000   0.37363223   0.01093955   0.00530591   0.00202662
  6.68000000   0.37058841   0.01102995   0.00537035   0.00207138
  6.72000000   0.36753340   0.01112081   0.00543578   0.00211696
  6.76000000   0.36446844   0.01121217   0.00550223   0.00216339
  6.80000000   0.36139471   0.01130403   0.00556969   0.00221068
  6.84000000   0.35831336   0.01139645   0.00563820   0.00225883
  6.88000000   0.35522552   0.01148943   0.00570776   0.00230787
  6.92000000   0.35213228   0.01158302   0.00577839   0.00235782
  6.96000000   0.34903471   0.01167724   0.00585011   0.00240868
  7.00000000   0.34593383   0.01177212   0.00592294   0.00246047
  7.04000000   0.34283065   0.01186769   0.00599688   0.00251321
  7.08000000   0.33972614   0.01196398   0.00607196   0.00256691
  7.12000000   0.33662126   0.01206103   0.00614820   0.00262160
  7.16000000   0.33351692   0.01215885   0.00622562   0.00267728
  7.20000000   0.33041401   0.01225749   0.00630422   0.00273397
  7.24000000   0.32731340   0.01235696   0.00638404   0.00279170
  7.28000000   0.32421593   0.01245732   0.00646509   0.00285047
  7.32000000   0.32112241   0.01255857   0.00654738   0.00291032
  7.36000000   0.31803362   0.01266076   0.00663095   0.00297125
  7.40000000   0.31495034   0.01276392   0.00671581   0.00303328
  7.44000000   0.31187330   0.01286807   0.00680198   0.00309644
  7.48000000   0.30880322   0.01297326   0.00688948   0.00316074
  7.52000000   0.30574079   0.01307951   0.00697833   0.00322620
  7.56000000   0.30268667   0.01318686   0.00706856   0.00329285
  7.60000000   0.29964151   0.01329533   0.00716018   0.00336070
  7.64000000   0.29660594   0.01340497   0.00725322   0.00342978
  7.68000000   0.29358056   0.01351580   0.00734771   0.00350010
  7.72000000   0.29056595   0.01362786   0.00744366   0.00357169
  7.76000000   0.28756267   0.01374119   0.00754110   0.00364457
  7.80000000   0.28457126   0.01385581   0.00764005   0.00371876
  7.84000000   0.28159224   0.01397177   0.00774054   0.00379429
  7.88000000   0.27862611   0.01408909   0.00784260   0.00387117
  7.92000000   0.27567335   0.01420781   0.00794624   0.00394944
  7.96000000   0.27273442   0.01432798   0.00805150   0.00402912
  8.00000000   0.26980978   0.01444961   0.00815840   0.00411023
  8.04000000   0.26689983   0.01457276   0.00826697   0.00419279
  8.08000000   0.26400500   0.01469745   0.00837723   0.00427684
  8.12000000   0.26112568   0.01482373   0.00848922   0.00436240
  8.16000000   0.25826223   0.01495163   0.00860296   0.00444949
  8.20000000   0.25541502   0.01508118   0.00871849   0.00453815
  8.24000000   0.25258439   0.01521244   0.00883582   0.00462839
  8.28000000   0.24977067   0.01534542   0.00895499   0.00472026
  8.32000000   0.24697416   0.01548019   0.00907604   0.00481377
  8.36000000   0.24419516   0.01561676   0.00919898   0.00490896
  8.40000000   0.24143396   0.01575519   0.00932387   0.00500585
  8.44000000   0.23869082   0.01589551   0.00945071   0.00510448
  8.48000000   0.23596600   0.01603777   0.00957956   0.00520488
  8.52000000   0.23325973   0.01618200   0.00971044   0.00530708
  8.56000000   0.23057224   0.01632825   0.00984338   0.00541111
  8.60000000   0.22790374   0.01647655   0.00997843   0.00551701
  8.64000000   0.22525444   0.01662696   0.01011561   0.00562480
  8.68000000   0.22262452   0.01677951   0.01025496   0.00573452
  8.72000000   0.22001417   0.01693425   0.01039652   0.00584620
  8.76000000   0.21742353   0.01709121   0.01054033   0.00595989
  8.80000000   0.21485278   0.01725046   0.01068642   0.00607561
  8.84000000   0.21230205   0.01741202   0.01083482   0.00619341
  8.88000000   0.20977147   0.01757595   0.01098559   0.00631331
  8.92000000   0.20726116   0.01774229   0.01113876   0.00643537
  8.96000000   0.20477124   0.01791109   0.01129436   0.00655960
  9.00000000   0.20230180   0.01808240   0.01145245   0.00668607
  9.04000000   0.19985294   0.01825626   0.01161306   0.00681480
  9.08000000   0.19742474   0.01843272   0.01177624   0.00694583
  9.12000000   0.19501727   0.01861183   0.01194202   0.00707921
  9.16000000   0.19263059   0.01879365   0.01211045   0.00721498
  9.20000000   0.19026476   0.01897821   0.01228158   0.00735318
  9.24000000   0.18791983   0.01916558   0.01245545   0.00749386
  9.28000000   0.18559584   0.01935580   0.01263211   0.00763706
  9.32000000   0.18329281   0.01954893   0.01281161   0.00778282
  9.36000000   0.18101077   0.01974501   0.01299399   0.00793120
  9.40000000   0.17874973   0.01994411   0.01317930   0.00808223
  9.44000000   0.17650971   0.02014627   0.01336759   0.00823597
  9.48000000   0.17429070   0.02035156   0.01355892   0.00839247
  9.52000000   0.17209271   0.02056003   0.01375332   0.00855177
  9.56000000   0.16991571   0.02077173   0.01395086   0.00871392
  9.60000000   0.16775969   0.02098672   0.01415159   0.00887899
  9.64000000   0.16562463   0.02120506   0.01435557   0.00904701
  9.68000000   0.16351049   0.02142681   0.01456283   0.00921804
  9.72000000   0.16141724   0.02165203   0.01477346   0.00939214
  9.76000000   0.15934484   0.02188078   0.01498749   0.00956936
  9.80000000   0.15729325   0.02211313   0.01520498   0.00974976
  9.84000000   0.15526240   0.02234912   0.01542601   0.00993340
  9.88000000   0.15325225   0.02258884   0.01565062   0.01012033
  9.92000000   0.15126273   0.02283233   0.01587887   0.01031061
  9.96000000   0.14929377   0.02307968   0.01611084   0.01050431
 10.00000000   0.14734531   0.02333093   0.01634657   0.01070148
 10.04000000   0.14541727   0.02358617   0.01658614   0.01090219
 10.08000000   0.14350958   0.02384546   0.01682961   0.01110650
 10.12000000   0.14162214   0.02410886   0.01707705   0.01131448
 10.16000000   0.13975487   0.02437645   0.01732852   0.01152619
 10.20000000   0.13790769   0.02464829   0.01758409   0.01174170
 10.24000000   0.13608049   0.02492447   0.01784383   0.01196108
 10.28000000   0.13427319   0.02520506   0.01810781   0.01218440
 10.32000000   0.13248567   0.02549012   0.01837611   0.01241172
 10.36000000   0.13071785   0.02577973   0.01864879   0.01264313
 10.40000000   0.12896960   0.02607398   0.01892594   0.01287870
 10.44000000   0.12724083   0.02637293   0.01920762   0.01311850
 10.48000000   0.12553141   0.02667667   0.01949392   0.01336260
 10.52000000   0.12384124   0.02698528   0.01978491   0.01361109
 10.56000000   0.12217020   0.02729883   0.02008068   0.01386404
 10.60000000   0.12051817   0.02761742   0.02038129   0.01412154
 10.64000000   0.11888503   0.02794113   0.02068685   0.01438366
 10.68000000   0.11727065   0.02827003   0.02099742   0.01465049
 10.72000000   0.11567491   0.02860422   0.02131310   0.01492212
 10.76000000   0.11409769   0.02894378   0.02163397   0.01519863
 10.80000000   0.11253885   0.02928881   0.02196011   0.01548011
 10.84000000   0.11099826   0.02963939   0.02229163   0.01576665
 10.88000000   0.10947579   0.02999562   0.02262861   0.01605834
 10.92000000   0.10797131   0.03035759   0.02297114   0.01635527
 10.96000000   0.10648469   0.03072539   0.02331932   0.01665754
 11.00000000   0.10501578   0.03109912   0.02367325   0.01696524
 11.04000000   0.10356445   0.03147888   0.02403301   0.01727848
 11.08000000   0.10213056   0.03186477   0.02439871   0.01759735
 11.12000000   0.10071397   0.03225689   0.02477046   0.01792195
 11.16000000   0.09931455   0.03265534   0.02514835   0.01825238
 11.20000000   0.09793214   0.03306022   0.02553249   0.01858876
 11.24000000   0.09656661   0.03347165   0.02592298   0.01893119
 11.28000000   0.09521782   0.03388972   0.02631994   0.01927978
 11.32000000   0.09388561   0.03431456   0.02672346   0.01963463
 11.36000000   0.09256986   0.03474626   0.02713368   0.01999587
 11.40000000   0.09127041   0.03518494   0.02755069   0.02036361
 11.44000000   0.08998712   0.03563072   0.02797461   0.02073796
 11.48000000   0.08871984   0.03608371   0.02840556   0.02111904
 11.52000000   0.08746843   0.03654403   0.02884366   0.02150697
 11.56000000   0.08623274   0.03701180   0.02928904   0.02190189
 11.60000000   0.08501263   0.03748714   0.02974180   0.02230390
 11.64000000   0.08380795   0.03797018   0.03020209   0.02271315
 11.68000000   0.08261856   0.03846104   0.03067003   0.02312976
 11.72000000   0.08144430   0.03895985   0.03114575   0.02355386
 11.76000000   0.08028504   0.03946674   0.03162937   0.02398559
 11.80000000   0.07914062   0.03998184   0.03212104   0.02442509
 11.84000000   0.07801091   0.04050529   0.03262090   0.02487249
 11.88000000   0.07689575   0.04103722   0.03312907   0.02532794
 11.92000000   0.07579500   0.04157777   0.03364571   0.02579158
 11.96000000   0.07470851   0.04212709   0.03417095   0.02626356
 12.00000000   0.07363615   0.04268530   0.03470494   0.02674403
 12.04000000   0.07257776   0.04325257   0.03524783   0.02723315
 12.08000000   0.07153320   0.04382904   0.03579978   0.02773106
 12.12000000   0.07050233   0.04441485   0.03636093   0.02823792
 12.16000000   0.06948500   0.04501016   0.03693144   0.02875390
 12.20000000   0.06848108   0.04561513   0.03751147   0.02927916
 12.24000000   0.06749041   0.04622991   0.03810119   0.02981387
 12.28000000   0.06651286   0.04685467   0.03870075   0.03035819
 12.32000000   0.06554829   0.04748956   0.03931033   0.03091230
 12.36000000   0.06459656   0.04813475   0.03993009   0.03147638
 12.40000000   0.06365752   0.04879041   0.04056021   0.03205059
 12.44000000   0.06273104   0.04945671   0.04120087   0.03263513
 12.48000000   0.06181697   0.05013382   0.04185223   0.03323019
 12.52000000   0.06091519   0.05082193   0.04251449   0.03383594
 12.56000000   0.06002555   0.05152120   0.04318783   0.03445258
 12.60000000   0.05914792   0.05223182   0.04387243   0.03508030
 12.64000000   0.05828216   0.05295399   0.04456850   0.03571931
 12.68000000   0.05742813   0.05368787   0.04527622   0.03636980
 12.72000000   0.05658571   0.05443367   0.04599579   0.03703199
 12.76000000   0.05575476   0.05519158   0.04672741   0.03770608
 12.80000000   0.05493515   0.05596180   0.04747129   0.03839228
 12.84000000   0.05412674   0.05674453   0.04822763   0.03909081
 12.88000000   0.05332940   0.05753997   0.04899665   0.03980189
 12.92000000   0.05254302   0.05834833   0.04977856   0.04052575
 12.96000000   0.05176745   0.05916982   0.05057359   0.04126262
 13.00000000   0.05100256   0.06000465   0.05138194   0.04201272
 13.04000000   0.05024824   0.06085305   0.05220386   0.04277629
 13.08000000   0.04950436   0.06171524   0.05303957   0.04355358
 13.12000000   0.04877079   0.06259143   0.05388930   0.04434483
 13.16000000   0.04804741   0.06348186   0.05475329   0.04515029
 13.20000000   0.04733408   0.06438676   0.05563179   0.04597021
 13.24000000   0.04663071   0.06530636   0.05652503   0.04680485
 13.28000000   0.04593715   0.06624092   0.05743328   0.04765448
 13.32000000   0.04525329   0.06719066   0.05835678   0.04851936
 13.36000000   0.04457902   0.06815584   0.05929580   0.04939976
 13.40000000   0.04391420   0.06913672   0.06025059   0.05029596
 13.44000000   0.04325874   0.07013354   0.06122143   0.05120825
 13.48000000   0.04261250   0.07114656   0.06220859   0.05213691
 13.52000000   0.04197538   0.07217606   0.06321234   0.05308223
 13.56000000   0.04134727   0.07322230   0.06423296   0.05404450
 13.60000000   0.04072803   0.07428556   0.06527075   0.05502404
 13.64000000   0.04011758   0.07536610   0.06632598   0.05602115
 13.68000000   0.03951579   0.07646423   0.06739897   0.05703614
 13.72000000   0.03892256   0.07758021   0.06849001   0.05806933
 13.76000000   0.03833777   0.07871435   0.06959940   0.05912105
 13.80000000   0.03776132   0.07986694   0.07072746   0.06019162
 13.84000000   0.03719310   0.08103829   0.07187451   0.06128138
 13.88000000   0.03663301   0.08222869   0.07304086   0.06239067
 13.92000000   0.03608094   0.08343846   0.07422684   0.06351984
 13.96000000   0.03553679   0.08466792   0.07543279   0.06466924
 14.00000000   0.03500045   0.08591739   0.07665904   0.06583924
 14.04000000   0.03447183   0.08718720   0.07790594   0.06703019
 14.08000000   0.03395081   0.08847768   0.07917384   0.06824248
 14.12000000   0.03343731   0.08978916   0.08046310   0.06947648
 14.16000000   0.03293123   0.09112200   0.08177407   0.07073257
 14.20000000   0.03243246   0.09247653   0.08310712   0.07201116
 14.24000000   0.03194091   0.09385312   0.08446264   0.07331263
 14.28000000   0.03145649   0.09525213   0.08584099   0.07463740
 14.32000000   0.03097910   0.09667392   0.08724257   0.07598587
 14.36000000   0.03050864   0.09811887   0.08866777   0.07735848
 14.40000000   0.03004503   0.09958735   0.09011699   0.07875565
 14.44000000   0.02958817   0.10107975   0.09159064   0.08017780
 14.48000000   0.02913797   0.10259647   0.09308912   0.08162540
 14.52000000   0.02869435   0.10413789   0.09461287   0.08309888
 14.56000000   0.02825721   0.10570443   0.09616231   0.08459872
 14.60000000   0.02782647   0.10729650   0.09773788   0.08612536
 14.64000000   0.02740204   0.10891451   0.09934001   0.08767930
 14.68000000   0.02698383   0.11055888   0.10096916   0.08926101
 14.72000000   0.02657177   0.11223006   0.10262578   0.09087098
 14.76000000   0.02616576   0.11392848   0.10431035   0.09250972
 14.80000000   0.02576572   0.11565458   0.10602332   0.09417774
 14.84000000   0.02537158   0.11740883   0.10776519   0.09587554
 14.88000000   0.02498325   0.11919167   0.10953645   0.09760367
 14.92000000   0.02460065   0.12100359   0.11133758   0.09936266
 14.96000000   0.02422371   0.12284504   0.11316911   0.10115305
 15.00000000   0.02385234   0.12471653   0.11503153   0.10297540
 15.04000000   0.02348646   0.12661855   0.11692537   0.10483028
 15.08000000   0.02312601   0.12855158   0.11885118   0.10671825
 15.12000000   0.02277091   0.13051614   0.12080948   0.10863991
 15.16000000   0.02242108   0.13251276   0.12280082   0.11059585
 15.20000000   0.02207645   0.13454194   0.12482577   0.11258667
 15.24000000   0.02173694   0.13660423   0.12688490   0.11461300
 15.28000000   0.02140249   0.13870018   0.12897878   0.11667545
 15.32000000   0.02107303   0.14083032   0.13110799   0.11877467
 15.36000000   0.02074848   0.14299523   0.13327315   0.12091131
 15.40000000   0.02042877   0.14519547   0.13547485   0.12308602
 15.44000000   0.02011384   0.14743162   0.13771372   0.12529949
 15.48000000   0.01980362   0.14970428   0.13999038   0.12755238
 15.52000000   0.01949805   0.15201403   0.14230547   0.12984540
 15.56000000   0.01919705   0.15436150   0.14465964   0.13217926
 15.60000000   0.01890056   0.15674729   0.14705356   0.13455467
 15.64000000   0.01860853   0.15917203   0.14948789   0.13697237
 15.68000000   0.01832088   0.16163638   0.15196332   0.13943310
 15.72000000   0.01803755   0.16414097   0.15448054   0.14193762
 15.76000000   0.01775848   0.16668646   0.15704026   0.14448671
 15.80000000   0.01748362   0.16927353   0.15964320   0.14708114
 15.84000000   0.01721289   0.17190286   0.16229008   0.14972172
 15.88000000   0.01694625   0.17457514   0.16498166   0.15240925
 15.92000000   0.01668363   0.17729108   0.16771868   0.15514458
 15.96000000   0.01642497   0.18005140   0.17050191   0.15792852
 16.00000000   0.01617022   0.18285681   0.17333214   0.16076195
 16.04000000   0.01591933   0.18570807   0.17621016   0.16364573
 16.08000000   0.01567223   0.18860593   0.17913677   0.16658075
 16.12000000   0.01542887   0.19155115   0.18211281   0.16956791
 16.16000000   0.01518920   0.19454450   0.18513909   0.17260812
 16.20000000   0.01495316   0.19758678   0.18821647   0.17570232
 16.24000000   0.01472071   0.20067880   0.19134582   0.17885145
 16.28000000   0.01449178   0.20382136   0.19452801   0.18205648
 16.32000000   0.01426633   0.20701530   0.19776393   0.18531840
 16.36000000   0.01404431   0.21026146   0.20105449   0.18863820
 16.40000000   0.01382567   0.21356071   0.20440061   0.19201690
 16.44000000   0.01361035   0.21691390   0.20780324   0.19545553
 16.48000000   0.01339832   0.22032193   0.21126332   0.19895514
 16.52000000   0.01318951   0.22378570   0.21478182   0.20251681
 16.56000000   0.01298390   0.22730612   0.21835974   0.20614162
 16.60000000   0.01278141   0.23088413   0.22199807   0.20983068
 16.64000000   0.01258202   0.23452067   0.22569784   0.21358512
 16.68000000   0.01238568   0.23821670   0.22946007   0.21740607
 16.72000000   0.01219234   0.24197319   0.23328583   0.22129472
 16.76000000   0.01200195   0.24579115   0.23717618   0.22525225
 16.80000000   0.01181448   0.24967158   0.24113222   0.22927985
 16.84000000   0.01162988   0.25361551   0.24515505   0.23337877
 16.88000000   0.01144811   0.25762397   0.24924581   0.23755024
 16.92000000   0.01126912   0.26169804   0.25340563   0.24179554
 16.96000000   0.01109288   0.26583879   0.25763568   0.24611597
 17.00000000   0.01091935   0.27004731   0.26193714   0.25051283
 17.04000000   0.01074848   0.27432472   0.26631123   0.25498746
 17.08000000   0.01058023   0.27867215   0.27075916   0.25954123
 17.12000000   0.01041457   0.28309075   0.27528218   0.26417553
 17.16000000   0.01025146   0.28758169   0.27988156   0.26889174
 17.20000000   0.01009086   0.29214616   0.28455858   0.27369132
 17.24000000   0.00993272   0.29678536   0.28931455   0.27857572
 17.28000000   0.00977703   0.30150053   0.29415080   0.28354642
 17.32000000   0.00962373   0.30629291   0.29906869   0.28860493
 17.36000000   0.00947280   0.31116378   0.30406959   0.29375278
 17.40000000   0.00932420   0.31611441   0.30915490   0.29899153
 17.44000000   0.00917788   0.32114613   0.31432605   0.30432278
 17.48000000   0.00903383   0.32626026   0.31958447   0.30974813
 17.52000000   0.00889200   0.33145816   0.32493164   0.31526924
 17.56000000   0.00875237   0.33674121   0.33036906   0.32088776
 17.60000000   0.00861489   0.34211080   0.33589824   0.32660541
 17.64000000   0.00847954   0.34756836   0.34152073   0.33242391
 17.68000000   0.00834628   0.35311534   0.34723810   0.33834502
 17.72000000   0.00821508   0.35875319   0.35305196   0.34437053
 17.76000000   0.00808592   0.36448343   0.35896392   0.35050226
 17.80000000   0.00795876   0.37030756   0.36497563   0.35674207
 17.84000000   0.00783356   0.37622713   0.37108879   0.36309183
 17.88000000   0.00771031   0.38224370   0.37730509   0.36955347
 17.92000000   0.00758897   0.38835888   0.38362627   0.37612894
 17.96000000   0.00746952   0.39457427   0.39005409   0.38282020
 18.00000000   0.00735192   0.40089154   0.39659036   0.38962930
 18.04000000   0.00723614   0.40731235   0.40323689   0.39655827
 18.08000000   0.00712216   0.41383841   0.40999555   0.40360921
 18.12000000   0.00700996   0.42047144   0.41686822   0.41078423
 18.16000000   0.00689950   0.42721321   0.42385681   0.41808550
 18.20000000   0.00679075   0.43406550   0.43096329   0.42551521
 18.24000000   0.00668370   0.44103012   0.43818962   0.43307561
 18.28000000   0.00657832   0.44810894   0.44553784   0.44076896
 18.32000000   0.00647457   0.45530381   0.45300999   0.44859757
 18.36000000   0.00637244   0.46261665   0.46060815   0.45656381
 18.40000000   0.00627191   0.47004940   0.46833444   0.46467005
 18.44000000   0.00617294   0.47760404   0.47619102   0.47291874
 18.48000000   0.00607551   0.48528255   0.48418008   0.48131236
 18.52000000   0.00597960   0.49308699   0.49230385   0.48985341
 18.56000000   0.00588519   0.50101941   0.50056460   0.49854446
 18.60000000   0.00579225   0.50908193   0.50896461   0.50738812
 18.64000000   0.00570076   0.51727668   0.51750625   0.51638705
 18.68000000   0.00561070   0.52560583   0.52619188   0.52554392
 18.72000000   0.00552205   0.53407161   0.53502394   0.53486150
 18.76000000   0.00543479   0.54267624   0.54400487   0.54434256
 18.80000000   0.00534888   0.55142201   0.55313718   0.55398995
 18.84000000   0.00526433   0.56031125   0.56242343   0.56380655
 18.88000000   0.00518109   0.56934631   0.57186618   0.57379529
 18.92000000   0.00509916   0.57852960   0.58146808   0.58395918
 18.96000000   0.00501850   0.58786353   0.59123179   0.59430123
 19.00000000   0.00493911   0.59735060   0.60116004   0.60482454
 19.04000000   0.00486097   0.60699332   0.61125560   0.61553226
 19.08000000   0.00478405   0.61679425   0.62152126   0.62642758
 19.12000000   0.00470833   0.62675599   0.63195989   0.63751376
 19.16000000   0.00463380   0.63688117   0.64257439   0.64879409
 19.20000000   0.00456044   0.64717250   0.65336773   0.66027196
 19.24000000   0.00448823   0.65763270   0.66434289   0.67195076
 19.28000000   0.00441715   0.66826454   0.67550294   0.68383400
 19.32000000   0.00434719   0.67907086   0.68685097   0.69592520
 19.36000000   0.00427832   0.69005450   0.69839015   0.70822797
 19.40000000   0.00421054   0.70121841   0.71012369   0.72074599
 19.44000000   0.00414382   0.71256552   0.72205484   0.73348295
 19.48000000   0.00407814   0.72409886   0.73418692   0.74644266
 19.52000000   0.00401350   0.73582149   0.74652332   0.75962898
 19.56000000   0.00394988   0.74773651   0.75906744   0.77304581
 19.60000000   0.00388725   0.75984710   0.77182280   0.78669716
 19.64000000   0.00382561   0.77215646   0.78479291   0.80058707
 19.68000000   0.00376494   0.78466787   0.79798140   0.81471968
 19.72000000   0.00370522   0.79738464   0.81139193   0.82909917
 19.76000000   0.00364645   0.81031014   0.82502821   0.84372982
 19.80000000   0.00358859   0.82344783   0.83889405   0.85861597
 19.84000000   0.00353165   0.83680116   0.85299328   0.87376202
 19.88000000   0.00347561   0.85037371   0.86732983   0.88917249
 19.92000000   0.00342044   0.86416905   0.88190767   0.90485192
 19.96000000   0.00336615   0.87819087   0.89673086   0.92080497
 20.00000000   0.00331271   0.89244288   0.91180350   0.93703636
