D
   1.      2.00     1     0
   .800000   .800000
   501    .020
    .0062500  -1.9893600  -1.3699598
    .0200000  -1.9926967  -1.3714944
    .0400000  -2.0002977  -1.3751569
    .0600000  -2.0104301  -1.3802579
    .0800000  -2.0227376  -1.3866933
    .1000000  -2.0369960  -1.3943997
    .1200000  -2.0530241  -1.4033192
    .1400000  -2.0706519  -1.4133885
    .1600000  -2.0897059  -1.4245337
    .1800000  -2.1100008  -1.4366679
    .2000000  -2.1313338  -1.4496895
    .2200000  -2.1534813  -1.4634815
    .2400000  -2.1761962  -1.4779106
    .2600000  -2.1992060  -1.4928271
    .2800000  -2.2222115  -1.5080648
    .3000000  -2.2448864  -1.5234418
    .3200000  -2.2668776  -1.5387604
    .3400000  -2.2878057  -1.5538088
    .3600000  -2.3072669  -1.5683623
    .3800000  -2.3248352  -1.5821856
    .4000000  -2.3400662  -1.5950344
    .4200000  -2.3525017  -1.6066591
    .4400000  -2.3616748  -1.6168082
    .4600000  -2.3671173  -1.6252315
    .4800000  -2.3683672  -1.6316852
    .5000000  -2.3649779  -1.6359364
    .5200000  -2.3565288  -1.6377681
    .5400000  -2.3426357  -1.6369847
    .5600000  -2.3229637  -1.6334175
    .5800000  -2.2972389  -1.6269296
    .6000000  -2.2652616  -1.6174217
    .6200000  -2.2269188  -1.6048358
    .6400000  -2.1821961  -1.5891602
    .6600000  -2.1311881  -1.5704320
    .6800000  -2.0741071  -1.5487389
    .7000000  -2.0112896  -1.5242204
    .7200000  -1.9431995  -1.4970668
    .7400000  -1.8704266  -1.4675167
    .7600000  -1.7936820  -1.4358531
    .7800000  -1.7137878  -1.4023981
    .8000000  -1.6316624  -1.3675050
    .8200000  -1.5483005  -1.3315506
    .8400000  -1.4647483  -1.2949253
    .8600000  -1.3820755  -1.2580224
    .8800000  -1.3013430  -1.2212282
    .9000000  -1.2235704  -1.1849107
    .9200000  -1.1497019  -1.1494101
    .9400000  -1.0805750  -1.1150297
    .9600000  -1.0168916  -1.0820284
    .9800000   -.9591952  -1.0506155
   1.0000000   -.9078542  -1.0209470
   1.0200000   -.8630532   -.9931244
   1.0400000   -.8247903   -.9671953
   1.0600000   -.7928861   -.9431567
   1.0800000   -.7670007   -.9209607
   1.1000000   -.7466570   -.9005205
   1.1200000   -.7312657   -.8817179
   1.1400000   -.7201584   -.8644112
   1.1600000   -.7126238   -.8484447
   1.1800000   -.7079371   -.8336558
   1.2000000   -.7053915   -.8198823
   1.2200000   -.7043276   -.8069696
   1.2400000   -.7041486   -.7947741
   1.2600000   -.7043402   -.7831681
   1.2800000   -.7044826   -.7720420
   1.3000000   -.7042419   -.7613036
   1.3200000   -.7033822   -.7508801
   1.3400000   -.7017508   -.7407158
   1.3600000   -.6992653   -.7307694
   1.3800000   -.6959132   -.7210141
   1.4000000   -.6917248   -.7114324
   1.4200000   -.6867707   -.7020160
   1.4400000   -.6811434   -.6927620
   1.4600000   -.6749495   -.6836714
   1.4800000   -.6682990   -.6747474
   1.5000000   -.6612999   -.6659941
   1.5200000   -.6540509   -.6574155
   1.5400000   -.6466414   -.6490148
   1.5600000   -.6391465   -.6407943
   1.5800000   -.6316293   -.6327547
   1.6000000   -.6241395   -.6248957
   1.6200000   -.6167161   -.6172158
   1.6400000   -.6093877   -.6097123
   1.6600000   -.6021748   -.6023820
   1.6800000   -.5950909   -.5952210
   1.7000000   -.5881448   -.5882249
   1.7200000   -.5813406   -.5813892
   1.7400000   -.5746802   -.5747091
   1.7600000   -.5681629   -.5681798
   1.7800000   -.5617870   -.5617967
   1.8000000   -.5555496   -.5555550
   1.8200000   -.5494473   -.5494503
   1.8400000   -.5434765   -.5434782
   1.8600000   -.5376335   -.5376344
   1.8800000   -.5319145   -.5319149
   1.9000000   -.5263156   -.5263158
   1.9200000   -.5208333   -.5208334
   1.9400000   -.5154639   -.5154640
   1.9600000   -.5102041   -.5102041
   1.9800000   -.5050505   -.5050505
   2.0000000   -.5000000   -.5000000
   2.0200000   -.4950495   -.4950495
   2.0400000   -.4901961   -.4901961
   2.0600000   -.4854369   -.4854369
   2.0800000   -.4807693   -.4807693
   2.1000000   -.4761905   -.4761905
   2.1200000   -.4716981   -.4716981
   2.1400000   -.4672897   -.4672897
   2.1600000   -.4629630   -.4629630
   2.1800000   -.4587156   -.4587156
   2.2000000   -.4545454   -.4545454
   2.2200000   -.4504504   -.4504504
   2.2400000   -.4464286   -.4464286
   2.2600000   -.4424779   -.4424779
   2.2800000   -.4385965   -.4385965
   2.3000000   -.4347826   -.4347826
   2.3200000   -.4310345   -.4310345
   2.3400000   -.4273504   -.4273504
   2.3600000   -.4237288   -.4237288
   2.3800000   -.4201680   -.4201680
   2.4000000   -.4166666   -.4166666
   2.4200000   -.4132231   -.4132231
   2.4400000   -.4098360   -.4098360
   2.4600000   -.4065040   -.4065040
   2.4800000   -.4032258   -.4032258
   2.5000000   -.4000000   -.4000000
   2.5200000   -.3968254   -.3968254
   2.5400000   -.3937008   -.3937008
   2.5600000   -.3906250   -.3906250
   2.5800000   -.3875969   -.3875969
   2.6000000   -.3846153   -.3846153
   2.6200000   -.3816793   -.3816793
   2.6400000   -.3787878   -.3787878
   2.6600000   -.3759398   -.3759398
   2.6800000   -.3731343   -.3731343
   2.7000000   -.3703703   -.3703703
   2.7200000   -.3676470   -.3676470
   2.7400000   -.3649635   -.3649635
   2.7600000   -.3623188   -.3623188
   2.7800000   -.3597122   -.3597122
   2.8000000   -.3571428   -.3571428
   2.8200000   -.3546099   -.3546099
   2.8400000   -.3521126   -.3521126
   2.8600000   -.3496503   -.3496503
   2.8800000   -.3472222   -.3472222
   2.9000000   -.3448275   -.3448275
   2.9200000   -.3424657   -.3424657
   2.9400000   -.3401360   -.3401360
   2.9600000   -.3378378   -.3378378
   2.9800000   -.3355704   -.3355704
   3.0000000   -.3333333   -.3333333
   3.0200000   -.3311258   -.3311258
   3.0400000   -.3289473   -.3289473
   3.0600000   -.3267974   -.3267974
   3.0800000   -.3246753   -.3246753
   3.1000000   -.3225806   -.3225806
   3.1200000   -.3205128   -.3205128
   3.1400000   -.3184713   -.3184713
   3.1600000   -.3164557   -.3164557
   3.1800000   -.3144654   -.3144654
   3.2000000   -.3125000   -.3125000
   3.2200000   -.3105590   -.3105590
   3.2400000   -.3086419   -.3086419
   3.2600000   -.3067484   -.3067484
   3.2800000   -.3048780   -.3048780
   3.3000000   -.3030303   -.3030303
   3.3200000   -.3012048   -.3012048
   3.3400000   -.2994012   -.2994012
   3.3600000   -.2976190   -.2976190
   3.3800000   -.2958580   -.2958580
   3.4000000   -.2941176   -.2941176
   3.4200000   -.2923976   -.2923976
   3.4400000   -.2906976   -.2906976
   3.4600000   -.2890173   -.2890173
   3.4800000   -.2873563   -.2873563
   3.5000000   -.2857143   -.2857143
   3.5200000   -.2840909   -.2840909
   3.5400000   -.2824859   -.2824859
   3.5600000   -.2808989   -.2808989
   3.5800000   -.2793296   -.2793296
   3.6000000   -.2777778   -.2777778
   3.6200000   -.2762431   -.2762431
   3.6400000   -.2747253   -.2747253
   3.6600000   -.2732240   -.2732240
   3.6800000   -.2717391   -.2717391
   3.7000000   -.2702703   -.2702703
   3.7200000   -.2688172   -.2688172
   3.7400000   -.2673797   -.2673797
   3.7600000   -.2659574   -.2659574
   3.7800000   -.2645503   -.2645503
   3.8000000   -.2631579   -.2631579
   3.8200000   -.2617801   -.2617801
   3.8400000   -.2604167   -.2604167
   3.8600000   -.2590673   -.2590673
   3.8800000   -.2577320   -.2577320
   3.9000000   -.2564103   -.2564103
   3.9200000   -.2551020   -.2551020
   3.9400000   -.2538071   -.2538071
   3.9600000   -.2525252   -.2525252
   3.9800000   -.2512563   -.2512563
   4.0000000   -.2500000   -.2500000
   4.0200000   -.2487562   -.2487562
   4.0400000   -.2475248   -.2475248
   4.0600000   -.2463054   -.2463054
   4.0800000   -.2450980   -.2450980
   4.1000000   -.2439024   -.2439024
   4.1200000   -.2427185   -.2427185
   4.1400000   -.2415459   -.2415459
   4.1600000   -.2403846   -.2403846
   4.1800000   -.2392345   -.2392345
   4.2000000   -.2380952   -.2380952
   4.2200000   -.2369668   -.2369668
   4.2400000   -.2358491   -.2358491
   4.2600000   -.2347418   -.2347418
   4.2800000   -.2336449   -.2336449
   4.3000000   -.2325581   -.2325581
   4.3200000   -.2314815   -.2314815
   4.3400000   -.2304148   -.2304148
   4.3600000   -.2293578   -.2293578
   4.3800000   -.2283105   -.2283105
   4.4000000   -.2272727   -.2272727
   4.4200000   -.2262444   -.2262444
   4.4400000   -.2252252   -.2252252
   4.4600000   -.2242153   -.2242153
   4.4800000   -.2232143   -.2232143
   4.5000000   -.2222222   -.2222222
   4.5200000   -.2212390   -.2212390
   4.5400000   -.2202643   -.2202643
   4.5600000   -.2192983   -.2192983
   4.5800000   -.2183406   -.2183406
   4.6000000   -.2173913   -.2173913
   4.6200000   -.2164502   -.2164502
   4.6400000   -.2155173   -.2155173
   4.6600000   -.2145923   -.2145923
   4.6800000   -.2136752   -.2136752
   4.7000000   -.2127660   -.2127660
   4.7200000   -.2118644   -.2118644
   4.7400000   -.2109705   -.2109705
   4.7600000   -.2100841   -.2100841
   4.7800000   -.2092050   -.2092050
   4.8000000   -.2083334   -.2083334
   4.8200000   -.2074689   -.2074689
   4.8400000   -.2066116   -.2066116
   4.8600000   -.2057613   -.2057613
   4.8800000   -.2049181   -.2049181
   4.9000000   -.2040817   -.2040817
   4.9200000   -.2032521   -.2032521
   4.9400000   -.2024292   -.2024292
   4.9600000   -.2016129   -.2016129
   4.9800000   -.2008032   -.2008032
   5.0000000   -.2000000   -.2000000
   5.0200000   -.1992032   -.1992032
   5.0400000   -.1984127   -.1984127
   5.0600000   -.1976285   -.1976285
   5.0800000   -.1968504   -.1968504
   5.1000000   -.1960785   -.1960785
   5.1200000   -.1953125   -.1953125
   5.1400000   -.1945526   -.1945526
   5.1600000   -.1937985   -.1937985
   5.1800000   -.1930502   -.1930502
   5.2000000   -.1923077   -.1923077
   5.2200000   -.1915709   -.1915709
   5.2400000   -.1908397   -.1908397
   5.2600000   -.1901141   -.1901141
   5.2800000   -.1893940   -.1893940
   5.3000000   -.1886793   -.1886793
   5.3200000   -.1879700   -.1879700
   5.3400000   -.1872660   -.1872660
   5.3600000   -.1865672   -.1865672
   5.3800000   -.1858736   -.1858736
   5.4000000   -.1851852   -.1851852
   5.4200000   -.1845019   -.1845019
   5.4400000   -.1838236   -.1838236
   5.4600000   -.1831502   -.1831502
   5.4800000   -.1824818   -.1824818
   5.5000000   -.1818182   -.1818182
   5.5200000   -.1811595   -.1811595
   5.5400000   -.1805055   -.1805055
   5.5600000   -.1798562   -.1798562
   5.5800000   -.1792115   -.1792115
   5.6000000   -.1785715   -.1785715
   5.6200000   -.1779360   -.1779360
   5.6400000   -.1773050   -.1773050
   5.6600000   -.1766785   -.1766785
   5.6800000   -.1760564   -.1760564
   5.7000000   -.1754386   -.1754386
   5.7200000   -.1748252   -.1748252
   5.7400000   -.1742161   -.1742161
   5.7600000   -.1736112   -.1736112
   5.7800000   -.1730104   -.1730104
   5.8000000   -.1724138   -.1724138
   5.8200000   -.1718213   -.1718213
   5.8400000   -.1712329   -.1712329
   5.8600000   -.1706485   -.1706485
   5.8800000   -.1700681   -.1700681
   5.9000000   -.1694916   -.1694916
   5.9200000   -.1689190   -.1689190
   5.9400000   -.1683502   -.1683502
   5.9600000   -.1677853   -.1677853
   5.9800000   -.1672241   -.1672241
   6.0000000   -.1666667   -.1666667
   6.0200000   -.1661130   -.1661130
   6.0400000   -.1655630   -.1655630
   6.0600000   -.1650165   -.1650165
   6.0800000   -.1644737   -.1644737
   6.1000000   -.1639345   -.1639345
   6.1200000   -.1633987   -.1633987
   6.1400000   -.1628665   -.1628665
   6.1600000   -.1623377   -.1623377
   6.1800000   -.1618123   -.1618123
   6.2000000   -.1612904   -.1612904
   6.2200000   -.1607718   -.1607718
   6.2400000   -.1602565   -.1602565
   6.2600000   -.1597445   -.1597445
   6.2800000   -.1592357   -.1592357
   6.3000000   -.1587302   -.1587302
   6.3200000   -.1582279   -.1582279
   6.3400000   -.1577288   -.1577288
   6.3600000   -.1572328   -.1572328
   6.3800000   -.1567399   -.1567399
   6.4000000   -.1562500   -.1562500
   6.4200000   -.1557633   -.1557633
   6.4400000   -.1552795   -.1552795
   6.4600000   -.1547988   -.1547988
   6.4800000   -.1543210   -.1543210
   6.5000000   -.1538462   -.1538462
   6.5200000   -.1533743   -.1533743
   6.5400000   -.1529052   -.1529052
   6.5600000   -.1524391   -.1524391
   6.5800000   -.1519757   -.1519757
   6.6000000   -.1515152   -.1515152
   6.6200000   -.1510574   -.1510574
   6.6400000   -.1506025   -.1506025
   6.6600000   -.1501502   -.1501502
   6.6800000   -.1497006   -.1497006
   6.7000000   -.1492538   -.1492538
   6.7200000   -.1488096   -.1488096
   6.7400000   -.1483680   -.1483680
   6.7600000   -.1479290   -.1479290
   6.7800000   -.1474927   -.1474927
   6.8000000   -.1470589   -.1470589
   6.8200000   -.1466276   -.1466276
   6.8400000   -.1461989   -.1461989
   6.8600000   -.1457726   -.1457726
   6.8800000   -.1453489   -.1453489
   6.9000000   -.1449276   -.1449276
   6.9200000   -.1445087   -.1445087
   6.9400000   -.1440923   -.1440923
   6.9600000   -.1436782   -.1436782
   6.9800000   -.1432665   -.1432665
   7.0000000   -.1428572   -.1428572
   7.0200000   -.1424502   -.1424502
   7.0400000   -.1420455   -.1420455
   7.0600000   -.1416431   -.1416431
   7.0800000   -.1412430   -.1412430
   7.1000000   -.1408451   -.1408451
   7.1200000   -.1404495   -.1404495
   7.1400000   -.1400561   -.1400561
   7.1600000   -.1396648   -.1396648
   7.1800000   -.1392758   -.1392758
   7.2000000   -.1388889   -.1388889
   7.2200000   -.1385042   -.1385042
   7.2400000   -.1381216   -.1381216
   7.2600000   -.1377411   -.1377411
   7.2800000   -.1373627   -.1373627
   7.3000000   -.1369863   -.1369863
   7.3200000   -.1366121   -.1366121
   7.3400000   -.1362398   -.1362398
   7.3600000   -.1358696   -.1358696
   7.3800000   -.1355014   -.1355014
   7.4000000   -.1351352   -.1351352
   7.4200000   -.1347709   -.1347709
   7.4400000   -.1344086   -.1344086
   7.4600000   -.1340483   -.1340483
   7.4800000   -.1336899   -.1336899
   7.5000000   -.1333334   -.1333334
   7.5200000   -.1329788   -.1329788
   7.5400000   -.1326260   -.1326260
   7.5600000   -.1322752   -.1322752
   7.5800000   -.1319262   -.1319262
   7.6000000   -.1315790   -.1315790
   7.6200000   -.1312336   -.1312336
   7.6400000   -.1308901   -.1308901
   7.6600000   -.1305483   -.1305483
   7.6800000   -.1302084   -.1302084
   7.7000000   -.1298702   -.1298702
   7.7200000   -.1295337   -.1295337
   7.7400000   -.1291990   -.1291990
   7.7600000   -.1288660   -.1288660
   7.7800000   -.1285347   -.1285347
   7.8000000   -.1282052   -.1282052
   7.8200000   -.1278773   -.1278773
   7.8400000   -.1275511   -.1275511
   7.8600000   -.1272265   -.1272265
   7.8800000   -.1269036   -.1269036
   7.9000000   -.1265823   -.1265823
   7.9200000   -.1262627   -.1262627
   7.9400000   -.1259446   -.1259446
   7.9600000   -.1256282   -.1256282
   7.9800000   -.1253133   -.1253133
   8.0000000   -.1250000   -.1250000
   8.0200000   -.1246883   -.1246883
   8.0400000   -.1243781   -.1243781
   8.0600000   -.1240695   -.1240695
   8.0800000   -.1237624   -.1237624
   8.1000000   -.1234568   -.1234568
   8.1200000   -.1231527   -.1231527
   8.1400000   -.1228502   -.1228502
   8.1600000   -.1225491   -.1225491
   8.1800000   -.1222494   -.1222494
   8.2000000   -.1219513   -.1219513
   8.2200000   -.1216545   -.1216545
   8.2400000   -.1213593   -.1213593
   8.2600000   -.1210654   -.1210654
   8.2800000   -.1207730   -.1207730
   8.3000000   -.1204820   -.1204820
   8.3200000   -.1201923   -.1201923
   8.3400000   -.1199041   -.1199041
   8.3600000   -.1196173   -.1196173
   8.3800000   -.1193318   -.1193318
   8.4000000   -.1190477   -.1190477
   8.4200000   -.1187649   -.1187649
   8.4400000   -.1184834   -.1184834
   8.4600000   -.1182033   -.1182033
   8.4800000   -.1179246   -.1179246
   8.5000000   -.1176471   -.1176471
   8.5200000   -.1173709   -.1173709
   8.5400000   -.1170961   -.1170961
   8.5600000   -.1168225   -.1168225
   8.5800000   -.1165502   -.1165502
   8.6000000   -.1162791   -.1162791
   8.6200000   -.1160093   -.1160093
   8.6400000   -.1157408   -.1157408
   8.6600000   -.1154735   -.1154735
   8.6800000   -.1152074   -.1152074
   8.7000000   -.1149426   -.1149426
   8.7200000   -.1146789   -.1146789
   8.7400000   -.1144165   -.1144165
   8.7600000   -.1141553   -.1141553
   8.7800000   -.1138953   -.1138953
   8.8000000   -.1136364   -.1136364
   8.8200000   -.1133787   -.1133787
   8.8400000   -.1131222   -.1131222
   8.8600000   -.1128669   -.1128669
   8.8800000   -.1126126   -.1126126
   8.9000000   -.1123596   -.1123596
   8.9200000   -.1121077   -.1121077
   8.9400000   -.1118569   -.1118569
   8.9600000   -.1116072   -.1116072
   8.9800000   -.1113586   -.1113586
   9.0000000   -.1111111   -.1111111
   9.0200000   -.1108648   -.1108648
   9.0400000   -.1106195   -.1106195
   9.0600000   -.1103753   -.1103753
   9.0800000   -.1101322   -.1101322
   9.1000000   -.1098901   -.1098901
   9.1200000   -.1096492   -.1096492
   9.1400000   -.1094092   -.1094092
   9.1600000   -.1091703   -.1091703
   9.1800000   -.1089325   -.1089325
   9.2000000   -.1086957   -.1086957
   9.2200000   -.1084599   -.1084599
   9.2400000   -.1082251   -.1082251
   9.2600000   -.1079914   -.1079914
   9.2800000   -.1077587   -.1077587
   9.3000000   -.1075269   -.1075269
   9.3200000   -.1072962   -.1072962
   9.3400000   -.1070664   -.1070664
   9.3600000   -.1068376   -.1068376
   9.3800000   -.1066098   -.1066098
   9.4000000   -.1063830   -.1063830
   9.4200000   -.1061571   -.1061571
   9.4400000   -.1059322   -.1059322
   9.4600000   -.1057083   -.1057083
   9.4800000   -.1054853   -.1054853
   9.5000000   -.1052632   -.1052632
   9.5200000   -.1050420   -.1050420
   9.5400000   -.1048218   -.1048218
   9.5600000   -.1046025   -.1046025
   9.5800000   -.1043842   -.1043842
   9.6000000   -.1041667   -.1041667
   9.6200000   -.1039501   -.1039501
   9.6400000   -.1037345   -.1037345
   9.6600000   -.1035197   -.1035197
   9.6800000   -.1033058   -.1033058
   9.7000000   -.1030928   -.1030928
   9.7200000   -.1028807   -.1028807
   9.7400000   -.1026694   -.1026694
   9.7600000   -.1024590   -.1024590
   9.7800000   -.1022495   -.1022495
   9.8000000   -.1020408   -.1020408
   9.8200000   -.1018330   -.1018330
   9.8400000   -.1016260   -.1016260
   9.8600000   -.1014199   -.1014199
   9.8800000   -.1012146   -.1012146
   9.9000000   -.1010101   -.1010101
   9.9200000   -.1008065   -.1008065
   9.9400000   -.1006036   -.1006036
   9.9600000   -.1004016   -.1004016
   9.9800000   -.1002004   -.1002004
  10.0000000   -.1000000   -.1000000
    .0062500    .0079847    .0000000
    .0200000    .0255475    .0000003
    .0400000    .0510660    .0000012
    .0600000    .0765256    .0000028
    .0800000    .1018962    .0000049
    .1000000    .1271474    .0000076
    .1200000    .1522480    .0000110
    .1400000    .1771663    .0000149
    .1600000    .2018699    .0000195
    .1800000    .2263257    .0000246
    .2000000    .2505000    .0000304
    .2200000    .2743582    .0000367
    .2400000    .2978652    .0000436
    .2600000    .3209855    .0000511
    .2800000    .3436827    .0000591
    .3000000    .3659205    .0000677
    .3200000    .3876623    .0000769
    .3400000    .4088715    .0000866
    .3600000    .4295119    .0000968
    .3800000    .4495478    .0001076
    .4000000    .4689444    .0001188
    .4200000    .4876681    .0001306
    .4400000    .5056868    .0001428
    .4600000    .5229706    .0001555
    .4800000    .5394916    .0001686
    .5000000    .5552251    .0001822
    .5200000    .5701491    .0001962
    .5400000    .5842456    .0002106
    .5600000    .5975002    .0002254
    .5800000    .6099032    .0002406
    .6000000    .6214489    .0002562
    .6200000    .6321370    .0002721
    .6400000    .6419718    .0002883
    .6600000    .6509629    .0003048
    .6800000    .6591247    .0003217
    .7000000    .6664768    .0003389
    .7200000    .6730435    .0003563
    .7400000    .6788536    .0003740
    .7600000    .6839398    .0003920
    .7800000    .6883385    .0004103
    .8000000    .6920893    .0004288
    .8200000    .6952337    .0004475
    .8400000    .6978154    .0004665
    .8600000    .6998785    .0004858
    .8800000    .7014677    .0005053
    .9000000    .7026270    .0005250
    .9200000    .7033991    .0005450
    .9400000    .7038249    .0005652
    .9600000    .7039428    .0005857
    .9800000    .7037883    .0006064
   1.0000000    .7033938    .0006274
   1.0200000    .7027877    .0006487
   1.0400000    .7019952    .0006702
   1.0600000    .7010374    .0006919
   1.0800000    .6999321    .0007140
   1.1000000    .6986937    .0007363
   1.1200000    .6973331    .0007588
   1.1400000    .6958586    .0007816
   1.1600000    .6942763    .0008047
   1.1800000    .6925899    .0008281
   1.2000000    .6908017    .0008518
   1.2200000    .6889128    .0008757
   1.2400000    .6869234    .0008999
   1.2600000    .6848332    .0009243
   1.2800000    .6826418    .0009490
   1.3000000    .6803488    .0009740
   1.3200000    .6779539    .0009993
   1.3400000    .6754572    .0010248
   1.3600000    .6728593    .0010506
   1.3800000    .6701613    .0010767
   1.4000000    .6673646    .0011031
   1.4200000    .6644711    .0011297
   1.4400000    .6614832    .0011566
   1.4600000    .6584036    .0011838
   1.4800000    .6552352    .0012112
   1.5000000    .6519814    .0012390
   1.5200000    .6486454    .0012670
   1.5400000    .6452308    .0012953
   1.5600000    .6417411    .0013238
   1.5800000    .6381799    .0013527
   1.6000000    .6345508    .0013819
   1.6200000    .6308573    .0014113
   1.6400000    .6271028    .0014410
   1.6600000    .6232908    .0014711
   1.6800000    .6194247    .0015014
   1.7000000    .6155075    .0015320
   1.7200000    .6115424    .0015629
   1.7400000    .6075325    .0015942
   1.7600000    .6034806    .0016257
   1.7800000    .5993897    .0016576
   1.8000000    .5952624    .0016898
   1.8200000    .5911014    .0017223
   1.8400000    .5869093    .0017551
   1.8600000    .5826885    .0017883
   1.8800000    .5784413    .0018218
   1.9000000    .5741702    .0018556
   1.9200000    .5698773    .0018898
   1.9400000    .5655647    .0019243
   1.9600000    .5612346    .0019592
   1.9800000    .5568888    .0019944
   2.0000000    .5525294    .0020300
   2.0200000    .5481581    .0020659
   2.0400000    .5437768    .0021022
   2.0600000    .5393872    .0021389
   2.0800000    .5349909    .0021760
   2.1000000    .5305895    .0022134
   2.1200000    .5261846    .0022512
   2.1400000    .5217777    .0022895
   2.1600000    .5173701    .0023281
   2.1800000    .5129633    .0023671
   2.2000000    .5085586    .0024065
   2.2200000    .5041572    .0024464
   2.2400000    .4997603    .0024866
   2.2600000    .4953692    .0025273
   2.2800000    .4909850    .0025684
   2.3000000    .4866087    .0026100
   2.3200000    .4822415    .0026520
   2.3400000    .4778842    .0026944
   2.3600000    .4735380    .0027373
   2.3800000    .4692036    .0027807
   2.4000000    .4648820    .0028245
   2.4200000    .4605740    .0028688
   2.4400000    .4562805    .0029136
   2.4600000    .4520022    .0029589
   2.4800000    .4477399    .0030046
   2.5000000    .4434942    .0030509
   2.5200000    .4392660    .0030977
   2.5400000    .4350557    .0031450
   2.5600000    .4308641    .0031928
   2.5800000    .4266918    .0032412
   2.6000000    .4225392    .0032901
   2.6200000    .4184071    .0033395
   2.6400000    .4142958    .0033895
   2.6600000    .4102058    .0034401
   2.6800000    .4061377    .0034912
   2.7000000    .4020919    .0035430
   2.7200000    .3980687    .0035953
   2.7400000    .3940687    .0036482
   2.7600000    .3900921    .0037017
   2.7800000    .3861393    .0037558
   2.8000000    .3822108    .0038106
   2.8200000    .3783067    .0038659
   2.8400000    .3744273    .0039220
   2.8600000    .3705731    .0039786
   2.8800000    .3667442    .0040360
   2.9000000    .3629408    .0040940
   2.9200000    .3591633    .0041527
   2.9400000    .3554117    .0042121
   2.9600000    .3516864    .0042721
   2.9800000    .3479875    .0043329
   3.0000000    .3443152    .0043944
   3.0200000    .3406695    .0044567
   3.0400000    .3370508    .0045197
   3.0600000    .3334590    .0045834
   3.0800000    .3298944    .0046479
   3.1000000    .3263570    .0047132
   3.1200000    .3228469    .0047793
   3.1400000    .3193641    .0048461
   3.1600000    .3159089    .0049138
   3.1800000    .3124811    .0049823
   3.2000000    .3090810    .0050516
   3.2200000    .3057084    .0051218
   3.2400000    .3023635    .0051928
   3.2600000    .2990462    .0052647
   3.2800000    .2957566    .0053375
   3.3000000    .2924947    .0054112
   3.3200000    .2892604    .0054858
   3.3400000    .2860538    .0055613
   3.3600000    .2828749    .0056378
   3.3800000    .2797235    .0057152
   3.4000000    .2765997    .0057935
   3.4200000    .2735035    .0058729
   3.4400000    .2704347    .0059532
   3.4600000    .2673934    .0060346
   3.4800000    .2643794    .0061169
   3.5000000    .2613927    .0062003
   3.5200000    .2584333    .0062848
   3.5400000    .2555009    .0063703
   3.5600000    .2525957    .0064569
   3.5800000    .2497174    .0065446
   3.6000000    .2468660    .0066334
   3.6200000    .2440414    .0067233
   3.6400000    .2412434    .0068144
   3.6600000    .2384720    .0069067
   3.6800000    .2357271    .0070001
   3.7000000    .2330085    .0070947
   3.7200000    .2303162    .0071905
   3.7400000    .2276499    .0072876
   3.7600000    .2250096    .0073859
   3.7800000    .2223952    .0074855
   3.8000000    .2198065    .0075863
   3.8200000    .2172434    .0076885
   3.8400000    .2147057    .0077920
   3.8600000    .2121934    .0078968
   3.8800000    .2097061    .0080030
   3.9000000    .2072439    .0081106
   3.9200000    .2048066    .0082195
   3.9400000    .2023940    .0083299
   3.9600000    .2000060    .0084418
   3.9800000    .1976423    .0085551
   4.0000000    .1953030    .0086698
   4.0200000    .1929877    .0087861
   4.0400000    .1906964    .0089039
   4.0600000    .1884288    .0090232
   4.0800000    .1861849    .0091442
   4.1000000    .1839644    .0092667
   4.1200000    .1817672    .0093908
   4.1400000    .1795932    .0095166
   4.1600000    .1774421    .0096440
   4.1800000    .1753138    .0097731
   4.2000000    .1732081    .0099039
   4.2200000    .1711249    .0100364
   4.2400000    .1690639    .0101707
   4.2600000    .1670251    .0103068
   4.2800000    .1650083    .0104447
   4.3000000    .1630132    .0105845
   4.3200000    .1610397    .0107261
   4.3400000    .1590876    .0108695
   4.3600000    .1571568    .0110149
   4.3800000    .1552471    .0111623
   4.4000000    .1533583    .0113116
   4.4200000    .1514902    .0114629
   4.4400000    .1496427    .0116162
   4.4600000    .1478156    .0117716
   4.4800000    .1460087    .0119290
   4.5000000    .1442218    .0120886
   4.5200000    .1424549    .0122503
   4.5400000    .1407076    .0124142
   4.5600000    .1389798    .0125803
   4.5800000    .1372715    .0127487
   4.6000000    .1355823    .0129193
   4.6200000    .1339121    .0130922
   4.6400000    .1322607    .0132674
   4.6600000    .1306280    .0134450
   4.6800000    .1290139    .0136250
   4.7000000    .1274180    .0138075
   4.7200000    .1258404    .0139924
   4.7400000    .1242807    .0141798
   4.7600000    .1227388    .0143697
   4.7800000    .1212146    .0145623
   4.8000000    .1197079    .0147574
   4.8200000    .1182185    .0149552
   4.8400000    .1167463    .0151557
   4.8600000    .1152911    .0153588
   4.8800000    .1138527    .0155648
   4.9000000    .1124310    .0157736
   4.9200000    .1110257    .0159852
   4.9400000    .1096368    .0161996
   4.9600000    .1082641    .0164170
   4.9800000    .1069075    .0166374
   5.0000000    .1055667    .0168608
   5.0200000    .1042416    .0170872
   5.0400000    .1029320    .0173167
   5.0600000    .1016378    .0175494
   5.0800000    .1003589    .0177852
   5.1000000    .0990950    .0180242
   5.1200000    .0978461    .0182665
   5.1400000    .0966120    .0185122
   5.1600000    .0953924    .0187612
   5.1800000    .0941874    .0190136
   5.2000000    .0929966    .0192694
   5.2200000    .0918201    .0195288
   5.2400000    .0906576    .0197917
   5.2600000    .0895089    .0200583
   5.2800000    .0883740    .0203285
   5.3000000    .0872527    .0206024
   5.3200000    .0861448    .0208800
   5.3400000    .0850502    .0211615
   5.3600000    .0839688    .0214469
   5.3800000    .0829004    .0217361
   5.4000000    .0818448    .0220294
   5.4200000    .0808021    .0223267
   5.4400000    .0797719    .0226280
   5.4600000    .0787542    .0229336
   5.4800000    .0777488    .0232433
   5.5000000    .0767556    .0235573
   5.5200000    .0757745    .0238756
   5.5400000    .0748054    .0241983
   5.5600000    .0738480    .0245255
   5.5800000    .0729023    .0248572
   5.6000000    .0719681    .0251934
   5.6200000    .0710454    .0255343
   5.6400000    .0701340    .0258799
   5.6600000    .0692337    .0262302
   5.6800000    .0683445    .0265854
   5.7000000    .0674662    .0269456
   5.7200000    .0665986    .0273106
   5.7400000    .0657418    .0276808
   5.7600000    .0648955    .0280560
   5.7800000    .0640597    .0284365
   5.8000000    .0632341    .0288222
   5.8200000    .0624188    .0292132
   5.8400000    .0616136    .0296096
   5.8600000    .0608183    .0300116
   5.8800000    .0600329    .0304190
   5.9000000    .0592572    .0308322
   5.9200000    .0584912    .0312510
   5.9400000    .0577347    .0316757
   5.9600000    .0569876    .0321062
   5.9800000    .0562498    .0325427
   6.0000000    .0555212    .0329853
   6.0200000    .0548017    .0334340
   6.0400000    .0540911    .0338889
   6.0600000    .0533895    .0343501
   6.0800000    .0526966    .0348177
   6.1000000    .0520125    .0352918
   6.1200000    .0513368    .0357725
   6.1400000    .0506697    .0362599
   6.1600000    .0500109    .0367540
   6.1800000    .0493605    .0372549
   6.2000000    .0487182    .0377629
   6.2200000    .0480840    .0382779
   6.2400000    .0474577    .0388000
   6.2600000    .0468394    .0393294
   6.2800000    .0462288    .0398661
   6.3000000    .0456260    .0404103
   6.3200000    .0450308    .0409620
   6.3400000    .0444431    .0415215
   6.3600000    .0438629    .0420887
   6.3800000    .0432900    .0426637
   6.4000000    .0427244    .0432468
   6.4200000    .0421659    .0438380
   6.4400000    .0416145    .0444374
   6.4600000    .0410701    .0450451
   6.4800000    .0405327    .0456613
   6.5000000    .0400021    .0462861
   6.5200000    .0394782    .0469195
   6.5400000    .0389610    .0475618
   6.5600000    .0384504    .0482130
   6.5800000    .0379463    .0488732
   6.6000000    .0374487    .0495427
   6.6200000    .0369574    .0502214
   6.6400000    .0364723    .0509097
   6.6600000    .0359935    .0516075
   6.6800000    .0355208    .0523150
   6.7000000    .0350542    .0530323
   6.7200000    .0345935    .0537597
   6.7400000    .0341387    .0544972
   6.7600000    .0336898    .0552449
   6.7800000    .0332466    .0560031
   6.8000000    .0328092    .0567718
   6.8200000    .0323773    .0575512
   6.8400000    .0319510    .0583415
   6.8600000    .0315302    .0591429
   6.8800000    .0311148    .0599553
   6.9000000    .0307047    .0607791
   6.9200000    .0302999    .0616144
   6.9400000    .0299004    .0624613
   6.9600000    .0295060    .0633200
   6.9800000    .0291166    .0641907
   7.0000000    .0287324    .0650735
   7.0200000    .0283530    .0659686
   7.0400000    .0279786    .0668762
   7.0600000    .0276090    .0677965
   7.0800000    .0272442    .0687296
   7.1000000    .0268842    .0696757
   7.1200000    .0265287    .0706349
   7.1400000    .0261779    .0716076
   7.1600000    .0258317    .0725939
   7.1800000    .0254899    .0735939
   7.2000000    .0251526    .0746078
   7.2200000    .0248196    .0756359
   7.2400000    .0244910    .0766783
   7.2600000    .0241666    .0777352
   7.2800000    .0238465    .0788069
   7.3000000    .0235305    .0798936
   7.3200000    .0232186    .0809954
   7.3400000    .0229108    .0821126
   7.3600000    .0226070    .0832454
   7.3800000    .0223072    .0843939
   7.4000000    .0220112    .0855585
   7.4200000    .0217192    .0867394
   7.4400000    .0214309    .0879367
   7.4600000    .0211464    .0891507
   7.4800000    .0208656    .0903817
   7.5000000    .0205885    .0916298
   7.5200000    .0203150    .0928954
   7.5400000    .0200450    .0941787
   7.5600000    .0197786    .0954798
   7.5800000    .0195157    .0967991
   7.6000000    .0192562    .0981368
   7.6200000    .0190002    .0994932
   7.6400000    .0187474    .1008685
   7.6600000    .0184980    .1022630
   7.6800000    .0182519    .1036770
   7.7000000    .0180090    .1051107
   7.7200000    .0177692    .1065644
   7.7400000    .0175326    .1080385
   7.7600000    .0172992    .1095331
   7.7800000    .0170687    .1110486
   7.8000000    .0168413    .1125851
   7.8200000    .0166169    .1141432
   7.8400000    .0163955    .1157230
   7.8600000    .0161769    .1173249
   7.8800000    .0159613    .1189491
   7.9000000    .0157484    .1205961
   7.9200000    .0155384    .1222660
   7.9400000    .0153311    .1239593
   7.9600000    .0151266    .1256761
   7.9800000    .0149247    .1274169
   8.0000000    .0147256    .1291821
   8.0200000    .0145290    .1309718
   8.0400000    .0143350    .1327866
   8.0600000    .0141436    .1346267
   8.0800000    .0139547    .1364925
   8.1000000    .0137683    .1383844
   8.1200000    .0135844    .1403027
   8.1400000    .0134029    .1422478
   8.1600000    .0132238    .1442200
   8.1800000    .0130470    .1462198
   8.2000000    .0128726    .1482474
   8.2200000    .0127005    .1503034
   8.2400000    .0125307    .1523880
   8.2600000    .0123631    .1545019
   8.2800000    .0121977    .1566452
   8.3000000    .0120345    .1588185
   8.3200000    .0118735    .1610221
   8.3400000    .0117146    .1632565
   8.3600000    .0115579    .1655221
   8.3800000    .0114031    .1678193
   8.4000000    .0112505    .1701485
   8.4200000    .0110998    .1725102
   8.4400000    .0109512    .1749050
   8.4600000    .0108045    .1773332
   8.4800000    .0106598    .1797954
   8.5000000    .0105170    .1822919
   8.5200000    .0103761    .1848233
   8.5400000    .0102371    .1873901
   8.5600000    .0100999    .1899927
   8.5800000    .0099645    .1926316
   8.6000000    .0098309    .1953073
   8.6200000    .0096991    .1980204
   8.6400000    .0095691    .2007714
   8.6600000    .0094407    .2035608
   8.6800000    .0093141    .2063892
   8.7000000    .0091892    .2092570
   8.7200000    .0090659    .2121650
   8.7400000    .0089443    .2151135
   8.7600000    .0088243    .2181031
   8.7800000    .0087058    .2211344
   8.8000000    .0085890    .2242079
   8.8200000    .0084737    .2273243
   8.8400000    .0083599    .2304843
   8.8600000    .0082477    .2336883
   8.8800000    .0081370    .2369372
   8.9000000    .0080277    .2402316
   8.9200000    .0079199    .2435720
   8.9400000    .0078135    .2469592
   8.9600000    .0077085    .2503937
   8.9800000    .0076050    .2538763
   9.0000000    .0075028    .2574075
   9.0200000    .0074020    .2609880
   9.0400000    .0073025    .2646186
   9.0600000    .0072044    .2682998
   9.0800000    .0071075    .2720323
   9.1000000    .0070120    .2758169
   9.1200000    .0069177    .2796542
   9.1400000    .0068247    .2835449
   9.1600000    .0067329    .2874897
   9.1800000    .0066424    .2914892
   9.2000000    .0065531    .2955441
   9.2200000    .0064649    .2996552
   9.2400000    .0063779    .3038231
   9.2600000    .0062921    .3080491
   9.2800000    .0062075    .3123341
   9.3000000    .0061239    .3166791
   9.3200000    .0060415    .3210853
   9.3400000    .0059602    .3255536
   9.3600000    .0058800    .3300851
   9.3800000    .0058009    .3346809
   9.4000000    .0057228    .3393420
   9.4200000    .0056457    .3440694
   9.4400000    .0055697    .3488642
   9.4600000    .0054947    .3537272
   9.4800000    .0054208    .3586589
   9.5000000    .0053478    .3636597
   9.5200000    .0052757    .3687297
   9.5400000    .0052047    .3738693
   9.5600000    .0051346    .3790789
   9.5800000    .0050654    .3843588
   9.6000000    .0049972    .3897091
   9.6200000    .0049298    .3951304
   9.6400000    .0048634    .4006229
   9.6600000    .0047979    .4061868
   9.6800000    .0047332    .4118227
   9.7000000    .0046693    .4175321
   9.7200000    .0046064    .4233188
   9.7400000    .0045443    .4291862
   9.7600000    .0044830    .4351382
   9.7800000    .0044225    .4411782
   9.8000000    .0043629    .4473101
   9.8200000    .0043040    .4535373
   9.8400000    .0042460    .4598636
   9.8600000    .0041887    .4662926
   9.8800000    .0041323    .4728280
   9.9000000    .0040766    .4794733
   9.9200000    .0040217    .4862321
   9.9400000    .0039676    .4931027
   9.9600000    .0039142    .5000777
   9.9800000    .0038615    .5071497
  10.0000000    .0038095    .5143112
