Fe
8.000000 56.000000 3
2.291856 2.834512 2.291856 2.379362 
501 0.020000
  0.00000962  -4.64203894  -6.38867520 -17.11920321  -9.73559622
  0.02000000  -4.64248546  -6.38912159 -17.11964795  -9.73604241
  0.04000000  -4.64179381  -6.38842790 -17.11892968  -9.73534584
  0.06000000  -4.63908597  -6.38571128 -17.11610665  -9.73261673
  0.08000000  -4.63246949  -6.37907115 -17.10918066  -9.72594304
  0.10000000  -4.62042531  -6.36697714 -17.09648557  -9.71377842
  0.12000000  -4.60261852  -6.34907985 -17.07749907  -9.69575303
  0.14000000  -4.57984677  -6.32615925 -17.05279232  -9.67262214
  0.16000000  -4.55335789  -6.29944234 -17.02334910  -9.64558382
  0.18000000  -4.52430960  -6.27006300 -16.99002738  -9.61573898
  0.20000000  -4.49359485  -6.23888725 -16.95338667  -9.58391680
  0.22000000  -4.46186271  -6.20653432 -16.91371134  -9.55069599
  0.24000000  -4.42958556  -6.17344381 -16.87108033  -9.51647218
  0.26000000  -4.39711700  -6.13993375 -16.82542802  -9.48151617
  0.28000000  -4.36473152  -6.10624039 -16.77658697  -9.44601399
  0.30000000  -4.33264963  -6.07254334 -16.72431641  -9.41009235
  0.32000000  -4.30105331  -6.03898124 -16.66832126  -9.37383452
  0.34000000  -4.27009559  -6.00566141 -16.60826550  -9.33729034
  0.36000000  -4.23990654  -5.97266603 -16.54378218  -9.30048267
  0.38000000  -4.21059720  -5.94005621 -16.47448142  -9.26341182
  0.40000000  -4.18226226  -5.90787485 -16.39995745  -9.22605873
  0.42000000  -4.15498201  -5.87614883 -16.31979498  -9.18838749
  0.44000000  -4.12882398  -5.84489081 -16.23357528  -9.15034755
  0.46000000  -4.10384432  -5.81410089 -16.14088224  -9.11187566
  0.48000000  -4.08008909  -5.78376814 -16.04130817  -9.07289784
  0.50000000  -4.05759553  -5.75387217 -15.93445973  -9.03333127
  0.52000000  -4.03639337  -5.72438466 -15.81996374  -8.99308622
  0.54000000  -4.01650599  -5.69527096 -15.69747282  -8.95206797
  0.56000000  -3.99795171  -5.66649161 -15.56667099  -8.91017876
  0.58000000  -3.98074492  -5.63800390 -15.42727898  -8.86731964
  0.60000000  -3.96489724  -5.60976334 -15.27905927  -8.82339236
  0.62000000  -3.95041847  -5.58172508 -15.12182078  -8.77830108
  0.64000000  -3.93731755  -5.55384521 -14.95542313  -8.73195401
  0.66000000  -3.92560324  -5.52608193 -14.77978039  -8.68426496
  0.68000000  -3.91528474  -5.49839659 -14.59486432  -8.63515457
  0.70000000  -3.90637211  -5.47075454 -14.40070695  -8.58455155
  0.72000000  -3.89887643  -5.44312581 -14.19740256  -8.53239360
  0.74000000  -3.89280988  -5.41548561 -13.98510894  -8.47862814
  0.76000000  -3.88818553  -5.38781465 -13.76404799  -8.42321287
  0.78000000  -3.88501706  -5.36009928 -13.53450554  -8.36611614
  0.80000000  -3.88331820  -5.33233144 -13.29683051  -8.30731704
  0.82000000  -3.88310210  -5.30450850 -13.05143330  -8.24680544
  0.84000000  -3.88438058  -5.27663293 -12.79878357  -8.18458178
  0.86000000  -3.88716322  -5.24871187 -12.53940722  -8.12065671
  0.88000000  -3.89145645  -5.22075659 -12.27388291  -8.05505071
  0.90000000  -3.89726254  -5.19278193 -12.00283783  -7.98779350
  0.92000000  -3.90457866  -5.16480564 -11.72694307  -7.91892343
  0.94000000  -3.91339582  -5.13684771 -11.44690845  -7.84848685
  0.96000000  -3.92369800  -5.10892971 -11.16347696  -7.77653737
  0.98000000  -3.93546123  -5.08107416 -10.87741885  -7.70313517
  1.00000000  -3.94865283  -5.05330388 -10.58952548  -7.62834633
  1.02000000  -3.96323071  -5.02564146 -10.30060294  -7.55224208
  1.04000000  -3.97914279  -4.99810868 -10.01146558  -7.47489823
  1.06000000  -3.99632659  -4.97072612  -9.72292951  -7.39639448
  1.08000000  -4.01470893  -4.94351272  -9.43580606  -7.31681393
  1.10000000  -4.03420578  -4.91648551  -9.15089549  -7.23624248
  1.12000000  -4.05472226  -4.88965933  -8.86898072  -7.15476843
  1.14000000  -4.07615280  -4.86304664  -8.59082146  -7.07248203
  1.16000000  -4.09838146  -4.83665744  -8.31714857  -6.98947510
  1.18000000  -4.12128233  -4.81049921  -8.04865884  -6.90584074
  1.20000000  -4.14472019  -4.78457687  -7.78601022  -6.82167297
  1.22000000  -4.16855115  -4.75889286  -7.52981753  -6.73706658
  1.24000000  -4.19262357  -4.73344723  -7.28064869  -6.65211680
  1.26000000  -4.21677896  -4.70823775  -7.03902156  -6.56691918
  1.28000000  -4.24085311  -4.68326006  -6.80540137  -6.48156940
  1.30000000  -4.26467719  -4.65850785  -6.58019870  -6.39616306
  1.32000000  -4.28807903  -4.63397306  -6.36376820  -6.31079558
  1.34000000  -4.31088440  -4.60964606  -6.15640783  -6.22556205
  1.36000000  -4.33291841  -4.58551588  -5.95835875  -6.14055706
  1.38000000  -4.35400692  -4.56157043  -5.76980580  -6.05587456
  1.40000000  -4.37397794  -4.53779666  -5.59087849  -5.97160773
  1.42000000  -4.39266316  -4.51418081  -5.42165253  -5.88784878
  1.44000000  -4.40989930  -4.49070860  -5.26215182  -5.80468883
  1.46000000  -4.42552965  -4.46736538  -5.11235081  -5.72221766
  1.48000000  -4.43940541  -4.44413634  -4.97217717  -5.64052354
  1.50000000  -4.45138710  -4.42100662  -4.84151478  -5.55969302
  1.52000000  -4.46134583  -4.39796147  -4.72020683  -5.47981062
  1.54000000  -4.46916452  -4.37498637  -4.60805907  -5.40095864
  1.56000000  -4.47473910  -4.35206708  -4.50484308  -5.32321681
  1.58000000  -4.47797947  -4.32918980  -4.41029948  -5.24666200
  1.60000000  -4.47881049  -4.30634112  -4.32414106  -5.17136788
  1.62000000  -4.47717274  -4.28350818  -4.24605571  -5.09740457
  1.64000000  -4.47302323  -4.26067857  -4.17570917  -5.02483827
  1.66000000  -4.46633590  -4.23784047  -4.11274744  -4.95373085
  1.68000000  -4.45710202  -4.21498255  -4.05679902  -4.88413947
  1.70000000  -4.44533040  -4.19209400  -4.00747672  -4.81611619
  1.72000000  -4.43104750  -4.16916456  -3.96437926  -4.74970754
  1.74000000  -4.41429733  -4.14618443  -3.92709257  -4.68495412
  1.76000000  -4.39514119  -4.12314432  -3.89519080  -4.62189021
  1.78000000  -4.37365729  -4.10003539  -3.86823716  -4.56054341
  1.80000000  -4.34994015  -4.07684928  -3.84578466  -4.50093426
  1.82000000  -4.32409992  -4.05357811  -3.82737671  -4.44307595
  1.84000000  -4.29626147  -4.03021445  -3.81254783  -4.38697398
  1.86000000  -4.26656333  -4.00675136  -3.80082446  -4.33262595
  1.88000000  -4.23515653  -3.98318242  -3.79172603  -4.28002138
  1.90000000  -4.20220325  -3.95950173  -3.78476639  -4.22914152
  1.92000000  -4.16787532  -3.93570396  -3.77945568  -4.17995931
  1.94000000  -4.13235256  -3.91178442  -3.77530285  -4.13243941
  1.96000000  -4.09582104  -3.88773906  -3.77181882  -4.08653824
  1.98000000  -4.05847113  -3.86356454  -3.76852047  -4.04220418
  2.00000000  -4.02049541  -3.83925833  -3.76493545  -3.99937787
  2.02000000  -3.98208648  -3.81481869  -3.76060802  -3.95799258
  2.04000000  -3.94343457  -3.79024478  -3.75510583  -3.91797476
  2.06000000  -3.90472504  -3.76553673  -3.74802771  -3.87924466
  2.08000000  -3.86613569  -3.74069565  -3.73901257  -3.84171716
  2.10000000  -3.82783391  -3.71572373  -3.72774931  -3.80530273
  2.12000000  -3.78997364  -3.69062429  -3.71398768  -3.76990853
  2.14000000  -3.75269222  -3.66540179  -3.69755024  -3.73543972
  2.16000000  -3.71610688  -3.64006193  -3.67834516  -3.70180100
  2.18000000  -3.68031118  -3.61461166  -3.65637998  -3.66889823
  2.20000000  -3.64537114  -3.58905924  -3.63177617  -3.63664044
  2.22000000  -3.61132109  -3.56341423  -3.60478456  -3.60494189
  2.24000000  -3.57815936  -3.53768755  -3.57580158  -3.57372450
  2.26000000  -3.54584357  -3.51189147  -3.54538639  -3.54292046
  2.28000000  -3.51428573  -3.48603966  -3.51427897  -3.51247515
  2.30000000  -3.48335642  -3.46014711  -3.48335641  -3.48235029
  2.32000000  -3.45298562  -3.43423017  -3.45298562  -3.45252741
  2.34000000  -3.42315660  -3.40830649  -3.42315660  -3.42301157
  2.36000000  -3.39385414  -3.38239486  -3.39385414  -3.39383543
  2.38000000  -3.36506361  -3.35651516  -3.36506361  -3.36506362
  2.40000000  -3.33677097  -3.33068822  -3.33677097  -3.33677097
  2.42000000  -3.30896269  -3.30493565  -3.30896269  -3.30896269
  2.44000000  -3.28162577  -3.27927974  -3.28162577  -3.28162577
  2.46000000  -3.25474771  -3.25374327  -3.25474771  -3.25474771
  2.48000000  -3.22831647  -3.22834935  -3.22831647  -3.22831647
  2.50000000  -3.20232043  -3.20312119  -3.20232043  -3.20232043
  2.52000000  -3.17674843  -3.17808195  -3.17674843  -3.17674843
  2.54000000  -3.15158970  -3.15325448  -3.15158970  -3.15158970
  2.56000000  -3.12683385  -3.12866108  -3.12683385  -3.12683385
  2.58000000  -3.10247085  -3.10432325  -3.10247085  -3.10247085
  2.60000000  -3.07849105  -3.08026143  -3.07849105  -3.07849105
  2.62000000  -3.05488509  -3.05649466  -3.05488509  -3.05488509
  2.64000000  -3.03164398  -3.03304030  -3.03164398  -3.03164398
  2.66000000  -3.00875899  -3.00991365  -3.00875899  -3.00875899
  2.68000000  -2.98622170  -2.98712764  -2.98622170  -2.98622170
  2.70000000  -2.96402399  -2.96469235  -2.96402399  -2.96402399
  2.72000000  -2.94215796  -2.94261467  -2.94215796  -2.94215796
  2.74000000  -2.92061602  -2.92089781  -2.92061602  -2.92061602
  2.76000000  -2.89939077  -2.89954081  -2.89939077  -2.89939077
  2.78000000  -2.87847509  -2.87853805  -2.87847509  -2.87847509
  2.80000000  -2.85786205  -2.85787870  -2.85786205  -2.85786205
  2.82000000  -2.83754495  -2.83754608  -2.83754495  -2.83754495
  2.84000000  -2.81751731  -2.81751731  -2.81751731  -2.81751731
  2.86000000  -2.79777282  -2.79777283  -2.79777282  -2.79777282
  2.88000000  -2.77830539  -2.77830539  -2.77830539  -2.77830539
  2.90000000  -2.75910908  -2.75910908  -2.75910908  -2.75910908
  2.92000000  -2.74017814  -2.74017814  -2.74017814  -2.74017814
  2.94000000  -2.72150700  -2.72150700  -2.72150700  -2.72150700
  2.96000000  -2.70309024  -2.70309024  -2.70309024  -2.70309024
  2.98000000  -2.68492260  -2.68492260  -2.68492260  -2.68492260
  3.00000000  -2.66699896  -2.66699896  -2.66699896  -2.66699896
  3.02000000  -2.64931436  -2.64931436  -2.64931436  -2.64931436
  3.04000000  -2.63186397  -2.63186397  -2.63186397  -2.63186397
  3.06000000  -2.61464308  -2.61464308  -2.61464308  -2.61464308
  3.08000000  -2.59764714  -2.59764714  -2.59764714  -2.59764714
  3.10000000  -2.58087171  -2.58087171  -2.58087171  -2.58087171
  3.12000000  -2.56431245  -2.56431245  -2.56431245  -2.56431245
  3.14000000  -2.54796517  -2.54796517  -2.54796517  -2.54796517
  3.16000000  -2.53182577  -2.53182577  -2.53182577  -2.53182577
  3.18000000  -2.51589026  -2.51589026  -2.51589026  -2.51589026
  3.20000000  -2.50015476  -2.50015476  -2.50015476  -2.50015476
  3.22000000  -2.48461548  -2.48461548  -2.48461548  -2.48461548
  3.24000000  -2.46926875  -2.46926875  -2.46926875  -2.46926875
  3.26000000  -2.45411097  -2.45411097  -2.45411097  -2.45411097
  3.28000000  -2.43913864  -2.43913864  -2.43913864  -2.43913864
  3.30000000  -2.42434835  -2.42434835  -2.42434835  -2.42434835
  3.32000000  -2.40973677  -2.40973677  -2.40973677  -2.40973677
  3.34000000  -2.39530065  -2.39530065  -2.39530065  -2.39530065
  3.36000000  -2.38103684  -2.38103684  -2.38103684  -2.38103684
  3.38000000  -2.36694223  -2.36694223  -2.36694223  -2.36694223
  3.40000000  -2.35301382  -2.35301382  -2.35301382  -2.35301382
  3.42000000  -2.33924867  -2.33924867  -2.33924867  -2.33924867
  3.44000000  -2.32564390  -2.32564390  -2.32564390  -2.32564390
  3.46000000  -2.31219671  -2.31219671  -2.31219671  -2.31219671
  3.48000000  -2.29890437  -2.29890437  -2.29890437  -2.29890437
  3.50000000  -2.28576420  -2.28576420  -2.28576420  -2.28576420
  3.52000000  -2.27277359  -2.27277359  -2.27277359  -2.27277359
  3.54000000  -2.25992998  -2.25992998  -2.25992998  -2.25992998
  3.56000000  -2.24723090  -2.24723090  -2.24723090  -2.24723090
  3.58000000  -2.23467389  -2.23467389  -2.23467389  -2.23467389
  3.60000000  -2.22225658  -2.22225658  -2.22225658  -2.22225658
  3.62000000  -2.20997664  -2.20997664  -2.20997664  -2.20997664
  3.64000000  -2.19783180  -2.19783180  -2.19783180  -2.19783180
  3.66000000  -2.18581983  -2.18581983  -2.18581983  -2.18581983
  3.68000000  -2.17393856  -2.17393856  -2.17393856  -2.17393856
  3.70000000  -2.16218585  -2.16218585  -2.16218585  -2.16218585
  3.72000000  -2.15055963  -2.15055963  -2.15055963  -2.15055963
  3.74000000  -2.13905786  -2.13905786  -2.13905786  -2.13905786
  3.76000000  -2.12767855  -2.12767855  -2.12767855  -2.12767855
  3.78000000  -2.11641974  -2.11641974  -2.11641974  -2.11641974
  3.80000000  -2.10527952  -2.10527952  -2.10527952  -2.10527952
  3.82000000  -2.09425604  -2.09425604  -2.09425604  -2.09425604
  3.84000000  -2.08334745  -2.08334745  -2.08334745  -2.08334745
  3.86000000  -2.07255198  -2.07255198  -2.07255198  -2.07255198
  3.88000000  -2.06186786  -2.06186786  -2.06186786  -2.06186786
  3.90000000  -2.05129337  -2.05129337  -2.05129337  -2.05129337
  3.92000000  -2.04082685  -2.04082685  -2.04082685  -2.04082685
  3.94000000  -2.03046663  -2.03046663  -2.03046663  -2.03046663
  3.96000000  -2.02021110  -2.02021110  -2.02021110  -2.02021110
  3.98000000  -2.01005869  -2.01005869  -2.01005869  -2.01005869
  4.00000000  -2.00000784  -2.00000784  -2.00000784  -2.00000784
  4.02000000  -1.99005704  -1.99005704  -1.99005704  -1.99005704
  4.04000000  -1.98020480  -1.98020480  -1.98020480  -1.98020480
  4.06000000  -1.97044965  -1.97044965  -1.97044965  -1.97044965
  4.08000000  -1.96079017  -1.96079017  -1.96079017  -1.96079017
  4.10000000  -1.95122496  -1.95122496  -1.95122496  -1.95122496
  4.12000000  -1.94175263  -1.94175263  -1.94175263  -1.94175263
  4.14000000  -1.93237186  -1.93237186  -1.93237186  -1.93237186
  4.16000000  -1.92308130  -1.92308130  -1.92308130  -1.92308130
  4.18000000  -1.91387967  -1.91387967  -1.91387967  -1.91387967
  4.20000000  -1.90476569  -1.90476569  -1.90476569  -1.90476569
  4.22000000  -1.89573811  -1.89573811  -1.89573811  -1.89573811
  4.24000000  -1.88679572  -1.88679572  -1.88679572  -1.88679572
  4.26000000  -1.87793731  -1.87793731  -1.87793731  -1.87793731
  4.28000000  -1.86916171  -1.86916171  -1.86916171  -1.86916171
  4.30000000  -1.86046775  -1.86046775  -1.86046775  -1.86046775
  4.32000000  -1.85185430  -1.85185430  -1.85185430  -1.85185430
  4.34000000  -1.84332025  -1.84332025  -1.84332025  -1.84332025
  4.36000000  -1.83486450  -1.83486450  -1.83486450  -1.83486450
  4.38000000  -1.82648599  -1.82648599  -1.82648599  -1.82648599
  4.40000000  -1.81818365  -1.81818365  -1.81818365  -1.81818365
  4.42000000  -1.80995646  -1.80995646  -1.80995646  -1.80995646
  4.44000000  -1.80180339  -1.80180339  -1.80180339  -1.80180339
  4.46000000  -1.79372345  -1.79372345  -1.79372345  -1.79372345
  4.48000000  -1.78571566  -1.78571566  -1.78571566  -1.78571566
  4.50000000  -1.77777906  -1.77777906  -1.77777906  -1.77777906
  4.52000000  -1.76991269  -1.76991269  -1.76991269  -1.76991269
  4.54000000  -1.76211565  -1.76211565  -1.76211565  -1.76211565
  4.56000000  -1.75438700  -1.75438700  -1.75438700  -1.75438700
  4.58000000  -1.74672585  -1.74672585  -1.74672585  -1.74672585
  4.60000000  -1.73913133  -1.73913133  -1.73913133  -1.73913133
  4.62000000  -1.73160256  -1.73160256  -1.73160256  -1.73160256
  4.64000000  -1.72413871  -1.72413871  -1.72413871  -1.72413871
  4.66000000  -1.71673892  -1.71673892  -1.71673892  -1.71673892
  4.68000000  -1.70940238  -1.70940238  -1.70940238  -1.70940238
  4.70000000  -1.70212828  -1.70212828  -1.70212828  -1.70212828
  4.72000000  -1.69491584  -1.69491584  -1.69491584  -1.69491584
  4.74000000  -1.68776425  -1.68776425  -1.68776425  -1.68776425
  4.76000000  -1.68067277  -1.68067277  -1.68067277  -1.68067277
  4.78000000  -1.67364064  -1.67364064  -1.67364064  -1.67364064
  4.80000000  -1.66666710  -1.66666710  -1.66666710  -1.66666710
  4.82000000  -1.65975144  -1.65975144  -1.65975144  -1.65975144
  4.84000000  -1.65289294  -1.65289294  -1.65289294  -1.65289294
  4.86000000  -1.64609089  -1.64609089  -1.64609089  -1.64609089
  4.88000000  -1.63934459  -1.63934459  -1.63934459  -1.63934459
  4.90000000  -1.63265337  -1.63265337  -1.63265337  -1.63265337
  4.92000000  -1.62601655  -1.62601655  -1.62601655  -1.62601655
  4.94000000  -1.61943346  -1.61943346  -1.61943346  -1.61943346
  4.96000000  -1.61290347  -1.61290347  -1.61290347  -1.61290347
  4.98000000  -1.60642593  -1.60642593  -1.60642593  -1.60642593
  5.00000000  -1.60000021  -1.60000021  -1.60000021  -1.60000021
  5.02000000  -1.59362570  -1.59362570  -1.59362570  -1.59362570
  5.04000000  -1.58730177  -1.58730177  -1.58730177  -1.58730177
  5.06000000  -1.58102784  -1.58102784  -1.58102784  -1.58102784
  5.08000000  -1.57480331  -1.57480331  -1.57480331  -1.57480331
  5.10000000  -1.56862760  -1.56862760  -1.56862760  -1.56862760
  5.12000000  -1.56250014  -1.56250014  -1.56250014  -1.56250014
  5.14000000  -1.55642036  -1.55642036  -1.55642036  -1.55642036
  5.16000000  -1.55038772  -1.55038772  -1.55038772  -1.55038772
  5.18000000  -1.54440166  -1.54440166  -1.54440166  -1.54440166
  5.20000000  -1.53846164  -1.53846164  -1.53846164  -1.53846164
  5.22000000  -1.53256715  -1.53256715  -1.53256715  -1.53256715
  5.24000000  -1.52671765  -1.52671765  -1.52671765  -1.52671765
  5.26000000  -1.52091263  -1.52091263  -1.52091263  -1.52091263
  5.28000000  -1.51515159  -1.51515159  -1.51515159  -1.51515159
  5.30000000  -1.50943404  -1.50943404  -1.50943404  -1.50943404
  5.32000000  -1.50375947  -1.50375947  -1.50375947  -1.50375947
  5.34000000  -1.49812741  -1.49812741  -1.49812741  -1.49812741
  5.36000000  -1.49253737  -1.49253737  -1.49253737  -1.49253737
  5.38000000  -1.48698890  -1.48698890  -1.48698890  -1.48698890
  5.40000000  -1.48148153  -1.48148153  -1.48148153  -1.48148153
  5.42000000  -1.47601481  -1.47601481  -1.47601481  -1.47601481
  5.44000000  -1.47058828  -1.47058828  -1.47058828  -1.47058828
  5.46000000  -1.46520151  -1.46520151  -1.46520151  -1.46520151
  5.48000000  -1.45985405  -1.45985405  -1.45985405  -1.45985405
  5.50000000  -1.45454549  -1.45454549  -1.45454549  -1.45454549
  5.52000000  -1.44927540  -1.44927540  -1.44927540  -1.44927540
  5.54000000  -1.44404335  -1.44404335  -1.44404335  -1.44404335
  5.56000000  -1.43884895  -1.43884895  -1.43884895  -1.43884895
  5.58000000  -1.43369178  -1.43369178  -1.43369178  -1.43369178
  5.60000000  -1.42857145  -1.42857145  -1.42857145  -1.42857145
  5.62000000  -1.42348757  -1.42348757  -1.42348757  -1.42348757
  5.64000000  -1.41843974  -1.41843974  -1.41843974  -1.41843974
  5.66000000  -1.41342758  -1.41342758  -1.41342758  -1.41342758
  5.68000000  -1.40845072  -1.40845072  -1.40845072  -1.40845072
  5.70000000  -1.40350879  -1.40350879  -1.40350879  -1.40350879
  5.72000000  -1.39860142  -1.39860142  -1.39860142  -1.39860142
  5.74000000  -1.39372824  -1.39372824  -1.39372824  -1.39372824
  5.76000000  -1.38888890  -1.38888890  -1.38888890  -1.38888890
  5.78000000  -1.38408306  -1.38408306  -1.38408306  -1.38408306
  5.80000000  -1.37931036  -1.37931036  -1.37931036  -1.37931036
  5.82000000  -1.37457046  -1.37457046  -1.37457046  -1.37457046
  5.84000000  -1.36986302  -1.36986302  -1.36986302  -1.36986302
  5.86000000  -1.36518772  -1.36518772  -1.36518772  -1.36518772
  5.88000000  -1.36054423  -1.36054423  -1.36054423  -1.36054423
  5.90000000  -1.35593221  -1.35593221  -1.35593221  -1.35593221
  5.92000000  -1.35135136  -1.35135136  -1.35135136  -1.35135136
  5.94000000  -1.34680135  -1.34680135  -1.34680135  -1.34680135
  5.96000000  -1.34228189  -1.34228189  -1.34228189  -1.34228189
  5.98000000  -1.33779265  -1.33779265  -1.33779265  -1.33779265
  6.00000000  -1.33333334  -1.33333334  -1.33333334  -1.33333334
  6.02000000  -1.32890366  -1.32890366  -1.32890366  -1.32890366
  6.04000000  -1.32450332  -1.32450332  -1.32450332  -1.32450332
  6.06000000  -1.32013202  -1.32013202  -1.32013202  -1.32013202
  6.08000000  -1.31578948  -1.31578948  -1.31578948  -1.31578948
  6.10000000  -1.31147541  -1.31147541  -1.31147541  -1.31147541
  6.12000000  -1.30718955  -1.30718955  -1.30718955  -1.30718955
  6.14000000  -1.30293160  -1.30293160  -1.30293160  -1.30293160
  6.16000000  -1.29870130  -1.29870130  -1.29870130  -1.29870130
  6.18000000  -1.29449839  -1.29449839  -1.29449839  -1.29449839
  6.20000000  -1.29032258  -1.29032258  -1.29032258  -1.29032258
  6.22000000  -1.28617364  -1.28617364  -1.28617364  -1.28617364
  6.24000000  -1.28205128  -1.28205128  -1.28205128  -1.28205128
  6.26000000  -1.27795527  -1.27795527  -1.27795527  -1.27795527
  6.28000000  -1.27388535  -1.27388535  -1.27388535  -1.27388535
  6.30000000  -1.26984127  -1.26984127  -1.26984127  -1.26984127
  6.32000000  -1.26582279  -1.26582279  -1.26582279  -1.26582279
  6.34000000  -1.26182965  -1.26182965  -1.26182965  -1.26182965
  6.36000000  -1.25786164  -1.25786164  -1.25786164  -1.25786164
  6.38000000  -1.25391850  -1.25391850  -1.25391850  -1.25391850
  6.40000000  -1.25000000  -1.25000000  -1.25000000  -1.25000000
  6.42000000  -1.24610592  -1.24610592  -1.24610592  -1.24610592
  6.44000000  -1.24223603  -1.24223603  -1.24223603  -1.24223603
  6.46000000  -1.23839009  -1.23839009  -1.23839009  -1.23839009
  6.48000000  -1.23456790  -1.23456790  -1.23456790  -1.23456790
  6.50000000  -1.23076923  -1.23076923  -1.23076923  -1.23076923
  6.52000000  -1.22699387  -1.22699387  -1.22699387  -1.22699387
  6.54000000  -1.22324159  -1.22324159  -1.22324159  -1.22324159
  6.56000000  -1.21951220  -1.21951220  -1.21951220  -1.21951220
  6.58000000  -1.21580547  -1.21580547  -1.21580547  -1.21580547
  6.60000000  -1.21212121  -1.21212121  -1.21212121  -1.21212121
  6.62000000  -1.20845922  -1.20845922  -1.20845922  -1.20845922
  6.64000000  -1.20481928  -1.20481928  -1.20481928  -1.20481928
  6.66000000  -1.20120120  -1.20120120  -1.20120120  -1.20120120
  6.68000000  -1.19760479  -1.19760479  -1.19760479  -1.19760479
  6.70000000  -1.19402985  -1.19402985  -1.19402985  -1.19402985
  6.72000000  -1.19047619  -1.19047619  -1.19047619  -1.19047619
  6.74000000  -1.18694362  -1.18694362  -1.18694362  -1.18694362
  6.76000000  -1.18343195  -1.18343195  -1.18343195  -1.18343195
  6.78000000  -1.17994100  -1.17994100  -1.17994100  -1.17994100
  6.80000000  -1.17647059  -1.17647059  -1.17647059  -1.17647059
  6.82000000  -1.17302053  -1.17302053  -1.17302053  -1.17302053
  6.84000000  -1.16959064  -1.16959064  -1.16959064  -1.16959064
  6.86000000  -1.16618076  -1.16618076  -1.16618076  -1.16618076
  6.88000000  -1.16279070  -1.16279070  -1.16279070  -1.16279070
  6.90000000  -1.15942029  -1.15942029  -1.15942029  -1.15942029
  6.92000000  -1.15606936  -1.15606936  -1.15606936  -1.15606936
  6.94000000  -1.15273775  -1.15273775  -1.15273775  -1.15273775
  6.96000000  -1.14942529  -1.14942529  -1.14942529  -1.14942529
  6.98000000  -1.14613181  -1.14613181  -1.14613181  -1.14613181
  7.00000000  -1.14285714  -1.14285714  -1.14285714  -1.14285714
  7.02000000  -1.13960114  -1.13960114  -1.13960114  -1.13960114
  7.04000000  -1.13636364  -1.13636364  -1.13636364  -1.13636364
  7.06000000  -1.13314448  -1.13314448  -1.13314448  -1.13314448
  7.08000000  -1.12994350  -1.12994350  -1.12994350  -1.12994350
  7.10000000  -1.12676056  -1.12676056  -1.12676056  -1.12676056
  7.12000000  -1.12359551  -1.12359551  -1.12359551  -1.12359551
  7.14000000  -1.12044818  -1.12044818  -1.12044818  -1.12044818
  7.16000000  -1.11731844  -1.11731844  -1.11731844  -1.11731844
  7.18000000  -1.11420613  -1.11420613  -1.11420613  -1.11420613
  7.20000000  -1.11111111  -1.11111111  -1.11111111  -1.11111111
  7.22000000  -1.10803324  -1.10803324  -1.10803324  -1.10803324
  7.24000000  -1.10497238  -1.10497238  -1.10497238  -1.10497238
  7.26000000  -1.10192837  -1.10192837  -1.10192837  -1.10192837
  7.28000000  -1.09890110  -1.09890110  -1.09890110  -1.09890110
  7.30000000  -1.09589041  -1.09589041  -1.09589041  -1.09589041
  7.32000000  -1.09289617  -1.09289617  -1.09289617  -1.09289617
  7.34000000  -1.08991826  -1.08991826  -1.08991826  -1.08991826
  7.36000000  -1.08695652  -1.08695652  -1.08695652  -1.08695652
  7.38000000  -1.08401084  -1.08401084  -1.08401084  -1.08401084
  7.40000000  -1.08108108  -1.08108108  -1.08108108  -1.08108108
  7.42000000  -1.07816712  -1.07816712  -1.07816712  -1.07816712
  7.44000000  -1.07526882  -1.07526882  -1.07526882  -1.07526882
  7.46000000  -1.07238606  -1.07238606  -1.07238606  -1.07238606
  7.48000000  -1.06951872  -1.06951872  -1.06951872  -1.06951872
  7.50000000  -1.06666667  -1.06666667  -1.06666667  -1.06666667
  7.52000000  -1.06382979  -1.06382979  -1.06382979  -1.06382979
  7.54000000  -1.06100796  -1.06100796  -1.06100796  -1.06100796
  7.56000000  -1.05820106  -1.05820106  -1.05820106  -1.05820106
  7.58000000  -1.05540897  -1.05540897  -1.05540897  -1.05540897
  7.60000000  -1.05263158  -1.05263158  -1.05263158  -1.05263158
  7.62000000  -1.04986877  -1.04986877  -1.04986877  -1.04986877
  7.64000000  -1.04712042  -1.04712042  -1.04712042  -1.04712042
  7.66000000  -1.04438642  -1.04438642  -1.04438642  -1.04438642
  7.68000000  -1.04166667  -1.04166667  -1.04166667  -1.04166667
  7.70000000  -1.03896104  -1.03896104  -1.03896104  -1.03896104
  7.72000000  -1.03626943  -1.03626943  -1.03626943  -1.03626943
  7.74000000  -1.03359173  -1.03359173  -1.03359173  -1.03359173
  7.76000000  -1.03092784  -1.03092784  -1.03092784  -1.03092784
  7.78000000  -1.02827763  -1.02827763  -1.02827763  -1.02827763
  7.80000000  -1.02564103  -1.02564103  -1.02564103  -1.02564103
  7.82000000  -1.02301790  -1.02301790  -1.02301790  -1.02301790
  7.84000000  -1.02040816  -1.02040816  -1.02040816  -1.02040816
  7.86000000  -1.01781170  -1.01781170  -1.01781170  -1.01781170
  7.88000000  -1.01522843  -1.01522843  -1.01522843  -1.01522843
  7.90000000  -1.01265823  -1.01265823  -1.01265823  -1.01265823
  7.92000000  -1.01010101  -1.01010101  -1.01010101  -1.01010101
  7.94000000  -1.00755668  -1.00755668  -1.00755668  -1.00755668
  7.96000000  -1.00502513  -1.00502513  -1.00502513  -1.00502513
  7.98000000  -1.00250627  -1.00250627  -1.00250627  -1.00250627
  8.00000000  -1.00000000  -1.00000000  -1.00000000  -1.00000000
  8.02000000  -0.99750623  -0.99750623  -0.99750623  -0.99750623
  8.04000000  -0.99502488  -0.99502488  -0.99502488  -0.99502488
  8.06000000  -0.99255583  -0.99255583  -0.99255583  -0.99255583
  8.08000000  -0.99009901  -0.99009901  -0.99009901  -0.99009901
  8.10000000  -0.98765432  -0.98765432  -0.98765432  -0.98765432
  8.12000000  -0.98522167  -0.98522167  -0.98522167  -0.98522167
  8.14000000  -0.98280098  -0.98280098  -0.98280098  -0.98280098
  8.16000000  -0.98039216  -0.98039216  -0.98039216  -0.98039216
  8.18000000  -0.97799511  -0.97799511  -0.97799511  -0.97799511
  8.20000000  -0.97560976  -0.97560976  -0.97560976  -0.97560976
  8.22000000  -0.97323601  -0.97323601  -0.97323601  -0.97323601
  8.24000000  -0.97087379  -0.97087379  -0.97087379  -0.97087379
  8.26000000  -0.96852300  -0.96852300  -0.96852300  -0.96852300
  8.28000000  -0.96618357  -0.96618357  -0.96618357  -0.96618357
  8.30000000  -0.96385542  -0.96385542  -0.96385542  -0.96385542
  8.32000000  -0.96153846  -0.96153846  -0.96153846  -0.96153846
  8.34000000  -0.95923261  -0.95923261  -0.95923261  -0.95923261
  8.36000000  -0.95693780  -0.95693780  -0.95693780  -0.95693780
  8.38000000  -0.95465394  -0.95465394  -0.95465394  -0.95465394
  8.40000000  -0.95238095  -0.95238095  -0.95238095  -0.95238095
  8.42000000  -0.95011876  -0.95011876  -0.95011876  -0.95011876
  8.44000000  -0.94786730  -0.94786730  -0.94786730  -0.94786730
  8.46000000  -0.94562648  -0.94562648  -0.94562648  -0.94562648
  8.48000000  -0.94339623  -0.94339623  -0.94339623  -0.94339623
  8.50000000  -0.94117647  -0.94117647  -0.94117647  -0.94117647
  8.52000000  -0.93896714  -0.93896714  -0.93896714  -0.93896714
  8.54000000  -0.93676815  -0.93676815  -0.93676815  -0.93676815
  8.56000000  -0.93457944  -0.93457944  -0.93457944  -0.93457944
  8.58000000  -0.93240093  -0.93240093  -0.93240093  -0.93240093
  8.60000000  -0.93023256  -0.93023256  -0.93023256  -0.93023256
  8.62000000  -0.92807425  -0.92807425  -0.92807425  -0.92807425
  8.64000000  -0.92592593  -0.92592593  -0.92592593  -0.92592593
  8.66000000  -0.92378753  -0.92378753  -0.92378753  -0.92378753
  8.68000000  -0.92165899  -0.92165899  -0.92165899  -0.92165899
  8.70000000  -0.91954023  -0.91954023  -0.91954023  -0.91954023
  8.72000000  -0.91743119  -0.91743119  -0.91743119  -0.91743119
  8.74000000  -0.91533181  -0.91533181  -0.91533181  -0.91533181
  8.76000000  -0.91324201  -0.91324201  -0.91324201  -0.91324201
  8.78000000  -0.91116173  -0.91116173  -0.91116173  -0.91116173
  8.80000000  -0.90909091  -0.90909091  -0.90909091  -0.90909091
  8.82000000  -0.90702948  -0.90702948  -0.90702948  -0.90702948
  8.84000000  -0.90497738  -0.90497738  -0.90497738  -0.90497738
  8.86000000  -0.90293454  -0.90293454  -0.90293454  -0.90293454
  8.88000000  -0.90090090  -0.90090090  -0.90090090  -0.90090090
  8.90000000  -0.89887640  -0.89887640  -0.89887640  -0.89887640
  8.92000000  -0.89686099  -0.89686099  -0.89686099  -0.89686099
  8.94000000  -0.89485459  -0.89485459  -0.89485459  -0.89485459
  8.96000000  -0.89285714  -0.89285714  -0.89285714  -0.89285714
  8.98000000  -0.89086860  -0.89086860  -0.89086860  -0.89086860
  9.00000000  -0.88888889  -0.88888889  -0.88888889  -0.88888889
  9.02000000  -0.88691796  -0.88691796  -0.88691796  -0.88691796
  9.04000000  -0.88495575  -0.88495575  -0.88495575  -0.88495575
  9.06000000  -0.88300221  -0.88300221  -0.88300221  -0.88300221
  9.08000000  -0.88105727  -0.88105727  -0.88105727  -0.88105727
  9.10000000  -0.87912088  -0.87912088  -0.87912088  -0.87912088
  9.12000000  -0.87719298  -0.87719298  -0.87719298  -0.87719298
  9.14000000  -0.87527352  -0.87527352  -0.87527352  -0.87527352
  9.16000000  -0.87336245  -0.87336245  -0.87336245  -0.87336245
  9.18000000  -0.87145969  -0.87145969  -0.87145969  -0.87145969
  9.20000000  -0.86956522  -0.86956522  -0.86956522  -0.86956522
  9.22000000  -0.86767896  -0.86767896  -0.86767896  -0.86767896
  9.24000000  -0.86580087  -0.86580087  -0.86580087  -0.86580087
  9.26000000  -0.86393089  -0.86393089  -0.86393089  -0.86393089
  9.28000000  -0.86206897  -0.86206897  -0.86206897  -0.86206897
  9.30000000  -0.86021505  -0.86021505  -0.86021505  -0.86021505
  9.32000000  -0.85836910  -0.85836910  -0.85836910  -0.85836910
  9.34000000  -0.85653105  -0.85653105  -0.85653105  -0.85653105
  9.36000000  -0.85470085  -0.85470085  -0.85470085  -0.85470085
  9.38000000  -0.85287846  -0.85287846  -0.85287846  -0.85287846
  9.40000000  -0.85106383  -0.85106383  -0.85106383  -0.85106383
  9.42000000  -0.84925690  -0.84925690  -0.84925690  -0.84925690
  9.44000000  -0.84745763  -0.84745763  -0.84745763  -0.84745763
  9.46000000  -0.84566596  -0.84566596  -0.84566596  -0.84566596
  9.48000000  -0.84388186  -0.84388186  -0.84388186  -0.84388186
  9.50000000  -0.84210526  -0.84210526  -0.84210526  -0.84210526
  9.52000000  -0.84033613  -0.84033613  -0.84033613  -0.84033613
  9.54000000  -0.83857442  -0.83857442  -0.83857442  -0.83857442
  9.56000000  -0.83682008  -0.83682008  -0.83682008  -0.83682008
  9.58000000  -0.83507307  -0.83507307  -0.83507307  -0.83507307
  9.60000000  -0.83333333  -0.83333333  -0.83333333  -0.83333333
  9.62000000  -0.83160083  -0.83160083  -0.83160083  -0.83160083
  9.64000000  -0.82987552  -0.82987552  -0.82987552  -0.82987552
  9.66000000  -0.82815735  -0.82815735  -0.82815735  -0.82815735
  9.68000000  -0.82644628  -0.82644628  -0.82644628  -0.82644628
  9.70000000  -0.82474227  -0.82474227  -0.82474227  -0.82474227
  9.72000000  -0.82304527  -0.82304527  -0.82304527  -0.82304527
  9.74000000  -0.82135524  -0.82135524  -0.82135524  -0.82135524
  9.76000000  -0.81967213  -0.81967213  -0.81967213  -0.81967213
  9.78000000  -0.81799591  -0.81799591  -0.81799591  -0.81799591
  9.80000000  -0.81632653  -0.81632653  -0.81632653  -0.81632653
  9.82000000  -0.81466395  -0.81466395  -0.81466395  -0.81466395
  9.84000000  -0.81300813  -0.81300813  -0.81300813  -0.81300813
  9.86000000  -0.81135903  -0.81135903  -0.81135903  -0.81135903
  9.88000000  -0.80971660  -0.80971660  -0.80971660  -0.80971660
  9.90000000  -0.80808081  -0.80808081  -0.80808081  -0.80808081
  9.92000000  -0.80645161  -0.80645161  -0.80645161  -0.80645161
  9.94000000  -0.80482897  -0.80482897  -0.80482897  -0.80482897
  9.96000000  -0.80321285  -0.80321285  -0.80321285  -0.80321285
  9.98000000  -0.80160321  -0.80160321  -0.80160321  -0.80160321
 10.00000000  -0.80000000  -0.80000000  -0.80000000  -0.80000000
  0.00000962   0.00000117   0.00000000   0.00000000   0.00000000
  0.02000000   0.00243735   0.00000207   0.00004066   0.00000000
  0.04000000   0.00487821   0.00000828   0.00032469   0.00000000
  0.06000000   0.00732610   0.00001862   0.00109252   0.00000000
  0.08000000   0.00978456   0.00003311   0.00257871   0.00000001
  0.10000000   0.01225712   0.00005174   0.00500912   0.00000001
  0.12000000   0.01474736   0.00007451   0.00859809   0.00000003
  0.14000000   0.01725885   0.00010142   0.01354585   0.00000006
  0.16000000   0.01979522   0.00013247   0.02003596   0.00000010
  0.18000000   0.02236013   0.00016767   0.02823302   0.00000016
  0.20000000   0.02495725   0.00020702   0.03828051   0.00000024
  0.22000000   0.02759033   0.00025052   0.05029889   0.00000034
  0.24000000   0.03026313   0.00029817   0.06438400   0.00000049
  0.26000000   0.03297949   0.00034998   0.08060565   0.00000067
  0.28000000   0.03574329   0.00040594   0.09900660   0.00000089
  0.30000000   0.03855845   0.00046606   0.11960182   0.00000117
  0.32000000   0.04142897   0.00053034   0.14237810   0.00000151
  0.34000000   0.04435888   0.00059880   0.16729403   0.00000191
  0.36000000   0.04735231   0.00067142   0.19428032   0.00000239
  0.38000000   0.05041341   0.00074821   0.22324051   0.00000296
  0.40000000   0.05354640   0.00082918   0.25405206   0.00000361
  0.42000000   0.05675557   0.00091433   0.28656773   0.00000436
  0.44000000   0.06004526   0.00100367   0.32061737   0.00000522
  0.46000000   0.06341984   0.00109719   0.35601003   0.00000619
  0.48000000   0.06688377   0.00119491   0.39253635   0.00000729
  0.50000000   0.07044152   0.00129683   0.42997121   0.00000852
  0.52000000   0.07409760   0.00140294   0.46807659   0.00000990
  0.54000000   0.07785657   0.00151326   0.50660467   0.00001142
  0.56000000   0.08172299   0.00162779   0.54530102   0.00001310
  0.58000000   0.08570144   0.00174652   0.58390785   0.00001495
  0.60000000   0.08979651   0.00186948   0.62216736   0.00001698
  0.62000000   0.09401275   0.00199664   0.65982496   0.00001918
  0.64000000   0.09835470   0.00212803   0.69663249   0.00002158
  0.66000000   0.10282686   0.00226364   0.73235126   0.00002418
  0.68000000   0.10743365   0.00240348   0.76675490   0.00002698
  0.70000000   0.11217941   0.00254753   0.79963199   0.00003000
  0.72000000   0.11706839   0.00269581   0.83078837   0.00003323
  0.74000000   0.12210468   0.00284831   0.86004917   0.00003670
  0.76000000   0.12729226   0.00300504   0.88726049   0.00004039
  0.78000000   0.13263489   0.00316598   0.91229066   0.00004433
  0.80000000   0.13813614   0.00333113   0.93503124   0.00004850
  0.82000000   0.14379932   0.00350049   0.95539746   0.00005293
  0.84000000   0.14962749   0.00367406   0.97332848   0.00005761
  0.86000000   0.15562338   0.00385181   0.98878710   0.00006255
  0.88000000   0.16178941   0.00403375   1.00175925   0.00006775
  0.90000000   0.16812757   0.00421986   1.01225312   0.00007321
  0.92000000   0.17463947   0.00441012   1.02029798   0.00007895
  0.94000000   0.18132627   0.00460453   1.02594276   0.00008496
  0.96000000   0.18818860   0.00480305   1.02925444   0.00009125
  0.98000000   0.19522661   0.00500567   1.03031625   0.00009781
  1.00000000   0.20243982   0.00521237   1.02922576   0.00010466
  1.02000000   0.20982720   0.00542312   1.02609285   0.00011179
  1.04000000   0.21738703   0.00563789   1.02103770   0.00011921
  1.06000000   0.22511695   0.00585664   1.01418872   0.00012692
  1.08000000   0.23301387   0.00607934   1.00568057   0.00013492
  1.10000000   0.24107395   0.00630596   0.99565218   0.00014321
  1.12000000   0.24929262   0.00653644   0.98424495   0.00015180
  1.14000000   0.25766448   0.00677075   0.97160097   0.00016068
  1.16000000   0.26618336   0.00700882   0.95786151   0.00016987
  1.18000000   0.27484224   0.00725061   0.94316552   0.00017936
  1.20000000   0.28363331   0.00749605   0.92764840   0.00018915
  1.22000000   0.29254790   0.00774509   0.91144089   0.00019925
  1.24000000   0.30157654   0.00799766   0.89466812   0.00020966
  1.26000000   0.31070894   0.00825368   0.87744889   0.00022039
  1.28000000   0.31993403   0.00851308   0.85989500   0.00023143
  1.30000000   0.32923997   0.00877577   0.84211086   0.00024280
  1.32000000   0.33861420   0.00904167   0.82419315   0.00025449
  1.34000000   0.34804347   0.00931070   0.80623064   0.00026651
  1.36000000   0.35751392   0.00958274   0.78830416   0.00027887
  1.38000000   0.36701110   0.00985772   0.77048659   0.00029157
  1.40000000   0.37652006   0.01013552   0.75284304   0.00030461
  1.42000000   0.38602542   0.01041602   0.73543103   0.00031801
  1.44000000   0.39551145   0.01069913   0.71830078   0.00033177
  1.46000000   0.40496216   0.01098472   0.70149554   0.00034590
  1.48000000   0.41436140   0.01127266   0.68505191   0.00036041
  1.50000000   0.42369294   0.01156284   0.66900030   0.00037530
  1.52000000   0.43294057   0.01185512   0.65336529   0.00039058
  1.54000000   0.44208822   0.01214937   0.63816604   0.00040627
  1.56000000   0.45112005   0.01244544   0.62341677   0.00042237
  1.58000000   0.46002058   0.01274321   0.60912713   0.00043889
  1.60000000   0.46877474   0.01304252   0.59530265   0.00045585
  1.62000000   0.47736803   0.01334323   0.58194508   0.00047325
  1.64000000   0.48578657   0.01364519   0.56905287   0.00049111
  1.66000000   0.49401721   0.01394824   0.55662144   0.00050944
  1.68000000   0.50204763   0.01425224   0.54464361   0.00052826
  1.70000000   0.50986638   0.01455702   0.53310987   0.00054756
  1.72000000   0.51746297   0.01486244   0.52200874   0.00056738
  1.74000000   0.52482794   0.01516834   0.51132701   0.00058772
  1.76000000   0.53195287   0.01547456   0.50105006   0.00060859
  1.78000000   0.53883046   0.01578094   0.49116209   0.00063001
  1.80000000   0.54545451   0.01608734   0.48164635   0.00065200
  1.82000000   0.55181997   0.01639359   0.47248540   0.00067457
  1.84000000   0.55792291   0.01669955   0.46366125   0.00069772
  1.86000000   0.56376054   0.01700506   0.45515565   0.00072149
  1.88000000   0.56933113   0.01730999   0.44695016   0.00074587
  1.90000000   0.57463404   0.01761418   0.43902642   0.00077089
  1.92000000   0.57966962   0.01791750   0.43136626   0.00079656
  1.94000000   0.58443918   0.01821981   0.42395185   0.00082290
  1.96000000   0.58894491   0.01852098   0.41676586   0.00084991
  1.98000000   0.59318980   0.01882089   0.40979157   0.00087761
  2.00000000   0.59717757   0.01911941   0.40301303   0.00090602
  2.02000000   0.60091259   0.01941643   0.39641511   0.00093515
  2.04000000   0.60439974   0.01971186   0.38998366   0.00096501
  2.06000000   0.60764437   0.02000557   0.38370554   0.00099561
  2.08000000   0.61065218   0.02029749   0.37756872   0.00102698
  2.10000000   0.61342912   0.02058753   0.37156235   0.00105911
  2.12000000   0.61598130   0.02087560   0.36567674   0.00109203
  2.14000000   0.61831492   0.02116164   0.35990345   0.00112575
  2.16000000   0.62043616   0.02144559   0.35423520   0.00116027
  2.18000000   0.62235115   0.02172739   0.34866589   0.00119562
  2.20000000   0.62406588   0.02200700   0.34319056   0.00123179
  2.22000000   0.62558613   0.02228439   0.33780523   0.00126882
  2.24000000   0.62691753   0.02255952   0.33250686   0.00130670
  2.26000000   0.62806544   0.02283237   0.32729313   0.00134546
  2.28000000   0.62903505   0.02310294   0.32216233   0.00138510
  2.30000000   0.62983136   0.02337123   0.31711306   0.00142565
  2.32000000   0.63045925   0.02363723   0.31214408   0.00146710
  2.34000000   0.63092351   0.02390097   0.30725416   0.00150949
  2.36000000   0.63122883   0.02416247   0.30244206   0.00155281
  2.38000000   0.63137983   0.02442175   0.29770658   0.00159710
  2.40000000   0.63138102   0.02467885   0.29304651   0.00164236
  2.42000000   0.63123682   0.02493382   0.28846067   0.00168861
  2.44000000   0.63095158   0.02518670   0.28394789   0.00173587
  2.46000000   0.63052953   0.02543756   0.27950701   0.00178415
  2.48000000   0.62997486   0.02568645   0.27513688   0.00183347
  2.50000000   0.62929162   0.02593343   0.27083637   0.00188385
  2.52000000   0.62848382   0.02617859   0.26660436   0.00193530
  2.54000000   0.62755535   0.02642199   0.26243977   0.00198784
  2.56000000   0.62651003   0.02666372   0.25834149   0.00204149
  2.58000000   0.62535161   0.02690385   0.25430847   0.00209627
  2.60000000   0.62408374   0.02714246   0.25033964   0.00215219
  2.62000000   0.62271000   0.02737964   0.24643397   0.00220928
  2.64000000   0.62123389   0.02761548   0.24259043   0.00226754
  2.66000000   0.61965882   0.02785005   0.23880801   0.00232701
  2.68000000   0.61798813   0.02808346   0.23508573   0.00238770
  2.70000000   0.61622510   0.02831577   0.23142259   0.00244963
  2.72000000   0.61437291   0.02854708   0.22781765   0.00251281
  2.74000000   0.61243469   0.02877747   0.22426994   0.00257728
  2.76000000   0.61041348   0.02900702   0.22077854   0.00264304
  2.78000000   0.60831226   0.02923581   0.21734253   0.00271012
  2.80000000   0.60613392   0.02946392   0.21396100   0.00277854
  2.82000000   0.60388132   0.02969142   0.21063306   0.00284832
  2.84000000   0.60155722   0.02991840   0.20735785   0.00291949
  2.86000000   0.59916432   0.03014492   0.20413449   0.00299205
  2.88000000   0.59670527   0.03037107   0.20096215   0.00306605
  2.90000000   0.59418264   0.03059690   0.19783998   0.00314149
  2.92000000   0.59159894   0.03082251   0.19476718   0.00321840
  2.94000000   0.58895663   0.03104795   0.19174293   0.00329680
  2.96000000   0.58625810   0.03127330   0.18876645   0.00337672
  2.98000000   0.58350568   0.03149863   0.18583694   0.00345818
  3.00000000   0.58070164   0.03172401   0.18295366   0.00354120
  3.02000000   0.57784822   0.03194952   0.18011584   0.00362581
  3.04000000   0.57494757   0.03217522   0.17732274   0.00371203
  3.06000000   0.57200179   0.03240117   0.17457364   0.00379989
  3.08000000   0.56901296   0.03262746   0.17186782   0.00388941
  3.10000000   0.56598306   0.03285414   0.16920458   0.00398062
  3.12000000   0.56291406   0.03308129   0.16658322   0.00407354
  3.14000000   0.55980785   0.03330897   0.16400307   0.00416820
  3.16000000   0.55666629   0.03353725   0.16146345   0.00426463
  3.18000000   0.55349118   0.03376620   0.15896371   0.00436285
  3.20000000   0.55028429   0.03399588   0.15650320   0.00446289
  3.22000000   0.54704732   0.03422636   0.15408128   0.00456478
  3.24000000   0.54378194   0.03445770   0.15169734   0.00466855
  3.26000000   0.54048978   0.03468997   0.14935075   0.00477421
  3.28000000   0.53717242   0.03492323   0.14704092   0.00488182
  3.30000000   0.53383139   0.03515755   0.14476725   0.00499138
  3.32000000   0.53046819   0.03539300   0.14252915   0.00510294
  3.34000000   0.52708428   0.03562963   0.14032606   0.00521653
  3.36000000   0.52368107   0.03586751   0.13815740   0.00533216
  3.38000000   0.52025995   0.03610671   0.13602263   0.00544988
  3.40000000   0.51682225   0.03634728   0.13392120   0.00556972
  3.42000000   0.51336927   0.03658930   0.13185257   0.00569170
  3.44000000   0.50990228   0.03683282   0.12981623   0.00581587
  3.46000000   0.50642252   0.03707791   0.12781163   0.00594225
  3.48000000   0.50293118   0.03732462   0.12583829   0.00607087
  3.50000000   0.49942943   0.03757304   0.12389570   0.00620178
  3.52000000   0.49591839   0.03782320   0.12198337   0.00633500
  3.54000000   0.49239916   0.03807519   0.12010081   0.00647057
  3.56000000   0.48887281   0.03832905   0.11824755   0.00660853
  3.58000000   0.48534038   0.03858486   0.11642312   0.00674890
  3.60000000   0.48180287   0.03884267   0.11462706   0.00689173
  3.62000000   0.47826125   0.03910255   0.11285892   0.00703706
  3.64000000   0.47471648   0.03936456   0.11111825   0.00718492
  3.66000000   0.47116947   0.03962876   0.10940462   0.00733535
  3.68000000   0.46762111   0.03989521   0.10771759   0.00748838
  3.70000000   0.46407228   0.04016398   0.10605675   0.00764406
  3.72000000   0.46052380   0.04043513   0.10442168   0.00780243
  3.74000000   0.45697649   0.04070871   0.10281196   0.00796352
  3.76000000   0.45343113   0.04098480   0.10122721   0.00812739
  3.78000000   0.44988850   0.04126346   0.09966702   0.00829405
  3.80000000   0.44634933   0.04154474   0.09813100   0.00846357
  3.82000000   0.44281434   0.04182872   0.09661877   0.00863599
  3.84000000   0.43928421   0.04211544   0.09512996   0.00881133
  3.86000000   0.43575963   0.04240499   0.09366420   0.00898966
  3.88000000   0.43224123   0.04269741   0.09222112   0.00917101
  3.90000000   0.42872965   0.04299278   0.09080036   0.00935543
  3.92000000   0.42522550   0.04329115   0.08940158   0.00954297
  3.94000000   0.42172936   0.04359259   0.08802443   0.00973366
  3.96000000   0.41824181   0.04389716   0.08666856   0.00992756
  3.98000000   0.41476338   0.04420494   0.08533365   0.01012472
  4.00000000   0.41129460   0.04451597   0.08401936   0.01032518
  4.02000000   0.40783600   0.04483033   0.08272537   0.01052900
  4.04000000   0.40438806   0.04514809   0.08145136   0.01073622
  4.06000000   0.40095126   0.04546929   0.08019702   0.01094689
  4.08000000   0.39752606   0.04579403   0.07896204   0.01116106
  4.10000000   0.39411289   0.04612235   0.07774612   0.01137880
  4.12000000   0.39071219   0.04645432   0.07654895   0.01160014
  4.14000000   0.38732436   0.04679001   0.07537026   0.01182514
  4.16000000   0.38394981   0.04712949   0.07420974   0.01205386
  4.18000000   0.38058890   0.04747283   0.07306711   0.01228635
  4.20000000   0.37724201   0.04782008   0.07194210   0.01252267
  4.22000000   0.37390948   0.04817133   0.07083443   0.01276288
  4.24000000   0.37059165   0.04852663   0.06974382   0.01300703
  4.26000000   0.36728885   0.04888607   0.06867002   0.01325517
  4.28000000   0.36400138   0.04924969   0.06761277   0.01350738
  4.30000000   0.36072954   0.04961759   0.06657179   0.01376371
  4.32000000   0.35747362   0.04998982   0.06554685   0.01402421
  4.34000000   0.35423388   0.05036645   0.06453769   0.01428896
  4.36000000   0.35101059   0.05074756   0.06354406   0.01455801
  4.38000000   0.34780399   0.05113323   0.06256573   0.01483144
  4.40000000   0.34461433   0.05152351   0.06160246   0.01510929
  4.42000000   0.34144182   0.05191849   0.06065401   0.01539164
  4.44000000   0.33828668   0.05231824   0.05972015   0.01567856
  4.46000000   0.33514912   0.05272283   0.05880067   0.01597011
  4.48000000   0.33202933   0.05313233   0.05789532   0.01626636
  4.50000000   0.32892750   0.05354683   0.05700391   0.01656738
  4.52000000   0.32584379   0.05396639   0.05612620   0.01687325
  4.54000000   0.32277837   0.05439109   0.05526200   0.01718402
  4.56000000   0.31973141   0.05482102   0.05441108   0.01749977
  4.58000000   0.31670304   0.05525624   0.05357324   0.01782059
  4.60000000   0.31369340   0.05569684   0.05274829   0.01814654
  4.62000000   0.31070263   0.05614289   0.05193602   0.01847769
  4.64000000   0.30773084   0.05659448   0.05113624   0.01881413
  4.66000000   0.30477815   0.05705169   0.05034875   0.01915593
  4.68000000   0.30184466   0.05751459   0.04957337   0.01950317
  4.70000000   0.29893047   0.05798327   0.04880990   0.01985594
  4.72000000   0.29603567   0.05845781   0.04805817   0.02021430
  4.74000000   0.29316034   0.05893829   0.04731799   0.02057835
  4.76000000   0.29030456   0.05942480   0.04658919   0.02094817
  4.78000000   0.28746840   0.05991743   0.04587158   0.02132385
  4.80000000   0.28465192   0.06041626   0.04516500   0.02170546
  4.82000000   0.28185518   0.06092137   0.04446928   0.02209310
  4.84000000   0.27907822   0.06143286   0.04378425   0.02248686
  4.86000000   0.27632110   0.06195081   0.04310974   0.02288682
  4.88000000   0.27358384   0.06247532   0.04244560   0.02329308
  4.90000000   0.27086648   0.06300647   0.04179166   0.02370572
  4.92000000   0.26816904   0.06354435   0.04114777   0.02412485
  4.94000000   0.26549156   0.06408906   0.04051377   0.02455056
  4.96000000   0.26283403   0.06464069   0.03988951   0.02498295
  4.98000000   0.26019648   0.06519933   0.03927485   0.02542211
  5.00000000   0.25757891   0.06576509   0.03866962   0.02586814
  5.02000000   0.25498132   0.06633805   0.03807369   0.02632114
  5.04000000   0.25240370   0.06691831   0.03748692   0.02678122
  5.06000000   0.24984605   0.06750597   0.03690917   0.02724848
  5.08000000   0.24730836   0.06810114   0.03634029   0.02772302
  5.10000000   0.24479060   0.06870391   0.03578015   0.02820495
  5.12000000   0.24229277   0.06931438   0.03522861   0.02869439
  5.14000000   0.23981482   0.06993265   0.03468555   0.02919143
  5.16000000   0.23735674   0.07055884   0.03415084   0.02969620
  5.18000000   0.23491849   0.07119304   0.03362434   0.03020880
  5.20000000   0.23250003   0.07183537   0.03310592   0.03072935
  5.22000000   0.23010133   0.07248592   0.03259548   0.03125797
  5.24000000   0.22772234   0.07314481   0.03209288   0.03179477
  5.26000000   0.22536302   0.07381215   0.03159800   0.03233988
  5.28000000   0.22302331   0.07448805   0.03111072   0.03289341
  5.30000000   0.22070317   0.07517262   0.03063094   0.03345549
  5.32000000   0.21840253   0.07586597   0.03015853   0.03402624
  5.34000000   0.21612134   0.07656823   0.02969337   0.03460580
  5.36000000   0.21385954   0.07727950   0.02923537   0.03519429
  5.38000000   0.21161707   0.07799991   0.02878440   0.03579183
  5.40000000   0.20939385   0.07872957   0.02834037   0.03639857
  5.42000000   0.20718982   0.07946861   0.02790316   0.03701464
  5.44000000   0.20500492   0.08021714   0.02747268   0.03764017
  5.46000000   0.20283905   0.08097530   0.02704881   0.03827530
  5.48000000   0.20069216   0.08174320   0.02663146   0.03892017
  5.50000000   0.19856415   0.08252097   0.02622052   0.03957493
  5.52000000   0.19645496   0.08330875   0.02581590   0.04023972
  5.54000000   0.19436450   0.08410665   0.02541750   0.04091468
  5.56000000   0.19229269   0.08491482   0.02502523   0.04159997
  5.58000000   0.19023943   0.08573337   0.02463899   0.04229573
  5.60000000   0.18820465   0.08656246   0.02425869   0.04300212
  5.62000000   0.18618825   0.08740221   0.02388424   0.04371930
  5.64000000   0.18419015   0.08825277   0.02351555   0.04444741
  5.66000000   0.18221025   0.08911426   0.02315253   0.04518662
  5.68000000   0.18024846   0.08998684   0.02279510   0.04593710
  5.70000000   0.17830468   0.09087064   0.02244316   0.04669900
  5.72000000   0.17637882   0.09176581   0.02209664   0.04747249
  5.74000000   0.17447078   0.09267250   0.02175544   0.04825774
  5.76000000   0.17258047   0.09359085   0.02141950   0.04905493
  5.78000000   0.17070777   0.09452101   0.02108873   0.04986422
  5.80000000   0.16885260   0.09546314   0.02076304   0.05068579
  5.82000000   0.16701485   0.09641739   0.02044237   0.05151983
  5.84000000   0.16519442   0.09738391   0.02012664   0.05236651
  5.86000000   0.16339119   0.09836287   0.01981576   0.05322602
  5.88000000   0.16160508   0.09935441   0.01950967   0.05409854
  5.90000000   0.15983597   0.10035871   0.01920829   0.05498426
  5.92000000   0.15808376   0.10137593   0.01891155   0.05588338
  5.94000000   0.15634834   0.10240623   0.01861938   0.05679609
  5.96000000   0.15462960   0.10344977   0.01833171   0.05772258
  5.98000000   0.15292744   0.10450674   0.01804847   0.05866306
  6.00000000   0.15124175   0.10557730   0.01776959   0.05961774
  6.02000000   0.14957241   0.10666162   0.01749500   0.06058681
  6.04000000   0.14791932   0.10775988   0.01722464   0.06157048
  6.06000000   0.14628236   0.10887226   0.01695845   0.06256898
  6.08000000   0.14466143   0.10999894   0.01669636   0.06358250
  6.10000000   0.14305642   0.11114010   0.01643831   0.06461128
  6.12000000   0.14146721   0.11229594   0.01618423   0.06565554
  6.14000000   0.13989370   0.11346662   0.01593406   0.06671549
  6.16000000   0.13833576   0.11465235   0.01568775   0.06779136
  6.18000000   0.13679329   0.11585332   0.01544524   0.06888339
  6.20000000   0.13526618   0.11706972   0.01520647   0.06999181
  6.22000000   0.13375431   0.11830176   0.01497137   0.07111686
  6.24000000   0.13225758   0.11954962   0.01473990   0.07225878
  6.26000000   0.13077586   0.12081351   0.01451199   0.07341781
  6.28000000   0.12930904   0.12209363   0.01428760   0.07459420
  6.30000000   0.12785702   0.12339021   0.01406667   0.07578820
  6.32000000   0.12641968   0.12470343   0.01384915   0.07700007
  6.34000000   0.12499690   0.12603352   0.01363498   0.07823006
  6.36000000   0.12358858   0.12738069   0.01342411   0.07947845
  6.38000000   0.12219459   0.12874517   0.01321649   0.08074548
  6.40000000   0.12081484   0.13012716   0.01301208   0.08203144
  6.42000000   0.11944920   0.13152690   0.01281082   0.08333660
  6.44000000   0.11809756   0.13294461   0.01261266   0.08466124
  6.46000000   0.11675982   0.13438052   0.01241756   0.08600563
  6.48000000   0.11543585   0.13583487   0.01222547   0.08737006
  6.50000000   0.11412554   0.13730788   0.01203635   0.08875482
  6.52000000   0.11282879   0.13879980   0.01185014   0.09016021
  6.54000000   0.11154549   0.14031087   0.01166680   0.09158651
  6.56000000   0.11027551   0.14184134   0.01148630   0.09303405
  6.58000000   0.10901876   0.14339144   0.01130858   0.09450311
  6.60000000   0.10777511   0.14496144   0.01113361   0.09599402
  6.62000000   0.10654447   0.14655159   0.01096133   0.09750708
  6.64000000   0.10532671   0.14816214   0.01079171   0.09904262
  6.66000000   0.10412173   0.14979335   0.01062472   0.10060096
  6.68000000   0.10292943   0.15144550   0.01046030   0.10218242
  6.70000000   0.10174968   0.15311884   0.01029842   0.10378735
  6.72000000   0.10058238   0.15481365   0.01013904   0.10541608
  6.74000000   0.09942743   0.15653020   0.00998212   0.10706895
  6.76000000   0.09828472   0.15826877   0.00982763   0.10874631
  6.78000000   0.09715413   0.16002964   0.00967552   0.11044851
  6.80000000   0.09603556   0.16181309   0.00952576   0.11217591
  6.82000000   0.09492891   0.16361943   0.00937831   0.11392887
  6.84000000   0.09383407   0.16544893   0.00923314   0.11570777
  6.86000000   0.09275093   0.16730190   0.00909022   0.11751296
  6.88000000   0.09167939   0.16917863   0.00894950   0.11934484
  6.90000000   0.09061935   0.17107943   0.00881095   0.12120378
  6.92000000   0.08957069   0.17300460   0.00867455   0.12309018
  6.94000000   0.08853332   0.17495447   0.00854026   0.12500442
  6.96000000   0.08750713   0.17692934   0.00840804   0.12694691
  6.98000000   0.08649202   0.17892953   0.00827786   0.12891805
  7.00000000   0.08548788   0.18095537   0.00814970   0.13091826
  7.02000000   0.08449463   0.18300719   0.00802352   0.13294795
  7.04000000   0.08351215   0.18508532   0.00789929   0.13500754
  7.06000000   0.08254034   0.18719009   0.00777697   0.13709747
  7.08000000   0.08157911   0.18932185   0.00765655   0.13921816
  7.10000000   0.08062836   0.19148095   0.00753800   0.14137006
  7.12000000   0.07968798   0.19366773   0.00742127   0.14355362
  7.14000000   0.07875788   0.19588254   0.00730635   0.14576929
  7.16000000   0.07783796   0.19812575   0.00719321   0.14801753
  7.18000000   0.07692813   0.20039773   0.00708181   0.15029880
  7.20000000   0.07602829   0.20269883   0.00697214   0.15261359
  7.22000000   0.07513833   0.20502943   0.00686417   0.15496236
  7.24000000   0.07425818   0.20738992   0.00675787   0.15734561
  7.26000000   0.07338773   0.20978067   0.00665321   0.15976382
  7.28000000   0.07252688   0.21220207   0.00655016   0.16221751
  7.30000000   0.07167556   0.21465452   0.00644872   0.16470716
  7.32000000   0.07083365   0.21713840   0.00634884   0.16723331
  7.34000000   0.07000108   0.21965414   0.00625051   0.16979647
  7.36000000   0.06917775   0.22220213   0.00615370   0.17239717
  7.38000000   0.06836356   0.22478278   0.00605839   0.17503595
  7.40000000   0.06755843   0.22739652   0.00596455   0.17771335
  7.42000000   0.06676228   0.23004378   0.00587217   0.18042991
  7.44000000   0.06597500   0.23272497   0.00578121   0.18318621
  7.46000000   0.06519651   0.23544055   0.00569166   0.18598280
  7.48000000   0.06442673   0.23819094   0.00560350   0.18882027
  7.50000000   0.06366557   0.24097659   0.00551670   0.19169919
  7.52000000   0.06291293   0.24379796   0.00543125   0.19462016
  7.54000000   0.06216875   0.24665551   0.00534712   0.19758377
  7.56000000   0.06143292   0.24954970   0.00526429   0.20059063
  7.58000000   0.06070536   0.25248100   0.00518275   0.20364136
  7.60000000   0.05998600   0.25544988   0.00510246   0.20673659
  7.62000000   0.05927475   0.25845684   0.00502342   0.20987695
  7.64000000   0.05857153   0.26150236   0.00494561   0.21306307
  7.66000000   0.05787625   0.26458692   0.00486900   0.21629561
  7.68000000   0.05718883   0.26771105   0.00479357   0.21957524
  7.70000000   0.05650920   0.27087524   0.00471931   0.22290262
  7.72000000   0.05583727   0.27408000   0.00464621   0.22627843
  7.74000000   0.05517296   0.27732587   0.00457423   0.22970336
  7.76000000   0.05451619   0.28061337   0.00450337   0.23317810
  7.78000000   0.05386690   0.28394302   0.00443361   0.23670337
  7.80000000   0.05322499   0.28731539   0.00436493   0.24027988
  7.82000000   0.05259040   0.29073100   0.00429731   0.24390837
  7.84000000   0.05196304   0.29419043   0.00423074   0.24758956
  7.86000000   0.05134285   0.29769423   0.00416520   0.25132421
  7.88000000   0.05072974   0.30124297   0.00410067   0.25511307
  7.90000000   0.05012364   0.30483724   0.00403715   0.25895692
  7.92000000   0.04952448   0.30847761   0.00397461   0.26285654
  7.94000000   0.04893219   0.31216468   0.00391304   0.26681271
  7.96000000   0.04834669   0.31589905   0.00385242   0.27082624
  7.98000000   0.04776791   0.31968133   0.00379274   0.27489793
  8.00000000   0.04719579   0.32351213   0.00373399   0.27902863
  8.02000000   0.04663024   0.32739209   0.00367614   0.28321915
  8.04000000   0.04607120   0.33132182   0.00361920   0.28747035
  8.06000000   0.04551861   0.33530198   0.00356313   0.29178309
  8.08000000   0.04497238   0.33933321   0.00350793   0.29615824
  8.10000000   0.04443247   0.34341617   0.00345359   0.30059668
  8.12000000   0.04389879   0.34755152   0.00340010   0.30509931
  8.14000000   0.04337127   0.35173993   0.00334743   0.30966703
  8.16000000   0.04284987   0.35598210   0.00329557   0.31430077
  8.18000000   0.04233450   0.36027871   0.00324452   0.31900146
  8.20000000   0.04182510   0.36463047   0.00319426   0.32377005
  8.22000000   0.04132162   0.36903808   0.00314478   0.32860749
  8.24000000   0.04082398   0.37350226   0.00309607   0.33351476
  8.26000000   0.04033212   0.37802374   0.00304811   0.33849284
  8.28000000   0.03984598   0.38260326   0.00300090   0.34354274
  8.30000000   0.03936550   0.38724157   0.00295442   0.34866547
  8.32000000   0.03889061   0.39193942   0.00290865   0.35386205
  8.34000000   0.03842126   0.39669758   0.00286360   0.35913354
  8.36000000   0.03795738   0.40151683   0.00281925   0.36448097
  8.38000000   0.03749892   0.40639795   0.00277558   0.36990544
  8.40000000   0.03704581   0.41134174   0.00273259   0.37540802
  8.42000000   0.03659800   0.41634901   0.00269027   0.38098981
  8.44000000   0.03615543   0.42142057   0.00264860   0.38665194
  8.46000000   0.03571804   0.42655726   0.00260758   0.39239553
  8.48000000   0.03528578   0.43175991   0.00256719   0.39822173
  8.50000000   0.03485858   0.43702937   0.00252743   0.40413170
  8.52000000   0.03443639   0.44236651   0.00248829   0.41012663
  8.54000000   0.03401916   0.44777219   0.00244975   0.41620771
  8.56000000   0.03360683   0.45324730   0.00241181   0.42237615
  8.58000000   0.03319935   0.45879274   0.00237446   0.42863318
  8.60000000   0.03279666   0.46440940   0.00233769   0.43498005
  8.62000000   0.03239872   0.47009821   0.00230149   0.44141802
  8.64000000   0.03200546   0.47586010   0.00226585   0.44794837
  8.66000000   0.03161683   0.48169601   0.00223076   0.45457241
  8.68000000   0.03123279   0.48760690   0.00219622   0.46129144
  8.70000000   0.03085329   0.49359372   0.00216221   0.46810681
  8.72000000   0.03047826   0.49965746   0.00212873   0.47501986
  8.74000000   0.03010767   0.50579912   0.00209577   0.48203197
  8.76000000   0.02974145   0.51201969   0.00206332   0.48914453
  8.78000000   0.02937957   0.51832019   0.00203137   0.49635895
  8.80000000   0.02902198   0.52470165   0.00199992   0.50367665
  8.82000000   0.02866862   0.53116513   0.00196895   0.51109910
  8.84000000   0.02831945   0.53771166   0.00193847   0.51862775
  8.86000000   0.02797442   0.54434233   0.00190846   0.52626410
  8.88000000   0.02763349   0.55105823   0.00187891   0.53400966
  8.90000000   0.02729660   0.55786044   0.00184982   0.54186595
  8.92000000   0.02696371   0.56475009   0.00182118   0.54983454
  8.94000000   0.02663479   0.57172829   0.00179299   0.55791698
  8.96000000   0.02630977   0.57879620   0.00176523   0.56611489
  8.98000000   0.02598863   0.58595496   0.00173791   0.57442987
  9.00000000   0.02567130   0.59320576   0.00171100   0.58286357
  9.02000000   0.02535776   0.60054978   0.00168452   0.59141764
  9.04000000   0.02504796   0.60798822   0.00165844   0.60009378
  9.06000000   0.02474185   0.61552229   0.00163277   0.60889369
  9.08000000   0.02443939   0.62315324   0.00160750   0.61781909
  9.10000000   0.02414054   0.63088231   0.00158262   0.62687176
  9.12000000   0.02384527   0.63871077   0.00155813   0.63605346
  9.14000000   0.02355352   0.64663990   0.00153401   0.64536600
  9.16000000   0.02326526   0.65467099   0.00151027   0.65481121
  9.18000000   0.02298045   0.66280537   0.00148690   0.66439095
  9.20000000   0.02269905   0.67104437   0.00146389   0.67410708
  9.22000000   0.02242102   0.67938933   0.00144123   0.68396153
  9.24000000   0.02214632   0.68784162   0.00141893   0.69395621
  9.26000000   0.02187491   0.69640263   0.00139697   0.70409309
  9.28000000   0.02160676   0.70507377   0.00137536   0.71437416
  9.30000000   0.02134183   0.71385645   0.00135407   0.72480142
  9.32000000   0.02108007   0.72275210   0.00133312   0.73537692
  9.34000000   0.02082146   0.73176220   0.00131250   0.74610271
  9.36000000   0.02056596   0.74088820   0.00129219   0.75698090
  9.38000000   0.02031353   0.75013163   0.00127220   0.76801363
  9.40000000   0.02006413   0.75949399   0.00125251   0.77920304
  9.42000000   0.01981773   0.76897680   0.00123314   0.79055129
  9.44000000   0.01957430   0.77858157   0.00121406   0.80206058
  9.46000000   0.01933380   0.78830997   0.00119528   0.81373321
  9.48000000   0.01909620   0.79816369   0.00117679   0.82557159
  9.50000000   0.01886147   0.80814424   0.00115859   0.83757790
  9.52000000   0.01862956   0.81825285   0.00114066   0.84975405
  9.54000000   0.01840045   0.82849112   0.00112302   0.86210231
  9.56000000   0.01817411   0.83886194   0.00110565   0.87462645
  9.58000000   0.01795049   0.84936828   0.00108855   0.88733025
  9.60000000   0.01772958   0.86000902   0.00107171   0.90021311
  9.62000000   0.01751134   0.87078030   0.00105514   0.91327139
  9.64000000   0.01729574   0.88168655   0.00103882   0.92651055
  9.66000000   0.01708274   0.89274887   0.00102276   0.93995422
  9.68000000   0.01687232   0.90398057   0.00100694   0.95361755
  9.70000000   0.01666445   0.91533070   0.00099137   0.96744560
  9.72000000   0.01645909   0.92672700   0.00097604   0.98136015
  9.74000000   0.01625622   0.93825602   0.00096095   0.99545632
  9.76000000   0.01605581   0.95019964   0.00094609   1.01004232
  9.78000000   0.01585783   0.96262751   0.00093146   1.02519484
  9.80000000   0.01566224   0.97469375   0.00091706   1.03999163
  9.82000000   0.01546903   0.98546235   0.00090288   1.05341208
  9.84000000   0.01527817   0.99660005   0.00088893   1.06727550
  9.86000000   0.01508962   1.01203605   0.00087518   1.08586983
  9.88000000   0.01490336   1.03159750   0.00086165   1.10900720
  9.90000000   0.01471936   1.04273001   0.00084833   1.12299012
  9.92000000   0.01453760   1.03359484   0.00083522   1.11490194
  9.94000000   0.01435805   1.03134073   0.00082231   1.11436577
  9.96000000   0.01418068   1.09020454   0.00080960   1.18056086
  9.98000000   0.01400547   1.19848605   0.00079709   1.30072179
 10.00000000   0.01383239   1.17815187   0.00078477   1.28059496
