Ga
3.000000 70.000000 3
1.127796 1.506129 2.118164 1.506129 
501 0.020000
  0.00000806   3.15992761  -1.32676714  -1.40242987  -2.34048242
  0.02000000   3.16459813  -1.33060114  -1.38497104  -2.27520671
  0.04000000   3.16827964  -1.33098612  -1.38587166  -2.27783894
  0.06000000   3.16766616  -1.33250050  -1.38720156  -2.28211033
  0.08000000   3.16159582  -1.33528740  -1.38893826  -2.28800884
  0.10000000   3.14955322  -1.33937542  -1.39105658  -2.29547764
  0.12000000   3.13136015  -1.34473019  -1.39352757  -2.30442913
  0.14000000   3.10701144  -1.35128697  -1.39632141  -2.31476221
  0.16000000   3.07657993  -1.35897080  -1.39940999  -2.32637468
  0.18000000   3.04019204  -1.36770027  -1.40276654  -2.33916369
  0.20000000   2.99803130  -1.37738478  -1.40636415  -2.35302176
  0.22000000   2.95033866  -1.38792311  -1.41017492  -2.36783443
  0.24000000   2.89739809  -1.39920620  -1.41417024  -2.38348196
  0.26000000   2.83951012  -1.41112341  -1.41832204  -2.39984431
  0.28000000   2.77696535  -1.42356904  -1.42260414  -2.41680641
  0.30000000   2.71003163  -1.43644552  -1.42699284  -2.43426068
  0.32000000   2.63896143  -1.44966115  -1.43146629  -2.45210480
  0.34000000   2.56401077  -1.46312466  -1.43600301  -2.47023686
  0.36000000   2.48545255  -1.47674124  -1.44058084  -2.48855172
  0.38000000   2.40357385  -1.49041294  -1.44517700  -2.50694123
  0.40000000   2.31866034  -1.50404284  -1.44976897  -2.52529780
  0.42000000   2.23097782  -1.51754031  -1.45433576  -2.54351886
  0.44000000   2.14075837  -1.53082523  -1.45885889  -2.56151050
  0.46000000   2.04819374  -1.54383043  -1.46332292  -2.57918951
  0.48000000   1.95343507  -1.55650248  -1.46771567  -2.59648401
  0.50000000   1.85659700  -1.56880122  -1.47202804  -2.61333305
  0.52000000   1.75776442  -1.58069866  -1.47625380  -2.62968558
  0.54000000   1.65700037  -1.59217740  -1.48038915  -2.64549908
  0.56000000   1.55435424  -1.60322892  -1.48443234  -2.66073807
  0.58000000   1.44986961  -1.61385189  -1.48838329  -2.67537264
  0.60000000   1.34359136  -1.62405057  -1.49224316  -2.68937706
  0.62000000   1.23557184  -1.63383334  -1.49601405  -2.70272858
  0.64000000   1.12587612  -1.64321148  -1.49969869  -2.71540633
  0.66000000   1.01458611  -1.65219806  -1.50330018  -2.72739043
  0.68000000   0.90180372  -1.66080706  -1.50682181  -2.73866128
  0.70000000   0.78765310  -1.66905269  -1.51026685  -2.74919903
  0.72000000   0.67228199  -1.67694878  -1.51363845  -2.75898314
  0.74000000   0.55586233  -1.68450845  -1.51693955  -2.76799212
  0.76000000   0.43859011  -1.69174376  -1.52017278  -2.77620338
  0.78000000   0.32068477  -1.69866558  -1.52334042  -2.78359319
  0.80000000   0.20238788  -1.70528349  -1.52644437  -2.79013669
  0.82000000   0.08396157  -1.71160576  -1.52948617  -2.79580803
  0.84000000  -0.03431350  -1.71763936  -1.53246692  -2.80058051
  0.86000000  -0.15214049  -1.72339011  -1.53538736  -2.80442681
  0.88000000  -0.26920895  -1.72886270  -1.53824784  -2.80731922
  0.90000000  -0.38519756  -1.73406087  -1.54104831  -2.80922992
  0.92000000  -0.49977707  -1.73898755  -1.54378840  -2.81013130
  0.94000000  -0.61261336  -1.74364495  -1.54646734  -2.80999623
  0.96000000  -0.72337053  -1.74803473  -1.54908407  -2.80879837
  0.98000000  -0.83171406  -1.75215809  -1.55163717  -2.80651250
  1.00000000  -0.93731397  -1.75601593  -1.55412489  -2.80311483
  1.02000000  -1.03984801  -1.75960887  -1.55654517  -2.79858330
  1.04000000  -1.13900468  -1.76293736  -1.55889562  -2.79289783
  1.06000000  -1.23448632  -1.76600173  -1.56117353  -2.78604066
  1.08000000  -1.32601200  -1.76880223  -1.56337584  -2.77799658
  1.10000000  -1.41332028  -1.77133901  -1.56549915  -2.76875319
  1.12000000  -1.49617187  -1.77361213  -1.56753973  -2.75830113
  1.14000000  -1.57435199  -1.77562153  -1.56949346  -2.74663432
  1.16000000  -1.64767266  -1.77736702  -1.57135586  -2.73375011
  1.18000000  -1.71597457  -1.77884819  -1.57312206  -2.71964951
  1.20000000  -1.77912882  -1.78006435  -1.57478680  -2.70433734
  1.22000000  -1.83703828  -1.78101450  -1.57634441  -2.68782236
  1.24000000  -1.88963861  -1.78169725  -1.57778882  -2.67011739
  1.26000000  -1.93689901  -1.78211070  -1.57911356  -2.65123945
  1.28000000  -1.97882250  -1.78225246  -1.58031174  -2.63120978
  1.30000000  -2.01544584  -1.78211953  -1.58137609  -2.61005394
  1.32000000  -2.04683916  -1.78170826  -1.58229896  -2.58780185
  1.34000000  -2.07310499  -1.78101435  -1.58307231  -2.56448774
  1.36000000  -2.09437704  -1.78003278  -1.58368780  -2.54015021
  1.38000000  -2.11081856  -1.77875786  -1.58413676  -2.51483210
  1.40000000  -2.12262026  -1.77718317  -1.58441026  -2.48858048
  1.42000000  -2.12999790  -1.77530169  -1.58449913  -2.46144648
  1.44000000  -2.13318961  -1.77310573  -1.58439405  -2.43348518
  1.46000000  -2.13245283  -1.77058713  -1.58408553  -2.40475542
  1.48000000  -2.12806108  -1.76773722  -1.58356406  -2.37531957
  1.50000000  -2.12030053  -1.76454702  -1.58282009  -2.34524327
  1.52000000  -2.10946641  -1.76100733  -1.58184414  -2.31459514
  1.54000000  -2.09585941  -1.75710883  -1.58062685  -2.28344645
  1.56000000  -2.07978204  -1.75284230  -1.57915905  -2.25187073
  1.58000000  -2.06153511  -1.74819868  -1.57743184  -2.21994335
  1.60000000  -2.04141432  -1.74316934  -1.57543664  -2.18774113
  1.62000000  -2.01970707  -1.73774617  -1.57316528  -2.15534179
  1.64000000  -1.99668953  -1.73192177  -1.57061004  -2.12282351
  1.66000000  -1.97262406  -1.72568964  -1.56776374  -2.09026437
  1.68000000  -1.94775697  -1.71904435  -1.56461976  -2.05774185
  1.70000000  -1.92231665  -1.71198167  -1.56117216  -2.02533222
  1.72000000  -1.89651222  -1.70449874  -1.55741568  -1.99311005
  1.74000000  -1.87053252  -1.69659422  -1.55334579  -1.96114765
  1.76000000  -1.84454555  -1.68826840  -1.54895878  -1.92951453
  1.78000000  -1.81869835  -1.67952333  -1.54425174  -1.89827688
  1.80000000  -1.79311728  -1.67036291  -1.53922264  -1.86749712
  1.82000000  -1.76790860  -1.66079295  -1.53387032  -1.83723346
  1.84000000  -1.74315942  -1.65082124  -1.52819456  -1.80753944
  1.86000000  -1.71893892  -1.64045757  -1.52219603  -1.77846368
  1.88000000  -1.69529969  -1.62971374  -1.51587639  -1.75004951
  1.90000000  -1.67227935  -1.61860354  -1.50923823  -1.72233479
  1.92000000  -1.64990220  -1.60714271  -1.50228508  -1.69535171
  1.94000000  -1.62818087  -1.59534886  -1.49502146  -1.66912674
  1.96000000  -1.60711811  -1.58324140  -1.48745280  -1.64368057
  1.98000000  -1.58670839  -1.57084142  -1.47958551  -1.61902817
  2.00000000  -1.56693945  -1.55817153  -1.47142687  -1.59517889
  2.02000000  -1.54779385  -1.54525571  -1.46298512  -1.57213667
  2.04000000  -1.52925022  -1.53211915  -1.45426933  -1.54990022
  2.06000000  -1.51128444  -1.51878805  -1.44528946  -1.52846334
  2.08000000  -1.49387071  -1.50528939  -1.43605628  -1.50781530
  2.10000000  -1.47698236  -1.49165075  -1.42658133  -1.48794113
  2.12000000  -1.46059260  -1.47790003  -1.41687691  -1.46882214
  2.14000000  -1.44467503  -1.46406530  -1.40695603  -1.45043627
  2.16000000  -1.42920412  -1.45017446  -1.39683233  -1.43275861
  2.18000000  -1.41415549  -1.43625513  -1.38652009  -1.41576185
  2.20000000  -1.39950611  -1.42233434  -1.37603411  -1.39941675
  2.22000000  -1.38523444  -1.40843833  -1.36538971  -1.38369259
  2.24000000  -1.37132048  -1.39459240  -1.35460260  -1.36855764
  2.26000000  -1.35774574  -1.38082066  -1.34368891  -1.35397958
  2.28000000  -1.34449320  -1.36714591  -1.33266504  -1.33992591
  2.30000000  -1.33154726  -1.35358947  -1.32154763  -1.32636430
  2.32000000  -1.31889358  -1.34017104  -1.31035348  -1.31326294
  2.34000000  -1.30651905  -1.32690864  -1.29909949  -1.30059085
  2.36000000  -1.29441163  -1.31381852  -1.28780257  -1.28831812
  2.38000000  -1.28256022  -1.30091507  -1.27647956  -1.27641612
  2.40000000  -1.27095463  -1.28821084  -1.26514718  -1.26485770
  2.42000000  -1.25958540  -1.27571653  -1.25382195  -1.25361730
  2.44000000  -1.24844377  -1.26344098  -1.24252009  -1.24267108
  2.46000000  -1.23752158  -1.25139126  -1.23125747  -1.23199691
  2.48000000  -1.22681118  -1.23957267  -1.22004953  -1.22157450
  2.50000000  -1.21630541  -1.22798890  -1.20891123  -1.21138529
  2.52000000  -1.20599753  -1.21664204  -1.19785695  -1.20141248
  2.54000000  -1.19588115  -1.20553277  -1.18690045  -1.19164098
  2.56000000  -1.18595025  -1.19466041  -1.17605484  -1.18205727
  2.58000000  -1.17619910  -1.18402310  -1.16533244  -1.17264940
  2.60000000  -1.16662222  -1.17361789  -1.15474483  -1.16340679
  2.62000000  -1.15721444  -1.16344092  -1.14430275  -1.15432022
  2.64000000  -1.14797078  -1.15348751  -1.13401607  -1.14538161
  2.66000000  -1.13888649  -1.14375230  -1.12389376  -1.13658399
  2.68000000  -1.12995704  -1.13422941  -1.11394388  -1.12792134
  2.70000000  -1.12117807  -1.12491252  -1.10417354  -1.11938846
  2.72000000  -1.11254540  -1.11579500  -1.09458889  -1.11098088
  2.74000000  -1.10405502  -1.10687004  -1.08519513  -1.10269479
  2.76000000  -1.09570310  -1.09813068  -1.07599650  -1.09452686
  2.78000000  -1.08748593  -1.08956998  -1.06699630  -1.08647422
  2.80000000  -1.07939995  -1.08118102  -1.05819686  -1.07853436
  2.82000000  -1.07144176  -1.07295700  -1.04959963  -1.07070506
  2.84000000  -1.06360804  -1.06489128  -1.04120515  -1.06298432
  2.86000000  -1.05589565  -1.05697745  -1.03301312  -1.05537030
  2.88000000  -1.04830151  -1.04920932  -1.02502240  -1.04786131
  2.90000000  -1.04082269  -1.04158100  -1.01723109  -1.04045573
  2.92000000  -1.03345635  -1.03408685  -1.00963654  -1.03315202
  2.94000000  -1.02619976  -1.02672155  -1.00223544  -1.02594865
  2.96000000  -1.01905026  -1.01948007  -0.99502383  -1.01884414
  2.98000000  -1.01200532  -1.01235770  -0.98799719  -1.01183698
  3.00000000  -1.00506246  -1.00534999  -0.98115051  -1.00492569
  3.02000000  -0.99821931  -0.99845281  -0.97447828  -0.99810875
  3.04000000  -0.99147356  -0.99166228  -0.96797463  -0.99138465
  3.06000000  -0.98482299  -0.98497478  -0.96163336  -0.98475186
  3.08000000  -0.97826545  -0.97838694  -0.95544798  -0.97820884
  3.10000000  -0.97179885  -0.97189562  -0.94941179  -0.97175403
  3.12000000  -0.96542118  -0.96549788  -0.94351796  -0.96538588
  3.14000000  -0.95913049  -0.95919098  -0.93775953  -0.95910283
  3.16000000  -0.95292488  -0.95297235  -0.93212952  -0.95290332
  3.18000000  -0.94680252  -0.94683959  -0.92662095  -0.94678581
  3.20000000  -0.94076164  -0.94079044  -0.92122690  -0.94074875
  3.22000000  -0.93480052  -0.93482277  -0.91594055  -0.93479063
  3.24000000  -0.92891747  -0.92893458  -0.91075521  -0.92890993
  3.26000000  -0.92311089  -0.92312398  -0.90566440  -0.92310516
  3.28000000  -0.91737919  -0.91738916  -0.90066181  -0.91737487
  3.30000000  -0.91172086  -0.91172840  -0.89574141  -0.91171762
  3.32000000  -0.90613441  -0.90614009  -0.89089743  -0.90613198
  3.34000000  -0.90061839  -0.90062264  -0.88612436  -0.90061659
  3.36000000  -0.89517141  -0.89517458  -0.88141704  -0.89517008
  3.38000000  -0.88979211  -0.88979446  -0.87677059  -0.88979113
  3.40000000  -0.88447916  -0.88448089  -0.87218047  -0.88447845
  3.42000000  -0.87923128  -0.87923255  -0.86764249  -0.87923076
  3.44000000  -0.87404722  -0.87404814  -0.86315277  -0.87404685
  3.46000000  -0.86892576  -0.86892643  -0.85870778  -0.86892549
  3.48000000  -0.86386572  -0.86386620  -0.85430432  -0.86386552
  3.50000000  -0.85886594  -0.85886628  -0.84993949  -0.85886580
  3.52000000  -0.85392530  -0.85392554  -0.84561073  -0.85392520
  3.54000000  -0.84904271  -0.84904288  -0.84131578  -0.84904264
  3.56000000  -0.84421710  -0.84421722  -0.83705265  -0.84421705
  3.58000000  -0.83944744  -0.83944753  -0.83281964  -0.83944741
  3.60000000  -0.83473272  -0.83473278  -0.82861530  -0.83473270
  3.62000000  -0.83007195  -0.83007199  -0.82443842  -0.83007193
  3.64000000  -0.82546417  -0.82546419  -0.82028804  -0.82546416
  3.66000000  -0.82090844  -0.82090846  -0.81616335  -0.82090843
  3.68000000  -0.81640385  -0.81640387  -0.81206378  -0.81640385
  3.70000000  -0.81194952  -0.81194953  -0.80798889  -0.81194951
  3.72000000  -0.80754456  -0.80754457  -0.80393841  -0.80754456
  3.74000000  -0.80318814  -0.80318814  -0.79991220  -0.80318814
  3.76000000  -0.79887942  -0.79887942  -0.79591023  -0.79887942
  3.78000000  -0.79461760  -0.79461760  -0.79193256  -0.79461760
  3.80000000  -0.79040189  -0.79040189  -0.78797934  -0.79040189
  3.82000000  -0.78623151  -0.78623151  -0.78405079  -0.78623151
  3.84000000  -0.78210571  -0.78210572  -0.78014718  -0.78210571
  3.86000000  -0.77802377  -0.77802377  -0.77626882  -0.77802377
  3.88000000  -0.77398495  -0.77398495  -0.77241605  -0.77398495
  3.90000000  -0.76998857  -0.76998857  -0.76858922  -0.76998857
  3.92000000  -0.76603392  -0.76603392  -0.76478869  -0.76603392
  3.94000000  -0.76212034  -0.76212034  -0.76101482  -0.76212034
  3.96000000  -0.75824718  -0.75824718  -0.75726798  -0.75824718
  3.98000000  -0.75441379  -0.75441379  -0.75354850  -0.75441379
  4.00000000  -0.75061954  -0.75061954  -0.74985671  -0.75061954
  4.02000000  -0.74686383  -0.74686383  -0.74619290  -0.74686383
  4.04000000  -0.74314604  -0.74314604  -0.74255734  -0.74314604
  4.06000000  -0.73946560  -0.73946560  -0.73895026  -0.73946560
  4.08000000  -0.73582193  -0.73582193  -0.73537189  -0.73582193
  4.10000000  -0.73221446  -0.73221446  -0.73182238  -0.73221446
  4.12000000  -0.72864265  -0.72864265  -0.72830188  -0.72864265
  4.14000000  -0.72510595  -0.72510595  -0.72481050  -0.72510595
  4.16000000  -0.72160384  -0.72160384  -0.72134829  -0.72160384
  4.18000000  -0.71813580  -0.71813580  -0.71791530  -0.71813580
  4.20000000  -0.71470132  -0.71470132  -0.71451153  -0.71470132
  4.22000000  -0.71129991  -0.71129991  -0.71113694  -0.71129991
  4.24000000  -0.70793108  -0.70793108  -0.70779149  -0.70793108
  4.26000000  -0.70459435  -0.70459435  -0.70447509  -0.70459435
  4.28000000  -0.70128926  -0.70128926  -0.70118761  -0.70128926
  4.30000000  -0.69801535  -0.69801535  -0.69792893  -0.69801535
  4.32000000  -0.69477217  -0.69477217  -0.69469888  -0.69477217
  4.34000000  -0.69155929  -0.69155929  -0.69149729  -0.69155929
  4.36000000  -0.68837626  -0.68837626  -0.68832395  -0.68837626
  4.38000000  -0.68522267  -0.68522267  -0.68517864  -0.68522267
  4.40000000  -0.68209811  -0.68209811  -0.68206115  -0.68209811
  4.42000000  -0.67900216  -0.67900216  -0.67897121  -0.67900216
  4.44000000  -0.67593443  -0.67593443  -0.67590858  -0.67593443
  4.46000000  -0.67289453  -0.67289453  -0.67287300  -0.67289453
  4.48000000  -0.66988207  -0.66988207  -0.66986418  -0.66988207
  4.50000000  -0.66689669  -0.66689669  -0.66688186  -0.66689669
  4.52000000  -0.66393799  -0.66393799  -0.66392574  -0.66393799
  4.54000000  -0.66100564  -0.66100564  -0.66099554  -0.66100564
  4.56000000  -0.65809926  -0.65809926  -0.65809096  -0.65809926
  4.58000000  -0.65521852  -0.65521852  -0.65521170  -0.65521852
  4.60000000  -0.65236306  -0.65236306  -0.65235749  -0.65236306
  4.62000000  -0.64953255  -0.64953255  -0.64952801  -0.64953255
  4.64000000  -0.64672666  -0.64672666  -0.64672297  -0.64672666
  4.66000000  -0.64394507  -0.64394507  -0.64394207  -0.64394507
  4.68000000  -0.64118745  -0.64118745  -0.64118503  -0.64118745
  4.70000000  -0.63845350  -0.63845350  -0.63845155  -0.63845350
  4.72000000  -0.63574291  -0.63574291  -0.63574134  -0.63574291
  4.74000000  -0.63305537  -0.63305537  -0.63305411  -0.63305537
  4.76000000  -0.63039058  -0.63039058  -0.63038957  -0.63039058
  4.78000000  -0.62774827  -0.62774827  -0.62774746  -0.62774827
  4.80000000  -0.62512813  -0.62512813  -0.62512749  -0.62512813
  4.82000000  -0.62252989  -0.62252989  -0.62252938  -0.62252989
  4.84000000  -0.61995327  -0.61995327  -0.61995287  -0.61995327
  4.86000000  -0.61739800  -0.61739800  -0.61739768  -0.61739800
  4.88000000  -0.61486381  -0.61486381  -0.61486356  -0.61486381
  4.90000000  -0.61235044  -0.61235044  -0.61235024  -0.61235044
  4.92000000  -0.60985763  -0.60985763  -0.60985748  -0.60985763
  4.94000000  -0.60738512  -0.60738512  -0.60738501  -0.60738512
  4.96000000  -0.60493268  -0.60493268  -0.60493258  -0.60493268
  4.98000000  -0.60250004  -0.60250004  -0.60249997  -0.60250004
  5.00000000  -0.60008697  -0.60008697  -0.60008692  -0.60008697
  5.02000000  -0.59769324  -0.59769324  -0.59769320  -0.59769324
  5.04000000  -0.59531860  -0.59531860  -0.59531857  -0.59531860
  5.06000000  -0.59296283  -0.59296283  -0.59296281  -0.59296283
  5.08000000  -0.59062570  -0.59062570  -0.59062569  -0.59062570
  5.10000000  -0.58830700  -0.58830700  -0.58830698  -0.58830700
  5.12000000  -0.58600649  -0.58600649  -0.58600648  -0.58600649
  5.14000000  -0.58372397  -0.58372397  -0.58372396  -0.58372397
  5.16000000  -0.58145922  -0.58145922  -0.58145921  -0.58145922
  5.18000000  -0.57921204  -0.57921204  -0.57921203  -0.57921204
  5.20000000  -0.57698221  -0.57698221  -0.57698221  -0.57698221
  5.22000000  -0.57476955  -0.57476955  -0.57476954  -0.57476955
  5.24000000  -0.57257384  -0.57257384  -0.57257384  -0.57257384
  5.26000000  -0.57039489  -0.57039489  -0.57039489  -0.57039489
  5.28000000  -0.56823252  -0.56823252  -0.56823252  -0.56823252
  5.30000000  -0.56608652  -0.56608652  -0.56608652  -0.56608652
  5.32000000  -0.56395672  -0.56395672  -0.56395672  -0.56395672
  5.34000000  -0.56184293  -0.56184293  -0.56184293  -0.56184293
  5.36000000  -0.55974497  -0.55974497  -0.55974497  -0.55974497
  5.38000000  -0.55766265  -0.55766265  -0.55766265  -0.55766265
  5.40000000  -0.55559582  -0.55559582  -0.55559582  -0.55559582
  5.42000000  -0.55354428  -0.55354428  -0.55354428  -0.55354428
  5.44000000  -0.55150787  -0.55150787  -0.55150787  -0.55150787
  5.46000000  -0.54948643  -0.54948643  -0.54948643  -0.54948643
  5.48000000  -0.54747979  -0.54747979  -0.54747979  -0.54747979
  5.50000000  -0.54548778  -0.54548778  -0.54548778  -0.54548778
  5.52000000  -0.54351025  -0.54351025  -0.54351025  -0.54351025
  5.54000000  -0.54154703  -0.54154703  -0.54154703  -0.54154703
  5.56000000  -0.53959797  -0.53959797  -0.53959797  -0.53959797
  5.58000000  -0.53766292  -0.53766292  -0.53766292  -0.53766292
  5.60000000  -0.53574173  -0.53574173  -0.53574173  -0.53574173
  5.62000000  -0.53383424  -0.53383424  -0.53383424  -0.53383424
  5.64000000  -0.53194031  -0.53194031  -0.53194031  -0.53194031
  5.66000000  -0.53005980  -0.53005980  -0.53005980  -0.53005980
  5.68000000  -0.52819256  -0.52819256  -0.52819256  -0.52819256
  5.70000000  -0.52633845  -0.52633845  -0.52633845  -0.52633845
  5.72000000  -0.52449734  -0.52449734  -0.52449734  -0.52449734
  5.74000000  -0.52266908  -0.52266908  -0.52266908  -0.52266908
  5.76000000  -0.52085354  -0.52085354  -0.52085354  -0.52085354
  5.78000000  -0.51905059  -0.51905059  -0.51905059  -0.51905059
  5.80000000  -0.51726010  -0.51726010  -0.51726010  -0.51726010
  5.82000000  -0.51548194  -0.51548194  -0.51548194  -0.51548194
  5.84000000  -0.51371597  -0.51371597  -0.51371597  -0.51371597
  5.86000000  -0.51196209  -0.51196209  -0.51196209  -0.51196209
  5.88000000  -0.51022015  -0.51022015  -0.51022015  -0.51022015
  5.90000000  -0.50849004  -0.50849004  -0.50849004  -0.50849004
  5.92000000  -0.50677164  -0.50677164  -0.50677164  -0.50677164
  5.94000000  -0.50506484  -0.50506484  -0.50506484  -0.50506484
  5.96000000  -0.50336950  -0.50336950  -0.50336950  -0.50336950
  5.98000000  -0.50168552  -0.50168552  -0.50168552  -0.50168552
  6.00000000  -0.50001278  -0.50001278  -0.50001278  -0.50001278
  6.02000000  -0.49835117  -0.49835117  -0.49835117  -0.49835117
  6.04000000  -0.49670058  -0.49670058  -0.49670058  -0.49670058
  6.06000000  -0.49506090  -0.49506090  -0.49506090  -0.49506090
  6.08000000  -0.49343203  -0.49343203  -0.49343203  -0.49343203
  6.10000000  -0.49181384  -0.49181384  -0.49181384  -0.49181384
  6.12000000  -0.49020625  -0.49020625  -0.49020625  -0.49020625
  6.14000000  -0.48860914  -0.48860914  -0.48860914  -0.48860914
  6.16000000  -0.48702241  -0.48702241  -0.48702241  -0.48702241
  6.18000000  -0.48544596  -0.48544596  -0.48544596  -0.48544596
  6.20000000  -0.48387970  -0.48387970  -0.48387970  -0.48387970
  6.22000000  -0.48232352  -0.48232352  -0.48232352  -0.48232352
  6.24000000  -0.48077732  -0.48077732  -0.48077732  -0.48077732
  6.26000000  -0.47924102  -0.47924102  -0.47924102  -0.47924102
  6.28000000  -0.47771451  -0.47771451  -0.47771451  -0.47771451
  6.30000000  -0.47619769  -0.47619769  -0.47619769  -0.47619769
  6.32000000  -0.47469049  -0.47469049  -0.47469049  -0.47469049
  6.34000000  -0.47319281  -0.47319281  -0.47319281  -0.47319281
  6.36000000  -0.47170455  -0.47170455  -0.47170455  -0.47170455
  6.38000000  -0.47022564  -0.47022564  -0.47022564  -0.47022564
  6.40000000  -0.46875597  -0.46875597  -0.46875597  -0.46875597
  6.42000000  -0.46729547  -0.46729547  -0.46729547  -0.46729547
  6.44000000  -0.46584404  -0.46584404  -0.46584404  -0.46584404
  6.46000000  -0.46440161  -0.46440161  -0.46440161  -0.46440161
  6.48000000  -0.46296809  -0.46296809  -0.46296809  -0.46296809
  6.50000000  -0.46154340  -0.46154340  -0.46154340  -0.46154340
  6.52000000  -0.46012745  -0.46012745  -0.46012745  -0.46012745
  6.54000000  -0.45872017  -0.45872017  -0.45872017  -0.45872017
  6.56000000  -0.45732148  -0.45732148  -0.45732148  -0.45732148
  6.58000000  -0.45593129  -0.45593129  -0.45593129  -0.45593129
  6.60000000  -0.45454954  -0.45454954  -0.45454954  -0.45454954
  6.62000000  -0.45317614  -0.45317614  -0.45317614  -0.45317614
  6.64000000  -0.45181101  -0.45181101  -0.45181101  -0.45181101
  6.66000000  -0.45045409  -0.45045409  -0.45045409  -0.45045409
  6.68000000  -0.44910530  -0.44910530  -0.44910530  -0.44910530
  6.70000000  -0.44776457  -0.44776457  -0.44776457  -0.44776457
  6.72000000  -0.44643182  -0.44643182  -0.44643182  -0.44643182
  6.74000000  -0.44510699  -0.44510699  -0.44510699  -0.44510699
  6.76000000  -0.44378999  -0.44378999  -0.44378999  -0.44378999
  6.78000000  -0.44248078  -0.44248078  -0.44248078  -0.44248078
  6.80000000  -0.44117926  -0.44117926  -0.44117926  -0.44117926
  6.82000000  -0.43988539  -0.43988539  -0.43988539  -0.43988539
  6.84000000  -0.43859908  -0.43859908  -0.43859908  -0.43859908
  6.86000000  -0.43732028  -0.43732028  -0.43732028  -0.43732028
  6.88000000  -0.43604891  -0.43604891  -0.43604891  -0.43604891
  6.90000000  -0.43478492  -0.43478492  -0.43478492  -0.43478492
  6.92000000  -0.43352824  -0.43352824  -0.43352824  -0.43352824
  6.94000000  -0.43227880  -0.43227880  -0.43227880  -0.43227880
  6.96000000  -0.43103654  -0.43103654  -0.43103654  -0.43103654
  6.98000000  -0.42980141  -0.42980141  -0.42980141  -0.42980141
  7.00000000  -0.42857334  -0.42857334  -0.42857334  -0.42857334
  7.02000000  -0.42735227  -0.42735227  -0.42735227  -0.42735227
  7.04000000  -0.42613813  -0.42613813  -0.42613813  -0.42613813
  7.06000000  -0.42493088  -0.42493088  -0.42493088  -0.42493088
  7.08000000  -0.42373046  -0.42373046  -0.42373046  -0.42373046
  7.10000000  -0.42253679  -0.42253679  -0.42253679  -0.42253679
  7.12000000  -0.42134984  -0.42134984  -0.42134984  -0.42134984
  7.14000000  -0.42016953  -0.42016953  -0.42016953  -0.42016953
  7.16000000  -0.41899582  -0.41899582  -0.41899582  -0.41899582
  7.18000000  -0.41782866  -0.41782866  -0.41782866  -0.41782866
  7.20000000  -0.41666797  -0.41666797  -0.41666797  -0.41666797
  7.22000000  -0.41551372  -0.41551372  -0.41551372  -0.41551372
  7.24000000  -0.41436585  -0.41436585  -0.41436585  -0.41436585
  7.26000000  -0.41322431  -0.41322431  -0.41322431  -0.41322431
  7.28000000  -0.41208904  -0.41208904  -0.41208904  -0.41208904
  7.30000000  -0.41095999  -0.41095999  -0.41095999  -0.41095999
  7.32000000  -0.40983711  -0.40983711  -0.40983711  -0.40983711
  7.34000000  -0.40872035  -0.40872035  -0.40872035  -0.40872035
  7.36000000  -0.40760966  -0.40760966  -0.40760966  -0.40760966
  7.38000000  -0.40650499  -0.40650499  -0.40650499  -0.40650499
  7.40000000  -0.40540630  -0.40540630  -0.40540630  -0.40540630
  7.42000000  -0.40431353  -0.40431353  -0.40431353  -0.40431353
  7.44000000  -0.40322664  -0.40322664  -0.40322664  -0.40322664
  7.46000000  -0.40214557  -0.40214557  -0.40214557  -0.40214557
  7.48000000  -0.40107029  -0.40107029  -0.40107029  -0.40107029
  7.50000000  -0.40000074  -0.40000074  -0.40000074  -0.40000074
  7.52000000  -0.39893688  -0.39893688  -0.39893688  -0.39893688
  7.54000000  -0.39787867  -0.39787867  -0.39787867  -0.39787867
  7.56000000  -0.39682606  -0.39682606  -0.39682606  -0.39682606
  7.58000000  -0.39577900  -0.39577900  -0.39577900  -0.39577900
  7.60000000  -0.39473745  -0.39473745  -0.39473745  -0.39473745
  7.62000000  -0.39370138  -0.39370138  -0.39370138  -0.39370138
  7.64000000  -0.39267072  -0.39267072  -0.39267072  -0.39267072
  7.66000000  -0.39164545  -0.39164545  -0.39164545  -0.39164545
  7.68000000  -0.39062553  -0.39062553  -0.39062553  -0.39062553
  7.70000000  -0.38961090  -0.38961090  -0.38961090  -0.38961090
  7.72000000  -0.38860152  -0.38860152  -0.38860152  -0.38860152
  7.74000000  -0.38759737  -0.38759737  -0.38759737  -0.38759737
  7.76000000  -0.38659839  -0.38659839  -0.38659839  -0.38659839
  7.78000000  -0.38560455  -0.38560455  -0.38560455  -0.38560455
  7.80000000  -0.38461580  -0.38461580  -0.38461580  -0.38461580
  7.82000000  -0.38363212  -0.38363212  -0.38363212  -0.38363212
  7.84000000  -0.38265345  -0.38265345  -0.38265345  -0.38265345
  7.86000000  -0.38167976  -0.38167976  -0.38167976  -0.38167976
  7.88000000  -0.38071102  -0.38071102  -0.38071102  -0.38071102
  7.90000000  -0.37974718  -0.37974718  -0.37974718  -0.37974718
  7.92000000  -0.37878821  -0.37878821  -0.37878821  -0.37878821
  7.94000000  -0.37783407  -0.37783407  -0.37783407  -0.37783407
  7.96000000  -0.37688473  -0.37688473  -0.37688473  -0.37688473
  7.98000000  -0.37594015  -0.37594015  -0.37594015  -0.37594015
  8.00000000  -0.37500029  -0.37500029  -0.37500029  -0.37500029
  8.02000000  -0.37406511  -0.37406511  -0.37406511  -0.37406511
  8.04000000  -0.37313459  -0.37313459  -0.37313459  -0.37313459
  8.06000000  -0.37220869  -0.37220869  -0.37220869  -0.37220869
  8.08000000  -0.37128737  -0.37128737  -0.37128737  -0.37128737
  8.10000000  -0.37037061  -0.37037061  -0.37037061  -0.37037061
  8.12000000  -0.36945836  -0.36945836  -0.36945836  -0.36945836
  8.14000000  -0.36855059  -0.36855059  -0.36855059  -0.36855059
  8.16000000  -0.36764727  -0.36764727  -0.36764727  -0.36764727
  8.18000000  -0.36674837  -0.36674837  -0.36674837  -0.36674837
  8.20000000  -0.36585385  -0.36585385  -0.36585385  -0.36585385
  8.22000000  -0.36496369  -0.36496369  -0.36496369  -0.36496369
  8.24000000  -0.36407785  -0.36407785  -0.36407785  -0.36407785
  8.26000000  -0.36319630  -0.36319630  -0.36319630  -0.36319630
  8.28000000  -0.36231901  -0.36231901  -0.36231901  -0.36231901
  8.30000000  -0.36144594  -0.36144594  -0.36144594  -0.36144594
  8.32000000  -0.36057708  -0.36057708  -0.36057708  -0.36057708
  8.34000000  -0.35971238  -0.35971238  -0.35971238  -0.35971238
  8.36000000  -0.35885182  -0.35885182  -0.35885182  -0.35885182
  8.38000000  -0.35799537  -0.35799537  -0.35799537  -0.35799537
  8.40000000  -0.35714299  -0.35714299  -0.35714299  -0.35714299
  8.42000000  -0.35629467  -0.35629467  -0.35629467  -0.35629467
  8.44000000  -0.35545036  -0.35545036  -0.35545036  -0.35545036
  8.46000000  -0.35461005  -0.35461005  -0.35461005  -0.35461005
  8.48000000  -0.35377370  -0.35377370  -0.35377370  -0.35377370
  8.50000000  -0.35294129  -0.35294129  -0.35294129  -0.35294129
  8.52000000  -0.35211278  -0.35211278  -0.35211278  -0.35211278
  8.54000000  -0.35128816  -0.35128816  -0.35128816  -0.35128816
  8.56000000  -0.35046739  -0.35046739  -0.35046739  -0.35046739
  8.58000000  -0.34965044  -0.34965044  -0.34965044  -0.34965044
  8.60000000  -0.34883730  -0.34883730  -0.34883730  -0.34883730
  8.62000000  -0.34802793  -0.34802793  -0.34802793  -0.34802793
  8.64000000  -0.34722231  -0.34722231  -0.34722231  -0.34722231
  8.66000000  -0.34642040  -0.34642040  -0.34642040  -0.34642040
  8.68000000  -0.34562220  -0.34562220  -0.34562220  -0.34562220
  8.70000000  -0.34482766  -0.34482766  -0.34482766  -0.34482766
  8.72000000  -0.34403677  -0.34403677  -0.34403677  -0.34403677
  8.74000000  -0.34324950  -0.34324950  -0.34324950  -0.34324950
  8.76000000  -0.34246582  -0.34246582  -0.34246582  -0.34246582
  8.78000000  -0.34168571  -0.34168571  -0.34168571  -0.34168571
  8.80000000  -0.34090915  -0.34090915  -0.34090915  -0.34090915
  8.82000000  -0.34013611  -0.34013611  -0.34013611  -0.34013611
  8.84000000  -0.33936657  -0.33936657  -0.33936657  -0.33936657
  8.86000000  -0.33860051  -0.33860051  -0.33860051  -0.33860051
  8.88000000  -0.33783789  -0.33783789  -0.33783789  -0.33783789
  8.90000000  -0.33707870  -0.33707870  -0.33707870  -0.33707870
  8.92000000  -0.33632292  -0.33632292  -0.33632292  -0.33632292
  8.94000000  -0.33557052  -0.33557052  -0.33557052  -0.33557052
  8.96000000  -0.33482147  -0.33482147  -0.33482147  -0.33482147
  8.98000000  -0.33407574  -0.33407574  -0.33407574  -0.33407574
  9.00000000  -0.33333333  -0.33333333  -0.33333333  -0.33333333
  9.02000000  -0.33259423  -0.33259423  -0.33259423  -0.33259423
  9.04000000  -0.33185840  -0.33185840  -0.33185840  -0.33185840
  9.06000000  -0.33112583  -0.33112583  -0.33112583  -0.33112583
  9.08000000  -0.33039647  -0.33039647  -0.33039647  -0.33039647
  9.10000000  -0.32967033  -0.32967033  -0.32967033  -0.32967033
  9.12000000  -0.32894737  -0.32894737  -0.32894737  -0.32894737
  9.14000000  -0.32822757  -0.32822757  -0.32822757  -0.32822757
  9.16000000  -0.32751092  -0.32751092  -0.32751092  -0.32751092
  9.18000000  -0.32679738  -0.32679738  -0.32679738  -0.32679738
  9.20000000  -0.32608695  -0.32608695  -0.32608695  -0.32608695
  9.22000000  -0.32537961  -0.32537961  -0.32537961  -0.32537961
  9.24000000  -0.32467532  -0.32467532  -0.32467532  -0.32467532
  9.26000000  -0.32397408  -0.32397408  -0.32397408  -0.32397408
  9.28000000  -0.32327586  -0.32327586  -0.32327586  -0.32327586
  9.30000000  -0.32258064  -0.32258064  -0.32258064  -0.32258064
  9.32000000  -0.32188841  -0.32188841  -0.32188841  -0.32188841
  9.34000000  -0.32119914  -0.32119914  -0.32119914  -0.32119914
  9.36000000  -0.32051282  -0.32051282  -0.32051282  -0.32051282
  9.38000000  -0.31982942  -0.31982942  -0.31982942  -0.31982942
  9.40000000  -0.31914894  -0.31914894  -0.31914894  -0.31914894
  9.42000000  -0.31847134  -0.31847134  -0.31847134  -0.31847134
  9.44000000  -0.31779661  -0.31779661  -0.31779661  -0.31779661
  9.46000000  -0.31712473  -0.31712473  -0.31712473  -0.31712473
  9.48000000  -0.31645570  -0.31645570  -0.31645570  -0.31645570
  9.50000000  -0.31578947  -0.31578947  -0.31578947  -0.31578947
  9.52000000  -0.31512605  -0.31512605  -0.31512605  -0.31512605
  9.54000000  -0.31446541  -0.31446541  -0.31446541  -0.31446541
  9.56000000  -0.31380753  -0.31380753  -0.31380753  -0.31380753
  9.58000000  -0.31315240  -0.31315240  -0.31315240  -0.31315240
  9.60000000  -0.31250000  -0.31250000  -0.31250000  -0.31250000
  9.62000000  -0.31185031  -0.31185031  -0.31185031  -0.31185031
  9.64000000  -0.31120332  -0.31120332  -0.31120332  -0.31120332
  9.66000000  -0.31055901  -0.31055901  -0.31055901  -0.31055901
  9.68000000  -0.30991736  -0.30991736  -0.30991736  -0.30991736
  9.70000000  -0.30927835  -0.30927835  -0.30927835  -0.30927835
  9.72000000  -0.30864198  -0.30864198  -0.30864198  -0.30864198
  9.74000000  -0.30800821  -0.30800821  -0.30800821  -0.30800821
  9.76000000  -0.30737705  -0.30737705  -0.30737705  -0.30737705
  9.78000000  -0.30674847  -0.30674847  -0.30674847  -0.30674847
  9.80000000  -0.30612245  -0.30612245  -0.30612245  -0.30612245
  9.82000000  -0.30549898  -0.30549898  -0.30549898  -0.30549898
  9.84000000  -0.30487805  -0.30487805  -0.30487805  -0.30487805
  9.86000000  -0.30425964  -0.30425964  -0.30425964  -0.30425964
  9.88000000  -0.30364373  -0.30364373  -0.30364373  -0.30364373
  9.90000000  -0.30303030  -0.30303030  -0.30303030  -0.30303030
  9.92000000  -0.30241936  -0.30241936  -0.30241936  -0.30241936
  9.94000000  -0.30181087  -0.30181087  -0.30181087  -0.30181087
  9.96000000  -0.30120482  -0.30120482  -0.30120482  -0.30120482
  9.98000000  -0.30060120  -0.30060120  -0.30060120  -0.30060120
 10.00000000  -0.30000000  -0.30000000  -0.30000000  -0.30000000
  0.00000806   0.00000119   0.00000000   0.00000000   0.00000000
  0.02000000   0.00294360   0.00008999   0.00000002   0.00000000
  0.04000000   0.00589821   0.00035995   0.00000012   0.00000000
  0.06000000   0.00887489   0.00080986   0.00000042   0.00000000
  0.08000000   0.01188479   0.00143971   0.00000098   0.00000001
  0.10000000   0.01493909   0.00224945   0.00000192   0.00000003
  0.12000000   0.01804905   0.00323901   0.00000332   0.00000006
  0.14000000   0.02122599   0.00440833   0.00000527   0.00000010
  0.16000000   0.02448124   0.00575728   0.00000787   0.00000018
  0.18000000   0.02782620   0.00728572   0.00001120   0.00000028
  0.20000000   0.03127227   0.00899345   0.00001536   0.00000043
  0.22000000   0.03483089   0.01088023   0.00002044   0.00000062
  0.24000000   0.03851346   0.01294574   0.00002654   0.00000088
  0.26000000   0.04233140   0.01518960   0.00003373   0.00000121
  0.28000000   0.04629609   0.01761134   0.00004212   0.00000163
  0.30000000   0.05041886   0.02021041   0.00005179   0.00000215
  0.32000000   0.05471099   0.02298613   0.00006284   0.00000277
  0.34000000   0.05918367   0.02593775   0.00007535   0.00000353
  0.36000000   0.06384797   0.02906437   0.00008941   0.00000443
  0.38000000   0.06871482   0.03236496   0.00010511   0.00000549
  0.40000000   0.07379500   0.03583839   0.00012254   0.00000672
  0.42000000   0.07909907   0.03948336   0.00014180   0.00000815
  0.44000000   0.08463735   0.04329842   0.00016295   0.00000979
  0.46000000   0.09041992   0.04728200   0.00018610   0.00001167
  0.48000000   0.09645649   0.05143234   0.00021132   0.00001380
  0.50000000   0.10275644   0.05574756   0.00023870   0.00001620
  0.52000000   0.10932870   0.06022559   0.00026832   0.00001889
  0.54000000   0.11618170   0.06486421   0.00030027   0.00002190
  0.56000000   0.12332330   0.06966105   0.00033463   0.00002524
  0.58000000   0.13076072   0.07461356   0.00037147   0.00002894
  0.60000000   0.13850045   0.07971904   0.00041088   0.00003301
  0.62000000   0.14654812   0.08497460   0.00045293   0.00003749
  0.64000000   0.15490848   0.09037720   0.00049770   0.00004239
  0.66000000   0.16358524   0.09592363   0.00054526   0.00004774
  0.68000000   0.17258097   0.10161052   0.00059569   0.00005356
  0.70000000   0.18189704   0.10743431   0.00064906   0.00005986
  0.72000000   0.19153347   0.11339129   0.00070543   0.00006667
  0.74000000   0.20148886   0.11947759   0.00076488   0.00007402
  0.76000000   0.21176029   0.12568914   0.00082746   0.00008192
  0.78000000   0.22234322   0.13202173   0.00089325   0.00009040
  0.80000000   0.23323142   0.13847099   0.00096231   0.00009947
  0.82000000   0.24441689   0.14503237   0.00103468   0.00010916
  0.84000000   0.25588982   0.15170117   0.00111043   0.00011948
  0.86000000   0.26763853   0.15847253   0.00118962   0.00013046
  0.88000000   0.27964944   0.16534145   0.00127229   0.00014211
  0.90000000   0.29190706   0.17230274   0.00135850   0.00015445
  0.92000000   0.30439403   0.17935112   0.00144828   0.00016750
  0.94000000   0.31709109   0.18648114   0.00154169   0.00018128
  0.96000000   0.32997720   0.19368721   0.00163876   0.00019579
  0.98000000   0.34302955   0.20096363   0.00173953   0.00021106
  1.00000000   0.35622370   0.20830456   0.00184404   0.00022710
  1.02000000   0.36953369   0.21570407   0.00195232   0.00024391
  1.04000000   0.38293217   0.22315611   0.00206438   0.00026153
  1.06000000   0.39639055   0.23065452   0.00218027   0.00027995
  1.08000000   0.40987921   0.23819308   0.00230000   0.00029918
  1.10000000   0.42336769   0.24576547   0.00242359   0.00031925
  1.12000000   0.43682491   0.25336529   0.00255106   0.00034015
  1.14000000   0.45021936   0.26098610   0.00268240   0.00036189
  1.16000000   0.46351938   0.26862139   0.00281765   0.00038449
  1.18000000   0.47669339   0.27626462   0.00295679   0.00040795
  1.20000000   0.48971014   0.28390922   0.00309983   0.00043227
  1.22000000   0.50253895   0.29154859   0.00324676   0.00045747
  1.24000000   0.51514994   0.29917613   0.00339758   0.00048354
  1.26000000   0.52751429   0.30678523   0.00355229   0.00051050
  1.28000000   0.53960445   0.31436930   0.00371086   0.00053835
  1.30000000   0.55139432   0.32192178   0.00387328   0.00056710
  1.32000000   0.56285948   0.32943613   0.00403953   0.00059674
  1.34000000   0.57397731   0.33690588   0.00420959   0.00062729
  1.36000000   0.58472719   0.34432461   0.00438343   0.00065875
  1.38000000   0.59509053   0.35168596   0.00456102   0.00069112
  1.40000000   0.60505094   0.35898368   0.00474232   0.00072441
  1.42000000   0.61459425   0.36621159   0.00492730   0.00075863
  1.44000000   0.62370852   0.37336364   0.00511593   0.00079378
  1.46000000   0.63238408   0.38043389   0.00530815   0.00082986
  1.48000000   0.64061350   0.38741655   0.00550393   0.00086689
  1.50000000   0.64839152   0.39430597   0.00570321   0.00090488
  1.52000000   0.65571499   0.40109664   0.00590595   0.00094383
  1.54000000   0.66258276   0.40778327   0.00611209   0.00098374
  1.56000000   0.66899561   0.41436070   0.00632159   0.00102464
  1.58000000   0.67495606   0.42082402   0.00653437   0.00106653
  1.60000000   0.68046825   0.42716849   0.00675039   0.00110943
  1.62000000   0.68553785   0.43338960   0.00696959   0.00115335
  1.64000000   0.69017179   0.43948309   0.00719190   0.00119830
  1.66000000   0.69437820   0.44544493   0.00741726   0.00124429
  1.68000000   0.69816622   0.45127134   0.00764561   0.00129136
  1.70000000   0.70154581   0.45695880   0.00787689   0.00133950
  1.72000000   0.70452766   0.46250406   0.00811102   0.00138875
  1.74000000   0.70712301   0.46790416   0.00834795   0.00143912
  1.76000000   0.70934351   0.47315640   0.00858761   0.00149062
  1.78000000   0.71120114   0.47825839   0.00882993   0.00154330
  1.80000000   0.71270804   0.48320802   0.00907486   0.00159716
  1.82000000   0.71387645   0.48800349   0.00932232   0.00165223
  1.84000000   0.71471863   0.49264327   0.00957226   0.00170853
  1.86000000   0.71524675   0.49712614   0.00982461   0.00176610
  1.88000000   0.71547284   0.50145120   0.01007931   0.00182495
  1.90000000   0.71540874   0.50561780   0.01033632   0.00188512
  1.92000000   0.71506609   0.50962562   0.01059556   0.00194662
  1.94000000   0.71445622   0.51347459   0.01085698   0.00200949
  1.96000000   0.71359019   0.51716494   0.01112054   0.00207376
  1.98000000   0.71247877   0.52069716   0.01138618   0.00213946
  2.00000000   0.71113239   0.52407200   0.01165386   0.00220661
  2.02000000   0.70956116   0.52729047   0.01192353   0.00227524
  2.04000000   0.70777488   0.53035380   0.01219515   0.00234538
  2.06000000   0.70578302   0.53326346   0.01246869   0.00241706
  2.08000000   0.70359473   0.53602112   0.01274411   0.00249032
  2.10000000   0.70121885   0.53862867   0.01302137   0.00256517
  2.12000000   0.69866394   0.54108815   0.01330046   0.00264166
  2.14000000   0.69593825   0.54340179   0.01358135   0.00271980
  2.16000000   0.69304975   0.54557198   0.01386402   0.00279963
  2.18000000   0.69000615   0.54760121   0.01414845   0.00288117
  2.20000000   0.68681490   0.54949213   0.01443464   0.00296446
  2.22000000   0.68348318   0.55124747   0.01472257   0.00304952
  2.24000000   0.68001796   0.55287005   0.01501224   0.00313638
  2.26000000   0.67642595   0.55436276   0.01530366   0.00322508
  2.28000000   0.67271365   0.55572857   0.01559682   0.00331562
  2.30000000   0.66888734   0.55697047   0.01589173   0.00340806
  2.32000000   0.66495310   0.55809149   0.01618841   0.00350240
  2.34000000   0.66091680   0.55909467   0.01648687   0.00359868
  2.36000000   0.65678411   0.55998305   0.01678712   0.00369693
  2.38000000   0.65256053   0.56075968   0.01708920   0.00379717
  2.40000000   0.64825135   0.56142758   0.01739313   0.00389944
  2.42000000   0.64386171   0.56198976   0.01769894   0.00400374
  2.44000000   0.63939655   0.56244916   0.01800665   0.00411012
  2.46000000   0.63486068   0.56280873   0.01831631   0.00421860
  2.48000000   0.63025870   0.56307132   0.01862795   0.00432921
  2.50000000   0.62559509   0.56323975   0.01894162   0.00444197
  2.52000000   0.62087416   0.56331680   0.01925734   0.00455692
  2.54000000   0.61610007   0.56330515   0.01957518   0.00467407
  2.56000000   0.61127684   0.56320745   0.01989518   0.00479346
  2.58000000   0.60640835   0.56302627   0.02021738   0.00491511
  2.60000000   0.60149833   0.56276410   0.02054183   0.00503905
  2.62000000   0.59655040   0.56242338   0.02086859   0.00516531
  2.64000000   0.59156803   0.56200647   0.02119770   0.00529392
  2.66000000   0.58655456   0.56151567   0.02152923   0.00542491
  2.68000000   0.58151323   0.56095321   0.02186322   0.00555830
  2.70000000   0.57644715   0.56032125   0.02219972   0.00569413
  2.72000000   0.57135931   0.55962189   0.02253880   0.00583242
  2.74000000   0.56625259   0.55885717   0.02288050   0.00597321
  2.76000000   0.56112977   0.55802907   0.02322488   0.00611652
  2.78000000   0.55599352   0.55713949   0.02357199   0.00626239
  2.80000000   0.55084639   0.55619030   0.02392188   0.00641084
  2.82000000   0.54569086   0.55518331   0.02427461   0.00656191
  2.84000000   0.54052929   0.55412026   0.02463022   0.00671563
  2.86000000   0.53536396   0.55300286   0.02498878   0.00687204
  2.88000000   0.53019707   0.55183277   0.02535032   0.00703116
  2.90000000   0.52503069   0.55061159   0.02571489   0.00719302
  2.92000000   0.51986686   0.54934089   0.02608254   0.00735767
  2.94000000   0.51470749   0.54802219   0.02645332   0.00752513
  2.96000000   0.50955444   0.54665697   0.02682727   0.00769544
  2.98000000   0.50440948   0.54524669   0.02720443   0.00786864
  3.00000000   0.49927430   0.54379273   0.02758484   0.00804475
  3.02000000   0.49415054   0.54229648   0.02796855   0.00822381
  3.04000000   0.48903974   0.54075928   0.02835558   0.00840586
  3.06000000   0.48394339   0.53918242   0.02874599   0.00859094
  3.08000000   0.47886292   0.53756718   0.02913980   0.00877907
  3.10000000   0.47379967   0.53591481   0.02953704   0.00897030
  3.12000000   0.46875494   0.53422651   0.02993775   0.00916467
  3.14000000   0.46372996   0.53250347   0.03034196   0.00936220
  3.16000000   0.45872591   0.53074685   0.03074971   0.00956295
  3.18000000   0.45374392   0.52895778   0.03116101   0.00976694
  3.20000000   0.44878503   0.52713735   0.03157590   0.00997422
  3.22000000   0.44385028   0.52528665   0.03199440   0.01018481
  3.24000000   0.43894062   0.52340674   0.03241655   0.01039878
  3.26000000   0.43405696   0.52149864   0.03284236   0.01061614
  3.28000000   0.42920017   0.51956335   0.03327187   0.01083695
  3.30000000   0.42437107   0.51760187   0.03370508   0.01106124
  3.32000000   0.41957044   0.51561515   0.03414204   0.01128906
  3.34000000   0.41479900   0.51360412   0.03458277   0.01152044
  3.36000000   0.41005746   0.51156972   0.03502728   0.01175542
  3.38000000   0.40534646   0.50951284   0.03547560   0.01199406
  3.40000000   0.40066661   0.50743434   0.03592775   0.01223638
  3.42000000   0.39601849   0.50533510   0.03638376   0.01248244
  3.44000000   0.39140265   0.50321594   0.03684365   0.01273228
  3.46000000   0.38681958   0.50107768   0.03730745   0.01298593
  3.48000000   0.38226976   0.49892113   0.03777517   0.01324345
  3.50000000   0.37775362   0.49674706   0.03824685   0.01350489
  3.52000000   0.37327159   0.49455624   0.03872251   0.01377027
  3.54000000   0.36882402   0.49234941   0.03920217   0.01403966
  3.56000000   0.36441129   0.49012729   0.03968587   0.01431309
  3.58000000   0.36003369   0.48789061   0.04017362   0.01459061
  3.60000000   0.35569154   0.48564005   0.04066546   0.01487227
  3.62000000   0.35138510   0.48337630   0.04116141   0.01515812
  3.64000000   0.34711461   0.48110001   0.04166150   0.01544820
  3.66000000   0.34288029   0.47881184   0.04216578   0.01574256
  3.68000000   0.33868234   0.47651242   0.04267425   0.01604126
  3.70000000   0.33452094   0.47420235   0.04318697   0.01634433
  3.72000000   0.33039623   0.47188226   0.04370395   0.01665184
  3.74000000   0.32630835   0.46955272   0.04422524   0.01696382
  3.76000000   0.32225741   0.46721430   0.04475087   0.01728034
  3.78000000   0.31824351   0.46486758   0.04528087   0.01760144
  3.80000000   0.31426672   0.46251310   0.04581529   0.01792717
  3.82000000   0.31032709   0.46015138   0.04635415   0.01825759
  3.84000000   0.30642467   0.45778297   0.04689751   0.01859274
  3.86000000   0.30255948   0.45540835   0.04744539   0.01893269
  3.88000000   0.29873154   0.45302803   0.04799783   0.01927748
  3.90000000   0.29494082   0.45064250   0.04855489   0.01962718
  3.92000000   0.29118732   0.44825222   0.04911660   0.01998182
  3.94000000   0.28747100   0.44585767   0.04968300   0.02034148
  3.96000000   0.28379182   0.44345928   0.05025414   0.02070621
  3.98000000   0.28014970   0.44105750   0.05083007   0.02107606
  4.00000000   0.27654459   0.43865275   0.05141082   0.02145109
  4.02000000   0.27297639   0.43624546   0.05199644   0.02183136
  4.04000000   0.26944501   0.43383603   0.05258699   0.02221692
  4.06000000   0.26595035   0.43142486   0.05318251   0.02260784
  4.08000000   0.26249229   0.42901233   0.05378304   0.02300418
  4.10000000   0.25907070   0.42659883   0.05438864   0.02340599
  4.12000000   0.25568545   0.42418471   0.05499935   0.02381334
  4.14000000   0.25233641   0.42177034   0.05561523   0.02422628
  4.16000000   0.24902341   0.41935607   0.05623633   0.02464489
  4.18000000   0.24574630   0.41694224   0.05686270   0.02506922
  4.20000000   0.24250490   0.41452917   0.05749439   0.02549933
  4.22000000   0.23929906   0.41211720   0.05813146   0.02593529
  4.24000000   0.23612858   0.40970664   0.05877396   0.02637717
  4.26000000   0.23299328   0.40729779   0.05942194   0.02682502
  4.28000000   0.22989296   0.40489095   0.06007545   0.02727892
  4.30000000   0.22682743   0.40248641   0.06073457   0.02773893
  4.32000000   0.22379647   0.40008446   0.06139933   0.02820513
  4.34000000   0.22079989   0.39768536   0.06206980   0.02867756
  4.36000000   0.21783746   0.39528940   0.06274603   0.02915632
  4.38000000   0.21490897   0.39289682   0.06342808   0.02964146
  4.40000000   0.21201419   0.39050788   0.06411601   0.03013305
  4.42000000   0.20915289   0.38812283   0.06480989   0.03063117
  4.44000000   0.20632485   0.38574190   0.06550976   0.03113589
  4.46000000   0.20352982   0.38336534   0.06621569   0.03164728
  4.48000000   0.20076756   0.38099336   0.06692774   0.03216541
  4.50000000   0.19803784   0.37862618   0.06764597   0.03269035
  4.52000000   0.19534041   0.37626403   0.06837044   0.03322219
  4.54000000   0.19267503   0.37390710   0.06910122   0.03376099
  4.56000000   0.19004143   0.37155560   0.06983836   0.03430684
  4.58000000   0.18743938   0.36920973   0.07058194   0.03485980
  4.60000000   0.18486861   0.36686967   0.07133201   0.03541996
  4.62000000   0.18232887   0.36453561   0.07208865   0.03598740
  4.64000000   0.17981990   0.36220773   0.07285191   0.03656219
  4.66000000   0.17734144   0.35988620   0.07362186   0.03714441
  4.68000000   0.17489323   0.35757119   0.07439857   0.03773415
  4.70000000   0.17247501   0.35526287   0.07518211   0.03833149
  4.72000000   0.17008651   0.35296138   0.07597254   0.03893650
  4.74000000   0.16772747   0.35066689   0.07676993   0.03954928
  4.76000000   0.16539763   0.34837954   0.07757435   0.04016990
  4.78000000   0.16309671   0.34609948   0.07838588   0.04079846
  4.80000000   0.16082446   0.34382684   0.07920457   0.04143503
  4.82000000   0.15858061   0.34156177   0.08003051   0.04207971
  4.84000000   0.15636488   0.33930438   0.08086376   0.04273258
  4.86000000   0.15417701   0.33705481   0.08170439   0.04339374
  4.88000000   0.15201674   0.33481318   0.08255249   0.04406326
  4.90000000   0.14988380   0.33257960   0.08340812   0.04474124
  4.92000000   0.14777791   0.33035419   0.08427135   0.04542778
  4.94000000   0.14569882   0.32813706   0.08514227   0.04612296
  4.96000000   0.14364626   0.32592831   0.08602094   0.04682688
  4.98000000   0.14161995   0.32372804   0.08690745   0.04753964
  5.00000000   0.13961964   0.32153636   0.08780187   0.04826132
  5.02000000   0.13764506   0.31935335   0.08870428   0.04899203
  5.04000000   0.13569594   0.31717911   0.08961475   0.04973185
  5.06000000   0.13377203   0.31501373   0.09053337   0.05048090
  5.08000000   0.13187305   0.31285728   0.09146022   0.05123927
  5.10000000   0.12999876   0.31070985   0.09239538   0.05200705
  5.12000000   0.12814887   0.30857152   0.09333892   0.05278436
  5.14000000   0.12632315   0.30644236   0.09429093   0.05357129
  5.16000000   0.12452132   0.30432244   0.09525150   0.05436794
  5.18000000   0.12274313   0.30221184   0.09622071   0.05517443
  5.20000000   0.12098833   0.30011060   0.09719864   0.05599086
  5.22000000   0.11925665   0.29801880   0.09818538   0.05681732
  5.24000000   0.11754784   0.29593650   0.09918101   0.05765394
  5.26000000   0.11586166   0.29386375   0.10018562   0.05850082
  5.28000000   0.11419785   0.29180061   0.10119931   0.05935807
  5.30000000   0.11255615   0.28974713   0.10222214   0.06022580
  5.32000000   0.11093633   0.28770335   0.10325423   0.06110412
  5.34000000   0.10933813   0.28566932   0.10429565   0.06199315
  5.36000000   0.10776132   0.28364509   0.10534650   0.06289301
  5.38000000   0.10620563   0.28163069   0.10640688   0.06380380
  5.40000000   0.10467085   0.27962617   0.10747686   0.06472564
  5.42000000   0.10315671   0.27763156   0.10855655   0.06565866
  5.44000000   0.10166299   0.27564689   0.10964605   0.06660297
  5.46000000   0.10018944   0.27367221   0.11074544   0.06755870
  5.48000000   0.09873583   0.27170753   0.11185482   0.06852595
  5.50000000   0.09730193   0.26975288   0.11297430   0.06950487
  5.52000000   0.09588751   0.26780830   0.11410396   0.07049557
  5.54000000   0.09449233   0.26587380   0.11524391   0.07149818
  5.56000000   0.09311617   0.26394940   0.11639425   0.07251283
  5.58000000   0.09175879   0.26203514   0.11755508   0.07353964
  5.60000000   0.09041998   0.26013101   0.11872650   0.07457875
  5.62000000   0.08909951   0.25823704   0.11990862   0.07563028
  5.64000000   0.08779716   0.25635325   0.12110153   0.07669436
  5.66000000   0.08651271   0.25447964   0.12230535   0.07777114
  5.68000000   0.08524595   0.25261623   0.12352018   0.07886075
  5.70000000   0.08399665   0.25076303   0.12474612   0.07996332
  5.72000000   0.08276460   0.24892004   0.12598328   0.08107899
  5.74000000   0.08154960   0.24708727   0.12723178   0.08220791
  5.76000000   0.08035143   0.24526472   0.12849173   0.08335020
  5.78000000   0.07916988   0.24345240   0.12976323   0.08450602
  5.80000000   0.07800474   0.24165030   0.13104639   0.08567551
  5.82000000   0.07685582   0.23985844   0.13234133   0.08685881
  5.84000000   0.07572292   0.23807680   0.13364817   0.08805607
  5.86000000   0.07460582   0.23630538   0.13496702   0.08926744
  5.88000000   0.07350433   0.23454419   0.13629799   0.09049307
  5.90000000   0.07241826   0.23279320   0.13764120   0.09173311
  5.92000000   0.07134740   0.23105243   0.13899678   0.09298772
  5.94000000   0.07029158   0.22932185   0.14036484   0.09425704
  5.96000000   0.06925059   0.22760147   0.14174550   0.09554124
  5.98000000   0.06822424   0.22589126   0.14313889   0.09684047
  6.00000000   0.06721236   0.22419123   0.14454512   0.09815489
  6.02000000   0.06621475   0.22250135   0.14596433   0.09948466
  6.04000000   0.06523123   0.22082161   0.14739663   0.10082995
  6.06000000   0.06426162   0.21915200   0.14884216   0.10219092
  6.08000000   0.06330574   0.21749250   0.15030105   0.10356773
  6.10000000   0.06236342   0.21584310   0.15177341   0.10496056
  6.12000000   0.06143447   0.21420377   0.15325939   0.10636957
  6.14000000   0.06051872   0.21257451   0.15475911   0.10779494
  6.16000000   0.05961600   0.21095528   0.15627271   0.10923684
  6.18000000   0.05872615   0.20934608   0.15780032   0.11069544
  6.20000000   0.05784898   0.20774687   0.15934208   0.11217092
  6.22000000   0.05698434   0.20615764   0.16089813   0.11366346
  6.24000000   0.05613206   0.20457836   0.16246859   0.11517324
  6.26000000   0.05529197   0.20300901   0.16405362   0.11670044
  6.28000000   0.05446393   0.20144957   0.16565335   0.11824525
  6.30000000   0.05364775   0.19990001   0.16726792   0.11980785
  6.32000000   0.05284330   0.19836029   0.16889748   0.12138843
  6.34000000   0.05205041   0.19683041   0.17054218   0.12298718
  6.36000000   0.05126893   0.19531033   0.17220215   0.12460429
  6.38000000   0.05049870   0.19380001   0.17387756   0.12623996
  6.40000000   0.04973958   0.19229944   0.17556853   0.12789438
  6.42000000   0.04899142   0.19080859   0.17727524   0.12956775
  6.44000000   0.04825406   0.18932741   0.17899782   0.13126027
  6.46000000   0.04752737   0.18785589   0.18073644   0.13297215
  6.48000000   0.04681120   0.18639400   0.18249124   0.13470358
  6.50000000   0.04610541   0.18494169   0.18426239   0.13645477
  6.52000000   0.04540986   0.18349894   0.18605003   0.13822593
  6.54000000   0.04472440   0.18206571   0.18785434   0.14001728
  6.56000000   0.04404891   0.18064198   0.18967547   0.14182902
  6.58000000   0.04338324   0.17922771   0.19151358   0.14366137
  6.60000000   0.04272727   0.17782286   0.19336884   0.14551454
  6.62000000   0.04208085   0.17642740   0.19524141   0.14738876
  6.64000000   0.04144386   0.17504129   0.19713147   0.14928425
  6.66000000   0.04081618   0.17366450   0.19903917   0.15120123
  6.68000000   0.04019766   0.17229700   0.20096469   0.15313993
  6.70000000   0.03958819   0.17093874   0.20290821   0.15510058
  6.72000000   0.03898764   0.16958970   0.20486988   0.15708340
  6.74000000   0.03839590   0.16824982   0.20684990   0.15908864
  6.76000000   0.03781282   0.16691909   0.20884844   0.16111652
  6.78000000   0.03723831   0.16559745   0.21086567   0.16316728
  6.80000000   0.03667223   0.16428487   0.21290178   0.16524117
  6.82000000   0.03611448   0.16298131   0.21495695   0.16733843
  6.84000000   0.03556493   0.16168673   0.21703136   0.16945931
  6.86000000   0.03502347   0.16040110   0.21912519   0.17160404
  6.88000000   0.03448999   0.15912438   0.22123865   0.17377289
  6.90000000   0.03396438   0.15785652   0.22337190   0.17596611
  6.92000000   0.03344653   0.15659748   0.22552515   0.17818395
  6.94000000   0.03293633   0.15534723   0.22769859   0.18042667
  6.96000000   0.03243366   0.15410573   0.22989242   0.18269453
  6.98000000   0.03193844   0.15287293   0.23210682   0.18498779
  7.00000000   0.03145054   0.15164879   0.23434200   0.18730673
  7.02000000   0.03096988   0.15043328   0.23659816   0.18965161
  7.04000000   0.03049634   0.14922635   0.23887549   0.19202271
  7.06000000   0.03002983   0.14802796   0.24117422   0.19442029
  7.08000000   0.02957024   0.14683807   0.24349453   0.19684464
  7.10000000   0.02911748   0.14565664   0.24583664   0.19929604
  7.12000000   0.02867146   0.14448363   0.24820076   0.20177476
  7.14000000   0.02823207   0.14331899   0.25058710   0.20428111
  7.16000000   0.02779923   0.14216269   0.25299588   0.20681536
  7.18000000   0.02737284   0.14101467   0.25542730   0.20937781
  7.20000000   0.02695280   0.13987491   0.25788160   0.21196875
  7.22000000   0.02653903   0.13874335   0.26035898   0.21458849
  7.24000000   0.02613144   0.13761995   0.26285968   0.21723731
  7.26000000   0.02572994   0.13650468   0.26538391   0.21991554
  7.28000000   0.02533444   0.13539749   0.26793191   0.22262347
  7.30000000   0.02494486   0.13429833   0.27050390   0.22536142
  7.32000000   0.02456111   0.13320716   0.27310011   0.22812970
  7.34000000   0.02418312   0.13212395   0.27572077   0.23092862
  7.36000000   0.02381078   0.13104865   0.27836613   0.23375852
  7.38000000   0.02344403   0.12998121   0.28103642   0.23661970
  7.40000000   0.02308279   0.12892159   0.28373188   0.23951251
  7.42000000   0.02272697   0.12786975   0.28645275   0.24243726
  7.44000000   0.02237650   0.12682565   0.28919927   0.24539429
  7.46000000   0.02203130   0.12578924   0.29197170   0.24838395
  7.48000000   0.02169129   0.12476049   0.29477029   0.25140656
  7.50000000   0.02135640   0.12373934   0.29759527   0.25446248
  7.52000000   0.02102656   0.12272576   0.30044692   0.25755205
  7.54000000   0.02070169   0.12171969   0.30332548   0.26067562
  7.56000000   0.02038172   0.12072111   0.30623121   0.26383355
  7.58000000   0.02006657   0.11972996   0.30916438   0.26702620
  7.60000000   0.01975619   0.11874621   0.31212525   0.27025393
  7.62000000   0.01945049   0.11776980   0.31511408   0.27351709
  7.64000000   0.01914941   0.11680071   0.31813115   0.27681608
  7.66000000   0.01885289   0.11583887   0.32117673   0.28015125
  7.68000000   0.01856085   0.11488426   0.32425108   0.28352298
  7.70000000   0.01827324   0.11393683   0.32735450   0.28693165
  7.72000000   0.01798998   0.11299653   0.33048725   0.29037766
  7.74000000   0.01771102   0.11206333   0.33364962   0.29386138
  7.76000000   0.01743629   0.11113718   0.33684189   0.29738322
  7.78000000   0.01716572   0.11021803   0.34006436   0.30094356
  7.80000000   0.01689927   0.10930586   0.34331731   0.30454281
  7.82000000   0.01663686   0.10840060   0.34660103   0.30818137
  7.84000000   0.01637843   0.10750223   0.34991582   0.31185966
  7.86000000   0.01612394   0.10661069   0.35326199   0.31557808
  7.88000000   0.01587332   0.10572596   0.35663982   0.31933705
  7.90000000   0.01562652   0.10484797   0.36004963   0.32313699
  7.92000000   0.01538347   0.10397670   0.36349172   0.32697834
  7.94000000   0.01514412   0.10311210   0.36696641   0.33086151
  7.96000000   0.01490842   0.10225413   0.37047400   0.33478695
  7.98000000   0.01467632   0.10140275   0.37401481   0.33875509
  8.00000000   0.01444776   0.10055791   0.37758916   0.34276638
  8.02000000   0.01422269   0.09971958   0.38119738   0.34682126
  8.04000000   0.01400105   0.09888771   0.38483979   0.35092019
  8.06000000   0.01378280   0.09806227   0.38851672   0.35506363
  8.08000000   0.01356789   0.09724320   0.39222849   0.35925203
  8.10000000   0.01335627   0.09643047   0.39597545   0.36348586
  8.12000000   0.01314788   0.09562404   0.39975793   0.36776560
  8.14000000   0.01294268   0.09482387   0.40357627   0.37209171
  8.16000000   0.01274062   0.09402992   0.40743082   0.37646469
  8.18000000   0.01254166   0.09324215   0.41132192   0.38088501
  8.20000000   0.01234575   0.09246051   0.41524993   0.38535317
  8.22000000   0.01215285   0.09168496   0.41921520   0.38986966
  8.24000000   0.01196290   0.09091548   0.42321809   0.39443498
  8.26000000   0.01177587   0.09015201   0.42725896   0.39904964
  8.28000000   0.01159171   0.08939451   0.43133817   0.40371415
  8.30000000   0.01141038   0.08864295   0.43545609   0.40842903
  8.32000000   0.01123183   0.08789729   0.43961309   0.41319479
  8.34000000   0.01105603   0.08715749   0.44380956   0.41801196
  8.36000000   0.01088294   0.08642351   0.44804586   0.42288108
  8.38000000   0.01071251   0.08569530   0.45232238   0.42780268
  8.40000000   0.01054470   0.08497283   0.45663950   0.43277731
  8.42000000   0.01037947   0.08425607   0.46099762   0.43780551
  8.44000000   0.01021679   0.08354497   0.46539712   0.44288783
  8.46000000   0.01005662   0.08283949   0.46983841   0.44802484
  8.48000000   0.00989892   0.08213960   0.47432189   0.45321711
  8.50000000   0.00974365   0.08144526   0.47884795   0.45846519
  8.52000000   0.00959077   0.08075643   0.48341702   0.46376967
  8.54000000   0.00944026   0.08007307   0.48802949   0.46913113
  8.56000000   0.00929207   0.07939514   0.49268579   0.47455016
  8.58000000   0.00914617   0.07872261   0.49738634   0.48002734
  8.60000000   0.00900252   0.07805544   0.50213156   0.48556330
  8.62000000   0.00886109   0.07739359   0.50692188   0.49115862
  8.64000000   0.00872185   0.07673702   0.51175773   0.49681392
  8.66000000   0.00858477   0.07608571   0.51663955   0.50252982
  8.68000000   0.00844980   0.07543960   0.52156778   0.50830694
  8.70000000   0.00831693   0.07479867   0.52654286   0.51414592
  8.72000000   0.00818611   0.07416288   0.53156525   0.52004739
  8.74000000   0.00805732   0.07353219   0.53663539   0.52601199
  8.76000000   0.00793053   0.07290657   0.54175374   0.53204038
  8.78000000   0.00780570   0.07228598   0.54692077   0.53813321
  8.80000000   0.00768281   0.07167038   0.55213695   0.54429115
  8.82000000   0.00756182   0.07105974   0.55740273   0.55051487
  8.84000000   0.00744272   0.07045403   0.56271860   0.55680503
  8.86000000   0.00732546   0.06985320   0.56808504   0.56316234
  8.88000000   0.00721002   0.06925723   0.57350253   0.56958747
  8.90000000   0.00709638   0.06866607   0.57897156   0.57608113
  8.92000000   0.00698450   0.06807970   0.58449262   0.58264401
  8.94000000   0.00687436   0.06749808   0.59006622   0.58927684
  8.96000000   0.00676593   0.06692118   0.59569285   0.59598032
  8.98000000   0.00665919   0.06634895   0.60137302   0.60275519
  9.00000000   0.00655412   0.06578138   0.60710725   0.60960218
  9.02000000   0.00645067   0.06521841   0.61289605   0.61652203
  9.04000000   0.00634884   0.06466003   0.61873994   0.62351548
  9.06000000   0.00624860   0.06410620   0.62463946   0.63058330
  9.08000000   0.00614991   0.06355687   0.63059513   0.63772624
  9.10000000   0.00605277   0.06301203   0.63660750   0.64494509
  9.12000000   0.00595713   0.06247164   0.64267709   0.65224060
  9.14000000   0.00586299   0.06193566   0.64880447   0.65961358
  9.16000000   0.00577032   0.06140406   0.65499018   0.66706481
  9.18000000   0.00567910   0.06087681   0.66123479   0.67459511
  9.20000000   0.00558930   0.06035388   0.66753885   0.68220527
  9.22000000   0.00550090   0.05983524   0.67390293   0.68989612
  9.24000000   0.00541388   0.05932085   0.68032761   0.69766848
  9.26000000   0.00532822   0.05881068   0.68681347   0.70552319
  9.28000000   0.00524390   0.05830471   0.69336109   0.71346109
  9.30000000   0.00516090   0.05780289   0.69997106   0.72148304
  9.32000000   0.00507919   0.05730521   0.70664398   0.72958989
  9.34000000   0.00499877   0.05681162   0.71338045   0.73778251
  9.36000000   0.00491960   0.05632210   0.72018108   0.74606178
  9.38000000   0.00484167   0.05583661   0.72704648   0.75442859
  9.40000000   0.00476496   0.05535514   0.73397727   0.76288383
  9.42000000   0.00468945   0.05487764   0.74097408   0.77142840
  9.44000000   0.00461513   0.05440408   0.74803753   0.78006323
  9.46000000   0.00454197   0.05393444   0.75516826   0.78878923
  9.48000000   0.00446995   0.05346869   0.76236692   0.79760733
  9.50000000   0.00439907   0.05300680   0.76963415   0.80651847
  9.52000000   0.00432929   0.05254873   0.77697061   0.81552361
  9.54000000   0.00426061   0.05209446   0.78437695   0.82462370
  9.56000000   0.00419301   0.05164397   0.79185386   0.83381971
  9.58000000   0.00412647   0.05119721   0.79940200   0.84311263
  9.60000000   0.00406097   0.05075417   0.80702204   0.85250344
  9.62000000   0.00399650   0.05031481   0.81471469   0.86199314
  9.64000000   0.00393305   0.04987911   0.82248062   0.87158273
  9.66000000   0.00387059   0.04944704   0.83032055   0.88127325
  9.68000000   0.00380911   0.04901856   0.83823517   0.89106571
  9.70000000   0.00374860   0.04859366   0.84622520   0.90096115
  9.72000000   0.00368904   0.04817231   0.85429136   0.91096063
  9.74000000   0.00363041   0.04775447   0.86243438   0.92106520
  9.76000000   0.00357271   0.04734013   0.87065498   0.93127594
  9.78000000   0.00351591   0.04692924   0.87895392   0.94159393
  9.80000000   0.00346001   0.04652180   0.88733193   0.95202025
  9.82000000   0.00340499   0.04611776   0.89578976   0.96255602
  9.84000000   0.00335084   0.04571711   0.90432820   0.97320234
  9.86000000   0.00329754   0.04531982   0.91294799   0.98396034
  9.88000000   0.00324507   0.04492586   0.92164992   0.99483115
  9.90000000   0.00319344   0.04453520   0.93043476   1.00581593
  9.92000000   0.00314261   0.04414783   0.93930332   1.01691583
  9.94000000   0.00309259   0.04376370   0.94825639   1.02813203
  9.96000000   0.00304336   0.04338281   0.95729477   1.03946569
  9.98000000   0.00299490   0.04300512   0.96641928   1.05091803
 10.00000000   0.00294721   0.04263061   0.97563073   1.06249024
