Ga
3.000000 70.000000 3
1.300000 1.600000 1.600000 1.506129 
501 0.020000
  0.00000806   0.48230932  -1.47227919   0.10814083  -2.29338086
  0.02000000   0.48548215  -1.48766635  -0.72971596  -2.22814168
  0.04000000   0.48885871  -1.48816921  -0.73922066  -2.23088330
  0.06000000   0.49049739  -1.48964919  -0.75174906  -2.23533627
  0.08000000   0.48974185  -1.49221051  -0.76679984  -2.24148737
  0.10000000   0.48632202  -1.49586884  -0.78406707  -2.24927816
  0.12000000   0.48016730  -1.50059066  -0.80332834  -2.25861897
  0.14000000   0.47130701  -1.50631866  -0.82440836  -2.26940631
  0.16000000   0.45981264  -1.51298759  -0.84716345  -2.28153524
  0.18000000   0.44578299  -1.52052718  -0.87147105  -2.29489995
  0.20000000   0.42934635  -1.52885988  -0.89722216  -2.30938983
  0.22000000   0.41066104  -1.53789977  -0.92431649  -2.32488718
  0.24000000   0.38990707  -1.54755471  -0.95266023  -2.34126900
  0.26000000   0.36727041  -1.55773139  -0.98216573  -2.35841197
  0.28000000   0.34292694  -1.56834061  -1.01275172  -2.37619785
  0.30000000   0.31703473  -1.57929971  -1.04434308  -2.39451594
  0.32000000   0.28973851  -1.59053091  -1.07686920  -2.41326096
  0.34000000   0.26118154  -1.60195688  -1.11026173  -2.43232819
  0.36000000   0.23151406  -1.61349757  -1.14445275  -2.45160981
  0.38000000   0.20089191  -1.62507054  -1.17937437  -2.47099517
  0.40000000   0.16946692  -1.63659424  -1.21495942  -2.49037435
  0.42000000   0.13737519  -1.64799224  -1.25114258  -2.50964259
  0.44000000   0.10472798  -1.65919653  -1.28786126  -2.52870393
  0.46000000   0.07160693  -1.67014949  -1.32505602  -2.54747323
  0.48000000   0.03806307  -1.68080451  -1.36267055  -2.56587679
  0.50000000   0.00411869  -1.69112558  -1.40065140  -2.58385193
  0.52000000  -0.03022911  -1.70108641  -1.43894744  -2.60134593
  0.54000000  -0.06500398  -1.71066915  -1.47750927  -2.61831461
  0.56000000  -0.10024562  -1.71986304  -1.51628866  -2.63472089
  0.58000000  -0.13600504  -1.72866302  -1.55523789  -2.65053322
  0.60000000  -0.17234016  -1.73706846  -1.59430922  -2.66572424
  0.62000000  -0.20931181  -1.74508202  -1.63345439  -2.68026948
  0.64000000  -0.24698023  -1.75270862  -1.67262419  -2.69414630
  0.66000000  -0.28540199  -1.75995458  -1.71176805  -2.70733301
  0.68000000  -0.32462749  -1.76682695  -1.75083377  -2.71980807
  0.70000000  -0.36469891  -1.77333291  -1.78976723  -2.73154962
  0.72000000  -0.40564860  -1.77947937  -1.82851221  -2.74253498
  0.74000000  -0.44749781  -1.78527268  -1.86701027  -2.75274042
  0.76000000  -0.49025589  -1.79071834  -1.90520059  -2.76214104
  0.78000000  -0.53391967  -1.79582099  -1.94301998  -2.77071063
  0.80000000  -0.57847324  -1.80058427  -1.98040281  -2.77842182
  0.82000000  -0.62388785  -1.80501089  -2.01728106  -2.78524612
  0.84000000  -0.67012208  -1.80910266  -2.05358435  -2.79115412
  0.86000000  -0.71712216  -1.81286057  -2.08924003  -2.79611574
  0.88000000  -0.76482239  -1.81628496  -2.12417324  -2.80010046
  0.90000000  -0.81314576  -1.81937560  -2.15830712  -2.80307766
  0.92000000  -0.86200457  -1.82213188  -2.19156285  -2.80501687
  0.94000000  -0.91130119  -1.82455293  -2.22385993  -2.80588816
  0.96000000  -0.96092885  -1.82663778  -2.25511629  -2.80566248
  0.98000000  -1.01077248  -1.82838549  -2.28524855  -2.80431192
  1.00000000  -1.06070964  -1.82979532  -2.31417224  -2.80181015
  1.02000000  -1.11061140  -1.83086677  -2.34180208  -2.79813268
  1.04000000  -1.16034330  -1.83159976  -2.36805225  -2.79325719
  1.06000000  -1.20976631  -1.83199465  -2.39283668  -2.78716386
  1.08000000  -1.25873782  -1.83205235  -2.41606942  -2.77983565
  1.10000000  -1.30711263  -1.83177433  -2.43766497  -2.77125856
  1.12000000  -1.35474393  -1.83116269  -2.45753868  -2.76142193
  1.14000000  -1.40148434  -1.83022013  -2.47560715  -2.75031861
  1.16000000  -1.44718689  -1.82894993  -2.49178869  -2.73794525
  1.18000000  -1.49170608  -1.82735600  -2.50600377  -2.72430246
  1.20000000  -1.53489884  -1.82544275  -2.51817555  -2.70939495
  1.22000000  -1.57662559  -1.82321509  -2.52823039  -2.69323175
  1.24000000  -1.61675123  -1.82067835  -2.53609841  -2.67582628
  1.26000000  -1.65514611  -1.81783824  -2.54171413  -2.65719646
  1.28000000  -1.69168707  -1.81470069  -2.54501701  -2.63736480
  1.30000000  -1.72625832  -1.81127189  -2.54595219  -2.61635843
  1.32000000  -1.75875243  -1.80755807  -2.54447109  -2.59420910
  1.34000000  -1.78907122  -1.80356554  -2.54053217  -2.57095321
  1.36000000  -1.81712656  -1.79930051  -2.53410157  -2.54663173
  1.38000000  -1.84284119  -1.79476908  -2.52515389  -2.52129014
  1.40000000  -1.86614949  -1.78997712  -2.51367290  -2.49497831
  1.42000000  -1.88699804  -1.78493023  -2.49965226  -2.46775035
  1.44000000  -1.90534628  -1.77963367  -2.48309621  -2.43966445
  1.46000000  -1.92116692  -1.77409232  -2.46402031  -2.41078264
  1.48000000  -1.93444633  -1.76831066  -2.44245202  -2.38117054
  1.50000000  -1.94518477  -1.76229268  -2.41843136  -2.35089705
  1.52000000  -1.95339655  -1.75604194  -2.39201140  -2.32003405
  1.54000000  -1.95910997  -1.74956150  -2.36325875  -2.28865598
  1.56000000  -1.96236720  -1.74285396  -2.33225391  -2.25683948
  1.58000000  -1.96322399  -1.73592149  -2.29909150  -2.22466293
  1.60000000  -1.96174921  -1.72876581  -2.26388041  -2.19220595
  1.62000000  -1.95802428  -1.72138826  -2.22674373  -2.15954895
  1.64000000  -1.95214243  -1.71378983  -2.18781860  -2.12677256
  1.66000000  -1.94420783  -1.70597123  -2.14725579  -2.09395715
  1.68000000  -1.93433460  -1.69793294  -2.10521919  -2.06118221
  1.70000000  -1.92264569  -1.68967529  -2.06188499  -2.02852583
  1.72000000  -1.90927162  -1.68119852  -2.01744075  -1.99606417
  1.74000000  -1.89434920  -1.67250286  -1.97208418  -1.96387085
  1.76000000  -1.87802010  -1.66358866  -1.92602176  -1.93201648
  1.78000000  -1.86042943  -1.65445639  -1.87946715  -1.90056815
  1.80000000  -1.84172424  -1.64510682  -1.83263934  -1.86958893
  1.82000000  -1.82205203  -1.63554104  -1.78576074  -1.83913746
  1.84000000  -1.80155930  -1.62576059  -1.73905501  -1.80926759
  1.86000000  -1.78039010  -1.61576752  -1.69274481  -1.78002799
  1.88000000  -1.75868466  -1.60556448  -1.64704950  -1.75146195
  1.90000000  -1.73657816  -1.59515478  -1.60218268  -1.72360712
  1.92000000  -1.71419947  -1.58454249  -1.55834988  -1.69649539
  1.94000000  -1.69167021  -1.57373247  -1.51574612  -1.67015280
  1.96000000  -1.66910377  -1.56273042  -1.47455371  -1.64459956
  1.98000000  -1.64660464  -1.55154293  -1.43494010  -1.61985007
  2.00000000  -1.62426777  -1.54017753  -1.39705593  -1.59591310
  2.02000000  -1.60217822  -1.52864265  -1.36103332  -1.57279194
  2.04000000  -1.58041090  -1.51694768  -1.32698448  -1.55048466
  2.06000000  -1.55903052  -1.50510292  -1.29500051  -1.52898443
  2.08000000  -1.53809167  -1.49311960  -1.26515067  -1.50827985
  2.10000000  -1.51763910  -1.48100977  -1.23748189  -1.48835536
  2.12000000  -1.49770807  -1.46878636  -1.21201872  -1.46919165
  2.14000000  -1.47832489  -1.45646299  -1.18876359  -1.45076611
  2.16000000  -1.45950751  -1.44405401  -1.16769749  -1.43305328
  2.18000000  -1.44126623  -1.43157434  -1.14878090  -1.41602537
  2.20000000  -1.42360442  -1.41903941  -1.13195510  -1.39965266
  2.22000000  -1.40651934  -1.40646502  -1.11714374  -1.38390403
  2.24000000  -1.39000292  -1.39386729  -1.10425461  -1.36874738
  2.26000000  -1.37404264  -1.38126248  -1.09318167  -1.35415005
  2.28000000  -1.35862223  -1.36866689  -1.08380713  -1.34007922
  2.30000000  -1.34372250  -1.35609677  -1.07600369  -1.32650231
  2.32000000  -1.32932203  -1.34356815  -1.06963681  -1.31338728
  2.34000000  -1.31539786  -1.33109672  -1.06456698  -1.30070294
  2.36000000  -1.30192603  -1.31869777  -1.06065187  -1.28841919
  2.38000000  -1.28888216  -1.30638601  -1.05774848  -1.27650728
  2.40000000  -1.27624191  -1.29417549  -1.05571513  -1.26493990
  2.42000000  -1.26398130  -1.28207953  -1.05441323  -1.25369140
  2.44000000  -1.25207709  -1.27011059  -1.05370895  -1.24273783
  2.46000000  -1.24050702  -1.25828022  -1.05347466  -1.23205699
  2.48000000  -1.22924994  -1.24659898  -1.05359011  -1.22162850
  2.50000000  -1.21828601  -1.23507641  -1.05394343  -1.21143377
  2.52000000  -1.20759671  -1.22372099  -1.05443191  -1.20145593
  2.54000000  -1.19716493  -1.21254009  -1.05496256  -1.19167985
  2.56000000  -1.18697492  -1.20153998  -1.05545243  -1.18209197
  2.58000000  -1.17701231  -1.19072586  -1.05582874  -1.17268031
  2.60000000  -1.16726400  -1.18010179  -1.05602892  -1.16343426
  2.62000000  -1.15771811  -1.16967083  -1.05600032  -1.15434456
  2.64000000  -1.14836391  -1.15943497  -1.05569994  -1.14540313
  2.66000000  -1.13919171  -1.14939525  -1.05509391  -1.13660297
  2.68000000  -1.13019277  -1.13955179  -1.05415702  -1.12793802
  2.70000000  -1.12135922  -1.12990385  -1.05287197  -1.11940307
  2.72000000  -1.11268395  -1.12044991  -1.05122876  -1.11099365
  2.74000000  -1.10416051  -1.11118772  -1.04922392  -1.10270591
  2.76000000  -1.09578308  -1.10211441  -1.04685973  -1.09453651
  2.78000000  -1.08754633  -1.09322656  -1.04414351  -1.08648257
  2.80000000  -1.07944542  -1.08452022  -1.04108683  -1.07854156
  2.82000000  -1.07147588  -1.07599110  -1.03770477  -1.07071125
  2.84000000  -1.06363360  -1.06763453  -1.03401530  -1.06298962
  2.86000000  -1.05591475  -1.05944562  -1.03003852  -1.05537482
  2.88000000  -1.04831578  -1.05141925  -1.02579614  -1.04786515
  2.90000000  -1.04083335  -1.04355022  -1.02131091  -1.04045899
  2.92000000  -1.03346432  -1.03583324  -1.01660611  -1.03315476
  2.94000000  -1.02620572  -1.02826300  -1.01170513  -1.02595096
  2.96000000  -1.01905473  -1.02083424  -1.00663112  -1.01884607
  2.98000000  -1.01200868  -1.01354177  -1.00140662  -1.01183860
  3.00000000  -1.00506500  -1.00638051  -0.99605338  -1.00492703
  3.02000000  -0.99822123  -0.99934551  -0.99059208  -0.99810986
  3.04000000  -0.99147502  -0.99243201  -0.98504221  -0.99138557
  3.06000000  -0.98482411  -0.98563541  -0.97942196  -0.98475262
  3.08000000  -0.97826631  -0.97895131  -0.97374813  -0.97820946
  3.10000000  -0.97179951  -0.97237553  -0.96803612  -0.97175453
  3.12000000  -0.96542169  -0.96590408  -0.96229989  -0.96538629
  3.14000000  -0.95913089  -0.95953320  -0.95655202  -0.95910316
  3.16000000  -0.95292519  -0.95325934  -0.95080371  -0.95290359
  3.18000000  -0.94680276  -0.94707914  -0.94506487  -0.94678602
  3.20000000  -0.94076183  -0.94098947  -0.93934417  -0.94074892
  3.22000000  -0.93480066  -0.93498737  -0.93364914  -0.93479076
  3.24000000  -0.92891759  -0.92907007  -0.92798624  -0.92891003
  3.26000000  -0.92311098  -0.92323498  -0.92236096  -0.92310525
  3.28000000  -0.91737926  -0.91747968  -0.91677788  -0.91737494
  3.30000000  -0.91172092  -0.91180187  -0.91124082  -0.91171767
  3.32000000  -0.90613445  -0.90619944  -0.90575286  -0.90613202
  3.34000000  -0.90061842  -0.90067036  -0.90031647  -0.90061662
  3.36000000  -0.89517143  -0.89521276  -0.89493356  -0.89517011
  3.38000000  -0.88979213  -0.88982487  -0.88960558  -0.88979115
  3.40000000  -0.88447917  -0.88450499  -0.88433354  -0.88447846
  3.42000000  -0.87923129  -0.87925156  -0.87911811  -0.87923078
  3.44000000  -0.87404723  -0.87406307  -0.87395967  -0.87404686
  3.46000000  -0.86892577  -0.86893809  -0.86885834  -0.86892550
  3.48000000  -0.86386572  -0.86387527  -0.86381404  -0.86386553
  3.50000000  -0.85886594  -0.85887330  -0.85882652  -0.85886580
  3.52000000  -0.85392530  -0.85393094  -0.85389537  -0.85392520
  3.54000000  -0.84904271  -0.84904702  -0.84902009  -0.84904264
  3.56000000  -0.84421710  -0.84422038  -0.84420009  -0.84421706
  3.58000000  -0.83944744  -0.83944992  -0.83943471  -0.83944741
  3.60000000  -0.83473272  -0.83473458  -0.83472324  -0.83473270
  3.62000000  -0.83007195  -0.83007334  -0.83006492  -0.83007193
  3.64000000  -0.82546417  -0.82546521  -0.82545898  -0.82546416
  3.66000000  -0.82090844  -0.82090921  -0.82090463  -0.82090843
  3.68000000  -0.81640385  -0.81640442  -0.81640107  -0.81640385
  3.70000000  -0.81194952  -0.81194994  -0.81194750  -0.81194951
  3.72000000  -0.80754456  -0.80754487  -0.80754310  -0.80754456
  3.74000000  -0.80318814  -0.80318836  -0.80318709  -0.80318814
  3.76000000  -0.79887942  -0.79887958  -0.79887867  -0.79887942
  3.78000000  -0.79461760  -0.79461772  -0.79461707  -0.79461760
  3.80000000  -0.79040189  -0.79040197  -0.79040151  -0.79040189
  3.82000000  -0.78623151  -0.78623157  -0.78623124  -0.78623151
  3.84000000  -0.78210572  -0.78210576  -0.78210553  -0.78210572
  3.86000000  -0.77802377  -0.77802380  -0.77802364  -0.77802377
  3.88000000  -0.77398495  -0.77398497  -0.77398486  -0.77398495
  3.90000000  -0.76998857  -0.76998858  -0.76998850  -0.76998857
  3.92000000  -0.76603392  -0.76603393  -0.76603388  -0.76603392
  3.94000000  -0.76212034  -0.76212035  -0.76212031  -0.76212034
  3.96000000  -0.75824718  -0.75824718  -0.75824716  -0.75824718
  3.98000000  -0.75441379  -0.75441379  -0.75441377  -0.75441379
  4.00000000  -0.75061954  -0.75061954  -0.75061954  -0.75061954
  4.02000000  -0.74686383  -0.74686383  -0.74686383  -0.74686383
  4.04000000  -0.74314604  -0.74314605  -0.74314604  -0.74314604
  4.06000000  -0.73946560  -0.73946560  -0.73946560  -0.73946560
  4.08000000  -0.73582193  -0.73582193  -0.73582193  -0.73582193
  4.10000000  -0.73221446  -0.73221447  -0.73221446  -0.73221446
  4.12000000  -0.72864265  -0.72864265  -0.72864265  -0.72864265
  4.14000000  -0.72510595  -0.72510595  -0.72510595  -0.72510595
  4.16000000  -0.72160384  -0.72160384  -0.72160384  -0.72160384
  4.18000000  -0.71813580  -0.71813580  -0.71813580  -0.71813580
  4.20000000  -0.71470132  -0.71470132  -0.71470132  -0.71470132
  4.22000000  -0.71129991  -0.71129991  -0.71129991  -0.71129991
  4.24000000  -0.70793108  -0.70793108  -0.70793108  -0.70793108
  4.26000000  -0.70459435  -0.70459435  -0.70459435  -0.70459435
  4.28000000  -0.70128926  -0.70128926  -0.70128926  -0.70128926
  4.30000000  -0.69801535  -0.69801535  -0.69801535  -0.69801535
  4.32000000  -0.69477217  -0.69477217  -0.69477217  -0.69477217
  4.34000000  -0.69155929  -0.69155929  -0.69155929  -0.69155929
  4.36000000  -0.68837626  -0.68837626  -0.68837626  -0.68837626
  4.38000000  -0.68522267  -0.68522267  -0.68522267  -0.68522267
  4.40000000  -0.68209811  -0.68209811  -0.68209811  -0.68209811
  4.42000000  -0.67900216  -0.67900216  -0.67900216  -0.67900216
  4.44000000  -0.67593443  -0.67593443  -0.67593443  -0.67593443
  4.46000000  -0.67289453  -0.67289453  -0.67289453  -0.67289453
  4.48000000  -0.66988207  -0.66988207  -0.66988207  -0.66988207
  4.50000000  -0.66689669  -0.66689669  -0.66689669  -0.66689669
  4.52000000  -0.66393799  -0.66393799  -0.66393799  -0.66393799
  4.54000000  -0.66100564  -0.66100564  -0.66100564  -0.66100564
  4.56000000  -0.65809926  -0.65809926  -0.65809926  -0.65809926
  4.58000000  -0.65521852  -0.65521852  -0.65521852  -0.65521852
  4.60000000  -0.65236306  -0.65236306  -0.65236306  -0.65236306
  4.62000000  -0.64953255  -0.64953255  -0.64953255  -0.64953255
  4.64000000  -0.64672666  -0.64672666  -0.64672666  -0.64672666
  4.66000000  -0.64394507  -0.64394507  -0.64394507  -0.64394507
  4.68000000  -0.64118745  -0.64118745  -0.64118745  -0.64118745
  4.70000000  -0.63845350  -0.63845350  -0.63845350  -0.63845350
  4.72000000  -0.63574291  -0.63574291  -0.63574291  -0.63574291
  4.74000000  -0.63305537  -0.63305537  -0.63305537  -0.63305537
  4.76000000  -0.63039058  -0.63039058  -0.63039058  -0.63039058
  4.78000000  -0.62774827  -0.62774827  -0.62774827  -0.62774827
  4.80000000  -0.62512813  -0.62512813  -0.62512813  -0.62512813
  4.82000000  -0.62252989  -0.62252989  -0.62252989  -0.62252989
  4.84000000  -0.61995327  -0.61995327  -0.61995327  -0.61995327
  4.86000000  -0.61739800  -0.61739800  -0.61739800  -0.61739800
  4.88000000  -0.61486381  -0.61486381  -0.61486381  -0.61486381
  4.90000000  -0.61235044  -0.61235044  -0.61235044  -0.61235044
  4.92000000  -0.60985763  -0.60985763  -0.60985763  -0.60985763
  4.94000000  -0.60738512  -0.60738512  -0.60738512  -0.60738512
  4.96000000  -0.60493268  -0.60493268  -0.60493268  -0.60493268
  4.98000000  -0.60250004  -0.60250004  -0.60250004  -0.60250004
  5.00000000  -0.60008697  -0.60008697  -0.60008697  -0.60008697
  5.02000000  -0.59769324  -0.59769324  -0.59769324  -0.59769324
  5.04000000  -0.59531860  -0.59531860  -0.59531860  -0.59531860
  5.06000000  -0.59296283  -0.59296283  -0.59296283  -0.59296283
  5.08000000  -0.59062570  -0.59062570  -0.59062570  -0.59062570
  5.10000000  -0.58830700  -0.58830700  -0.58830700  -0.58830700
  5.12000000  -0.58600649  -0.58600649  -0.58600649  -0.58600649
  5.14000000  -0.58372397  -0.58372397  -0.58372397  -0.58372397
  5.16000000  -0.58145922  -0.58145922  -0.58145922  -0.58145922
  5.18000000  -0.57921204  -0.57921204  -0.57921204  -0.57921204
  5.20000000  -0.57698221  -0.57698221  -0.57698221  -0.57698221
  5.22000000  -0.57476955  -0.57476955  -0.57476955  -0.57476955
  5.24000000  -0.57257384  -0.57257384  -0.57257384  -0.57257384
  5.26000000  -0.57039489  -0.57039489  -0.57039489  -0.57039489
  5.28000000  -0.56823252  -0.56823252  -0.56823252  -0.56823252
  5.30000000  -0.56608652  -0.56608652  -0.56608652  -0.56608652
  5.32000000  -0.56395672  -0.56395672  -0.56395672  -0.56395672
  5.34000000  -0.56184293  -0.56184293  -0.56184293  -0.56184293
  5.36000000  -0.55974497  -0.55974497  -0.55974497  -0.55974497
  5.38000000  -0.55766265  -0.55766265  -0.55766265  -0.55766265
  5.40000000  -0.55559582  -0.55559582  -0.55559582  -0.55559582
  5.42000000  -0.55354428  -0.55354428  -0.55354428  -0.55354428
  5.44000000  -0.55150787  -0.55150787  -0.55150787  -0.55150787
  5.46000000  -0.54948643  -0.54948643  -0.54948643  -0.54948643
  5.48000000  -0.54747979  -0.54747979  -0.54747979  -0.54747979
  5.50000000  -0.54548778  -0.54548778  -0.54548778  -0.54548778
  5.52000000  -0.54351025  -0.54351025  -0.54351025  -0.54351025
  5.54000000  -0.54154703  -0.54154703  -0.54154703  -0.54154703
  5.56000000  -0.53959797  -0.53959797  -0.53959797  -0.53959797
  5.58000000  -0.53766292  -0.53766292  -0.53766292  -0.53766292
  5.60000000  -0.53574173  -0.53574173  -0.53574173  -0.53574173
  5.62000000  -0.53383424  -0.53383424  -0.53383424  -0.53383424
  5.64000000  -0.53194031  -0.53194031  -0.53194031  -0.53194031
  5.66000000  -0.53005980  -0.53005980  -0.53005980  -0.53005980
  5.68000000  -0.52819256  -0.52819256  -0.52819256  -0.52819256
  5.70000000  -0.52633845  -0.52633845  -0.52633845  -0.52633845
  5.72000000  -0.52449734  -0.52449734  -0.52449734  -0.52449734
  5.74000000  -0.52266908  -0.52266908  -0.52266908  -0.52266908
  5.76000000  -0.52085354  -0.52085354  -0.52085354  -0.52085354
  5.78000000  -0.51905059  -0.51905059  -0.51905059  -0.51905059
  5.80000000  -0.51726010  -0.51726010  -0.51726010  -0.51726010
  5.82000000  -0.51548194  -0.51548194  -0.51548194  -0.51548194
  5.84000000  -0.51371597  -0.51371597  -0.51371597  -0.51371597
  5.86000000  -0.51196209  -0.51196209  -0.51196209  -0.51196209
  5.88000000  -0.51022015  -0.51022015  -0.51022015  -0.51022015
  5.90000000  -0.50849004  -0.50849004  -0.50849004  -0.50849004
  5.92000000  -0.50677164  -0.50677164  -0.50677164  -0.50677164
  5.94000000  -0.50506484  -0.50506484  -0.50506484  -0.50506484
  5.96000000  -0.50336950  -0.50336950  -0.50336950  -0.50336950
  5.98000000  -0.50168552  -0.50168552  -0.50168552  -0.50168552
  6.00000000  -0.50001278  -0.50001278  -0.50001278  -0.50001278
  6.02000000  -0.49835117  -0.49835117  -0.49835117  -0.49835117
  6.04000000  -0.49670058  -0.49670058  -0.49670058  -0.49670058
  6.06000000  -0.49506090  -0.49506090  -0.49506090  -0.49506090
  6.08000000  -0.49343203  -0.49343203  -0.49343203  -0.49343203
  6.10000000  -0.49181384  -0.49181384  -0.49181384  -0.49181384
  6.12000000  -0.49020625  -0.49020625  -0.49020625  -0.49020625
  6.14000000  -0.48860914  -0.48860914  -0.48860914  -0.48860914
  6.16000000  -0.48702241  -0.48702241  -0.48702241  -0.48702241
  6.18000000  -0.48544596  -0.48544596  -0.48544596  -0.48544596
  6.20000000  -0.48387970  -0.48387970  -0.48387970  -0.48387970
  6.22000000  -0.48232352  -0.48232352  -0.48232352  -0.48232352
  6.24000000  -0.48077732  -0.48077732  -0.48077732  -0.48077732
  6.26000000  -0.47924102  -0.47924102  -0.47924102  -0.47924102
  6.28000000  -0.47771451  -0.47771451  -0.47771451  -0.47771451
  6.30000000  -0.47619769  -0.47619769  -0.47619769  -0.47619769
  6.32000000  -0.47469049  -0.47469049  -0.47469049  -0.47469049
  6.34000000  -0.47319281  -0.47319281  -0.47319281  -0.47319281
  6.36000000  -0.47170455  -0.47170455  -0.47170455  -0.47170455
  6.38000000  -0.47022564  -0.47022564  -0.47022564  -0.47022564
  6.40000000  -0.46875597  -0.46875597  -0.46875597  -0.46875597
  6.42000000  -0.46729547  -0.46729547  -0.46729547  -0.46729547
  6.44000000  -0.46584404  -0.46584404  -0.46584404  -0.46584404
  6.46000000  -0.46440161  -0.46440161  -0.46440161  -0.46440161
  6.48000000  -0.46296809  -0.46296809  -0.46296809  -0.46296809
  6.50000000  -0.46154340  -0.46154340  -0.46154340  -0.46154340
  6.52000000  -0.46012745  -0.46012745  -0.46012745  -0.46012745
  6.54000000  -0.45872017  -0.45872017  -0.45872017  -0.45872017
  6.56000000  -0.45732148  -0.45732148  -0.45732148  -0.45732148
  6.58000000  -0.45593129  -0.45593129  -0.45593129  -0.45593129
  6.60000000  -0.45454954  -0.45454954  -0.45454954  -0.45454954
  6.62000000  -0.45317614  -0.45317614  -0.45317614  -0.45317614
  6.64000000  -0.45181101  -0.45181101  -0.45181101  -0.45181101
  6.66000000  -0.45045409  -0.45045409  -0.45045409  -0.45045409
  6.68000000  -0.44910530  -0.44910530  -0.44910530  -0.44910530
  6.70000000  -0.44776457  -0.44776457  -0.44776457  -0.44776457
  6.72000000  -0.44643182  -0.44643182  -0.44643182  -0.44643182
  6.74000000  -0.44510699  -0.44510699  -0.44510699  -0.44510699
  6.76000000  -0.44378999  -0.44378999  -0.44378999  -0.44378999
  6.78000000  -0.44248078  -0.44248078  -0.44248078  -0.44248078
  6.80000000  -0.44117926  -0.44117926  -0.44117926  -0.44117926
  6.82000000  -0.43988539  -0.43988539  -0.43988539  -0.43988539
  6.84000000  -0.43859908  -0.43859908  -0.43859908  -0.43859908
  6.86000000  -0.43732028  -0.43732028  -0.43732028  -0.43732028
  6.88000000  -0.43604891  -0.43604891  -0.43604891  -0.43604891
  6.90000000  -0.43478492  -0.43478492  -0.43478492  -0.43478492
  6.92000000  -0.43352824  -0.43352824  -0.43352824  -0.43352824
  6.94000000  -0.43227880  -0.43227880  -0.43227880  -0.43227880
  6.96000000  -0.43103654  -0.43103654  -0.43103654  -0.43103654
  6.98000000  -0.42980141  -0.42980141  -0.42980141  -0.42980141
  7.00000000  -0.42857334  -0.42857334  -0.42857334  -0.42857334
  7.02000000  -0.42735227  -0.42735227  -0.42735227  -0.42735227
  7.04000000  -0.42613813  -0.42613813  -0.42613813  -0.42613813
  7.06000000  -0.42493088  -0.42493088  -0.42493088  -0.42493088
  7.08000000  -0.42373046  -0.42373046  -0.42373046  -0.42373046
  7.10000000  -0.42253679  -0.42253679  -0.42253679  -0.42253679
  7.12000000  -0.42134984  -0.42134984  -0.42134984  -0.42134984
  7.14000000  -0.42016953  -0.42016953  -0.42016953  -0.42016953
  7.16000000  -0.41899582  -0.41899582  -0.41899582  -0.41899582
  7.18000000  -0.41782866  -0.41782866  -0.41782866  -0.41782866
  7.20000000  -0.41666797  -0.41666797  -0.41666797  -0.41666797
  7.22000000  -0.41551372  -0.41551372  -0.41551372  -0.41551372
  7.24000000  -0.41436585  -0.41436585  -0.41436585  -0.41436585
  7.26000000  -0.41322431  -0.41322431  -0.41322431  -0.41322431
  7.28000000  -0.41208904  -0.41208904  -0.41208904  -0.41208904
  7.30000000  -0.41095999  -0.41095999  -0.41095999  -0.41095999
  7.32000000  -0.40983711  -0.40983711  -0.40983711  -0.40983711
  7.34000000  -0.40872035  -0.40872035  -0.40872035  -0.40872035
  7.36000000  -0.40760966  -0.40760966  -0.40760966  -0.40760966
  7.38000000  -0.40650499  -0.40650499  -0.40650499  -0.40650499
  7.40000000  -0.40540630  -0.40540630  -0.40540630  -0.40540630
  7.42000000  -0.40431353  -0.40431353  -0.40431353  -0.40431353
  7.44000000  -0.40322664  -0.40322664  -0.40322664  -0.40322664
  7.46000000  -0.40214557  -0.40214557  -0.40214557  -0.40214557
  7.48000000  -0.40107029  -0.40107029  -0.40107029  -0.40107029
  7.50000000  -0.40000074  -0.40000074  -0.40000074  -0.40000074
  7.52000000  -0.39893688  -0.39893688  -0.39893688  -0.39893688
  7.54000000  -0.39787867  -0.39787867  -0.39787867  -0.39787867
  7.56000000  -0.39682606  -0.39682606  -0.39682606  -0.39682606
  7.58000000  -0.39577900  -0.39577900  -0.39577900  -0.39577900
  7.60000000  -0.39473745  -0.39473745  -0.39473745  -0.39473745
  7.62000000  -0.39370138  -0.39370138  -0.39370138  -0.39370138
  7.64000000  -0.39267072  -0.39267072  -0.39267072  -0.39267072
  7.66000000  -0.39164545  -0.39164545  -0.39164545  -0.39164545
  7.68000000  -0.39062553  -0.39062553  -0.39062553  -0.39062553
  7.70000000  -0.38961090  -0.38961090  -0.38961090  -0.38961090
  7.72000000  -0.38860152  -0.38860152  -0.38860152  -0.38860152
  7.74000000  -0.38759737  -0.38759737  -0.38759737  -0.38759737
  7.76000000  -0.38659839  -0.38659839  -0.38659839  -0.38659839
  7.78000000  -0.38560455  -0.38560455  -0.38560455  -0.38560455
  7.80000000  -0.38461580  -0.38461580  -0.38461580  -0.38461580
  7.82000000  -0.38363212  -0.38363212  -0.38363212  -0.38363212
  7.84000000  -0.38265345  -0.38265345  -0.38265345  -0.38265345
  7.86000000  -0.38167976  -0.38167976  -0.38167976  -0.38167976
  7.88000000  -0.38071102  -0.38071102  -0.38071102  -0.38071102
  7.90000000  -0.37974718  -0.37974718  -0.37974718  -0.37974718
  7.92000000  -0.37878821  -0.37878821  -0.37878821  -0.37878821
  7.94000000  -0.37783407  -0.37783407  -0.37783407  -0.37783407
  7.96000000  -0.37688473  -0.37688473  -0.37688473  -0.37688473
  7.98000000  -0.37594015  -0.37594015  -0.37594015  -0.37594015
  8.00000000  -0.37500029  -0.37500029  -0.37500029  -0.37500029
  8.02000000  -0.37406511  -0.37406511  -0.37406511  -0.37406511
  8.04000000  -0.37313459  -0.37313459  -0.37313459  -0.37313459
  8.06000000  -0.37220869  -0.37220869  -0.37220869  -0.37220869
  8.08000000  -0.37128737  -0.37128737  -0.37128737  -0.37128737
  8.10000000  -0.37037061  -0.37037061  -0.37037061  -0.37037061
  8.12000000  -0.36945836  -0.36945836  -0.36945836  -0.36945836
  8.14000000  -0.36855059  -0.36855059  -0.36855059  -0.36855059
  8.16000000  -0.36764727  -0.36764727  -0.36764727  -0.36764727
  8.18000000  -0.36674837  -0.36674837  -0.36674837  -0.36674837
  8.20000000  -0.36585385  -0.36585385  -0.36585385  -0.36585385
  8.22000000  -0.36496369  -0.36496369  -0.36496369  -0.36496369
  8.24000000  -0.36407785  -0.36407785  -0.36407785  -0.36407785
  8.26000000  -0.36319630  -0.36319630  -0.36319630  -0.36319630
  8.28000000  -0.36231901  -0.36231901  -0.36231901  -0.36231901
  8.30000000  -0.36144594  -0.36144594  -0.36144594  -0.36144594
  8.32000000  -0.36057708  -0.36057708  -0.36057708  -0.36057708
  8.34000000  -0.35971238  -0.35971238  -0.35971238  -0.35971238
  8.36000000  -0.35885182  -0.35885182  -0.35885182  -0.35885182
  8.38000000  -0.35799537  -0.35799537  -0.35799537  -0.35799537
  8.40000000  -0.35714299  -0.35714299  -0.35714299  -0.35714299
  8.42000000  -0.35629467  -0.35629467  -0.35629467  -0.35629467
  8.44000000  -0.35545036  -0.35545036  -0.35545036  -0.35545036
  8.46000000  -0.35461005  -0.35461005  -0.35461005  -0.35461005
  8.48000000  -0.35377370  -0.35377370  -0.35377370  -0.35377370
  8.50000000  -0.35294129  -0.35294129  -0.35294129  -0.35294129
  8.52000000  -0.35211278  -0.35211278  -0.35211278  -0.35211278
  8.54000000  -0.35128816  -0.35128816  -0.35128816  -0.35128816
  8.56000000  -0.35046739  -0.35046739  -0.35046739  -0.35046739
  8.58000000  -0.34965044  -0.34965044  -0.34965044  -0.34965044
  8.60000000  -0.34883730  -0.34883730  -0.34883730  -0.34883730
  8.62000000  -0.34802793  -0.34802793  -0.34802793  -0.34802793
  8.64000000  -0.34722231  -0.34722231  -0.34722231  -0.34722231
  8.66000000  -0.34642040  -0.34642040  -0.34642040  -0.34642040
  8.68000000  -0.34562220  -0.34562220  -0.34562220  -0.34562220
  8.70000000  -0.34482766  -0.34482766  -0.34482766  -0.34482766
  8.72000000  -0.34403677  -0.34403677  -0.34403677  -0.34403677
  8.74000000  -0.34324950  -0.34324950  -0.34324950  -0.34324950
  8.76000000  -0.34246582  -0.34246582  -0.34246582  -0.34246582
  8.78000000  -0.34168571  -0.34168571  -0.34168571  -0.34168571
  8.80000000  -0.34090915  -0.34090915  -0.34090915  -0.34090915
  8.82000000  -0.34013611  -0.34013611  -0.34013611  -0.34013611
  8.84000000  -0.33936657  -0.33936657  -0.33936657  -0.33936657
  8.86000000  -0.33860051  -0.33860051  -0.33860051  -0.33860051
  8.88000000  -0.33783789  -0.33783789  -0.33783789  -0.33783789
  8.90000000  -0.33707870  -0.33707870  -0.33707870  -0.33707870
  8.92000000  -0.33632292  -0.33632292  -0.33632292  -0.33632292
  8.94000000  -0.33557052  -0.33557052  -0.33557052  -0.33557052
  8.96000000  -0.33482147  -0.33482147  -0.33482147  -0.33482147
  8.98000000  -0.33407574  -0.33407574  -0.33407574  -0.33407574
  9.00000000  -0.33333333  -0.33333333  -0.33333333  -0.33333333
  9.02000000  -0.33259423  -0.33259423  -0.33259423  -0.33259423
  9.04000000  -0.33185840  -0.33185840  -0.33185840  -0.33185840
  9.06000000  -0.33112583  -0.33112583  -0.33112583  -0.33112583
  9.08000000  -0.33039647  -0.33039647  -0.33039647  -0.33039647
  9.10000000  -0.32967033  -0.32967033  -0.32967033  -0.32967033
  9.12000000  -0.32894737  -0.32894737  -0.32894737  -0.32894737
  9.14000000  -0.32822757  -0.32822757  -0.32822757  -0.32822757
  9.16000000  -0.32751092  -0.32751092  -0.32751092  -0.32751092
  9.18000000  -0.32679738  -0.32679738  -0.32679738  -0.32679738
  9.20000000  -0.32608695  -0.32608695  -0.32608695  -0.32608695
  9.22000000  -0.32537961  -0.32537961  -0.32537961  -0.32537961
  9.24000000  -0.32467532  -0.32467532  -0.32467532  -0.32467532
  9.26000000  -0.32397408  -0.32397408  -0.32397408  -0.32397408
  9.28000000  -0.32327586  -0.32327586  -0.32327586  -0.32327586
  9.30000000  -0.32258064  -0.32258064  -0.32258064  -0.32258064
  9.32000000  -0.32188841  -0.32188841  -0.32188841  -0.32188841
  9.34000000  -0.32119914  -0.32119914  -0.32119914  -0.32119914
  9.36000000  -0.32051282  -0.32051282  -0.32051282  -0.32051282
  9.38000000  -0.31982942  -0.31982942  -0.31982942  -0.31982942
  9.40000000  -0.31914894  -0.31914894  -0.31914894  -0.31914894
  9.42000000  -0.31847134  -0.31847134  -0.31847134  -0.31847134
  9.44000000  -0.31779661  -0.31779661  -0.31779661  -0.31779661
  9.46000000  -0.31712473  -0.31712473  -0.31712473  -0.31712473
  9.48000000  -0.31645570  -0.31645570  -0.31645570  -0.31645570
  9.50000000  -0.31578947  -0.31578947  -0.31578947  -0.31578947
  9.52000000  -0.31512605  -0.31512605  -0.31512605  -0.31512605
  9.54000000  -0.31446541  -0.31446541  -0.31446541  -0.31446541
  9.56000000  -0.31380753  -0.31380753  -0.31380753  -0.31380753
  9.58000000  -0.31315240  -0.31315240  -0.31315240  -0.31315240
  9.60000000  -0.31250000  -0.31250000  -0.31250000  -0.31250000
  9.62000000  -0.31185031  -0.31185031  -0.31185031  -0.31185031
  9.64000000  -0.31120332  -0.31120332  -0.31120332  -0.31120332
  9.66000000  -0.31055901  -0.31055901  -0.31055901  -0.31055901
  9.68000000  -0.30991736  -0.30991736  -0.30991736  -0.30991736
  9.70000000  -0.30927835  -0.30927835  -0.30927835  -0.30927835
  9.72000000  -0.30864198  -0.30864198  -0.30864198  -0.30864198
  9.74000000  -0.30800821  -0.30800821  -0.30800821  -0.30800821
  9.76000000  -0.30737705  -0.30737705  -0.30737705  -0.30737705
  9.78000000  -0.30674847  -0.30674847  -0.30674847  -0.30674847
  9.80000000  -0.30612245  -0.30612245  -0.30612245  -0.30612245
  9.82000000  -0.30549898  -0.30549898  -0.30549898  -0.30549898
  9.84000000  -0.30487805  -0.30487805  -0.30487805  -0.30487805
  9.86000000  -0.30425964  -0.30425964  -0.30425964  -0.30425964
  9.88000000  -0.30364373  -0.30364373  -0.30364373  -0.30364373
  9.90000000  -0.30303030  -0.30303030  -0.30303030  -0.30303030
  9.92000000  -0.30241936  -0.30241936  -0.30241936  -0.30241936
  9.94000000  -0.30181087  -0.30181087  -0.30181087  -0.30181087
  9.96000000  -0.30120482  -0.30120482  -0.30120482  -0.30120482
  9.98000000  -0.30060120  -0.30060120  -0.30060120  -0.30060120
 10.00000000  -0.30000000  -0.30000000  -0.30000000  -0.30000000
  0.00000806   0.00000198   0.00000000   0.00000000   0.00000000
  0.02000000   0.00490105   0.00009461   0.00000002   0.00000000
  0.04000000   0.00980974   0.00037841   0.00000019   0.00000000
  0.06000000   0.01473375   0.00085132   0.00000063   0.00000000
  0.08000000   0.01968078   0.00151324   0.00000150   0.00000001
  0.10000000   0.02465853   0.00236399   0.00000293   0.00000003
  0.12000000   0.02967469   0.00340333   0.00000506   0.00000006
  0.14000000   0.03473693   0.00463099   0.00000803   0.00000010
  0.16000000   0.03985282   0.00604662   0.00001200   0.00000018
  0.18000000   0.04502987   0.00764979   0.00001709   0.00000028
  0.20000000   0.05027549   0.00944000   0.00002345   0.00000043
  0.22000000   0.05559695   0.01141667   0.00003122   0.00000062
  0.24000000   0.06100139   0.01357913   0.00004056   0.00000088
  0.26000000   0.06649580   0.01592659   0.00005158   0.00000121
  0.28000000   0.07208701   0.01845816   0.00006445   0.00000163
  0.30000000   0.07778165   0.02117284   0.00007931   0.00000215
  0.32000000   0.08358617   0.02406951   0.00009629   0.00000277
  0.34000000   0.08950684   0.02714689   0.00011553   0.00000353
  0.36000000   0.09554969   0.03040359   0.00013719   0.00000443
  0.38000000   0.10172056   0.03383806   0.00016139   0.00000549
  0.40000000   0.10802505   0.03744861   0.00018827   0.00000672
  0.42000000   0.11446855   0.04123339   0.00021798   0.00000815
  0.44000000   0.12105618   0.04519039   0.00025065   0.00000979
  0.46000000   0.12779287   0.04931743   0.00028640   0.00001167
  0.48000000   0.13468326   0.05361218   0.00032537   0.00001380
  0.50000000   0.14173176   0.05807215   0.00036769   0.00001620
  0.52000000   0.14894249   0.06269467   0.00041347   0.00001889
  0.54000000   0.15631931   0.06747691   0.00046284   0.00002190
  0.56000000   0.16386573   0.07241588   0.00051592   0.00002524
  0.58000000   0.17158496   0.07750841   0.00057280   0.00002894
  0.60000000   0.17947983   0.08275117   0.00063359   0.00003301
  0.62000000   0.18755278   0.08814069   0.00069840   0.00003749
  0.64000000   0.19580580   0.09367330   0.00076731   0.00004239
  0.66000000   0.20424045   0.09934518   0.00084040   0.00004774
  0.68000000   0.21285774   0.10515238   0.00091776   0.00005356
  0.70000000   0.22165816   0.11109075   0.00099945   0.00005986
  0.72000000   0.23064159   0.11715601   0.00108554   0.00006667
  0.74000000   0.23980727   0.12334372   0.00117606   0.00007402
  0.76000000   0.24915379   0.12964930   0.00127107   0.00008192
  0.78000000   0.25867896   0.13606801   0.00137059   0.00009040
  0.80000000   0.26837988   0.14259499   0.00147464   0.00009947
  0.82000000   0.27825281   0.14922522   0.00158323   0.00010916
  0.84000000   0.28829318   0.15595358   0.00169637   0.00011948
  0.86000000   0.29849553   0.16277478   0.00181402   0.00013046
  0.88000000   0.30885351   0.16968345   0.00193618   0.00014211
  0.90000000   0.31935982   0.17667409   0.00206279   0.00015445
  0.92000000   0.33000623   0.18374110   0.00219380   0.00016750
  0.94000000   0.34078351   0.19087877   0.00232916   0.00018128
  0.96000000   0.35168149   0.19808131   0.00246879   0.00019579
  0.98000000   0.36268900   0.20534284   0.00261258   0.00021106
  1.00000000   0.37379389   0.21265742   0.00276045   0.00022710
  1.02000000   0.38498310   0.22001903   0.00291228   0.00024391
  1.04000000   0.39624258   0.22742160   0.00306793   0.00026153
  1.06000000   0.40755741   0.23485902   0.00322728   0.00027995
  1.08000000   0.41891182   0.24232512   0.00339016   0.00029918
  1.10000000   0.43028920   0.24981374   0.00355643   0.00031925
  1.12000000   0.44167219   0.25731867   0.00372591   0.00034015
  1.14000000   0.45304275   0.26483372   0.00389842   0.00036189
  1.16000000   0.46438224   0.27235268   0.00407377   0.00038449
  1.18000000   0.47567146   0.27986938   0.00425177   0.00040795
  1.20000000   0.48689079   0.28737764   0.00443222   0.00043227
  1.22000000   0.49802028   0.29487134   0.00461492   0.00045747
  1.24000000   0.50903972   0.30234440   0.00479964   0.00048354
  1.26000000   0.51992879   0.30979079   0.00498620   0.00051050
  1.28000000   0.53066717   0.31720452   0.00517436   0.00053835
  1.30000000   0.54123462   0.32457972   0.00536393   0.00056710
  1.32000000   0.55161118   0.33191054   0.00555469   0.00059674
  1.34000000   0.56177719   0.33919126   0.00574643   0.00062729
  1.36000000   0.57171349   0.34641626   0.00593897   0.00065875
  1.38000000   0.58140153   0.35357998   0.00613210   0.00069112
  1.40000000   0.59082343   0.36067703   0.00632565   0.00072441
  1.42000000   0.59996217   0.36770210   0.00651943   0.00075863
  1.44000000   0.60880165   0.37465002   0.00671330   0.00079378
  1.46000000   0.61732681   0.38151577   0.00690709   0.00082986
  1.48000000   0.62552369   0.38829443   0.00710068   0.00086689
  1.50000000   0.63337955   0.39498128   0.00729395   0.00090488
  1.52000000   0.64088292   0.40157173   0.00748680   0.00094383
  1.54000000   0.64802369   0.40806133   0.00767915   0.00098374
  1.56000000   0.65479308   0.41444584   0.00787093   0.00102464
  1.58000000   0.66118378   0.42072116   0.00806210   0.00106653
  1.60000000   0.66718987   0.42688337   0.00825264   0.00110943
  1.62000000   0.67280691   0.43292876   0.00844255   0.00115335
  1.64000000   0.67803187   0.43885378   0.00863185   0.00119830
  1.66000000   0.68286317   0.44465508   0.00882057   0.00124429
  1.68000000   0.68730059   0.45032952   0.00900879   0.00129136
  1.70000000   0.69134527   0.45587413   0.00919659   0.00133950
  1.72000000   0.69499963   0.46128618   0.00938406   0.00138875
  1.74000000   0.69826732   0.46656313   0.00957134   0.00143912
  1.76000000   0.70115314   0.47170265   0.00975857   0.00149062
  1.78000000   0.70366297   0.47670263   0.00994590   0.00154330
  1.80000000   0.70580366   0.48156118   0.01013351   0.00159716
  1.82000000   0.70758294   0.48627661   0.01032160   0.00165223
  1.84000000   0.70900935   0.49084746   0.01051036   0.00170853
  1.86000000   0.71009213   0.49527250   0.01070002   0.00176610
  1.88000000   0.71084109   0.49955070   0.01089079   0.00182495
  1.90000000   0.71126656   0.50368126   0.01108291   0.00188512
  1.92000000   0.71137927   0.50766360   0.01127663   0.00194662
  1.94000000   0.71119024   0.51149734   0.01147217   0.00200949
  1.96000000   0.71071072   0.51518233   0.01166978   0.00207376
  1.98000000   0.70995211   0.51871863   0.01186971   0.00213946
  2.00000000   0.70892585   0.52210649   0.01207219   0.00220661
  2.02000000   0.70764336   0.52534638   0.01227746   0.00227524
  2.04000000   0.70611599   0.52843896   0.01248575   0.00234538
  2.06000000   0.70435497   0.53138508   0.01269728   0.00241706
  2.08000000   0.70237131   0.53418579   0.01291225   0.00249032
  2.10000000   0.70017581   0.53684228   0.01313086   0.00256517
  2.12000000   0.69777900   0.53935595   0.01335330   0.00264166
  2.14000000   0.69519110   0.54172834   0.01357974   0.00271980
  2.16000000   0.69242204   0.54396115   0.01381033   0.00279963
  2.18000000   0.68948139   0.54605623   0.01404521   0.00288117
  2.20000000   0.68637838   0.54801553   0.01428450   0.00296446
  2.22000000   0.68312189   0.54984117   0.01452831   0.00304952
  2.24000000   0.67972043   0.55153536   0.01477672   0.00313638
  2.26000000   0.67618217   0.55310040   0.01502981   0.00322508
  2.28000000   0.67251493   0.55453871   0.01528762   0.00331562
  2.30000000   0.66872619   0.55585276   0.01555020   0.00340806
  2.32000000   0.66482310   0.55704513   0.01581756   0.00350240
  2.34000000   0.66081247   0.55811843   0.01608970   0.00359868
  2.36000000   0.65670083   0.55907531   0.01636662   0.00369693
  2.38000000   0.65249440   0.55991849   0.01664829   0.00379717
  2.40000000   0.64819912   0.56065070   0.01693468   0.00389944
  2.42000000   0.64382068   0.56127469   0.01722573   0.00400374
  2.44000000   0.63936451   0.56179323   0.01752138   0.00411012
  2.46000000   0.63483578   0.56220907   0.01782158   0.00421860
  2.48000000   0.63023946   0.56252498   0.01812623   0.00432921
  2.50000000   0.62558031   0.56274369   0.01843527   0.00444197
  2.52000000   0.62086287   0.56286792   0.01874861   0.00455692
  2.54000000   0.61609150   0.56290037   0.01906615   0.00467407
  2.56000000   0.61127037   0.56284369   0.01938780   0.00479346
  2.58000000   0.60640349   0.56270050   0.01971347   0.00491511
  2.60000000   0.60149471   0.56247336   0.02004307   0.00503905
  2.62000000   0.59654771   0.56216482   0.02037650   0.00516531
  2.64000000   0.59156604   0.56177733   0.02071367   0.00529392
  2.66000000   0.58655311   0.56131331   0.02105450   0.00542491
  2.68000000   0.58151218   0.56077514   0.02139889   0.00555830
  2.70000000   0.57644639   0.56016511   0.02174677   0.00569413
  2.72000000   0.57135876   0.55948548   0.02209807   0.00583242
  2.74000000   0.56625220   0.55873842   0.02245270   0.00597321
  2.76000000   0.56112949   0.55792606   0.02281061   0.00611652
  2.78000000   0.55599332   0.55705046   0.02317173   0.00626239
  2.80000000   0.55084625   0.55611364   0.02353601   0.00641084
  2.82000000   0.54569076   0.55511754   0.02390341   0.00656191
  2.84000000   0.54052922   0.55406405   0.02427387   0.00671563
  2.86000000   0.53536392   0.55295499   0.02464738   0.00687204
  2.88000000   0.53019704   0.55179216   0.02502388   0.00703116
  2.90000000   0.52503067   0.55057727   0.02540337   0.00719302
  2.92000000   0.51986684   0.54931199   0.02578582   0.00735767
  2.94000000   0.51470748   0.54799795   0.02617121   0.00752513
  2.96000000   0.50955443   0.54663672   0.02655954   0.00769544
  2.98000000   0.50440947   0.54522983   0.02695081   0.00786864
  3.00000000   0.49927430   0.54377876   0.02734501   0.00804475
  3.02000000   0.49415054   0.54228494   0.02774214   0.00822381
  3.04000000   0.48903974   0.54074979   0.02814223   0.00840586
  3.06000000   0.48394339   0.53917464   0.02854527   0.00859094
  3.08000000   0.47886292   0.53756084   0.02895129   0.00877907
  3.10000000   0.47379967   0.53590965   0.02936030   0.00897030
  3.12000000   0.46875494   0.53422234   0.02977231   0.00916467
  3.14000000   0.46372996   0.53250011   0.03018736   0.00936220
  3.16000000   0.45872591   0.53074415   0.03060548   0.00956295
  3.18000000   0.45374392   0.52895562   0.03102667   0.00976694
  3.20000000   0.44878503   0.52713563   0.03145098   0.00997422
  3.22000000   0.44385028   0.52528529   0.03187844   0.01018481
  3.24000000   0.43894062   0.52340566   0.03230907   0.01039878
  3.26000000   0.43405696   0.52149779   0.03274291   0.01061614
  3.28000000   0.42920017   0.51956269   0.03318000   0.01083695
  3.30000000   0.42437107   0.51760135   0.03362036   0.01106124
  3.32000000   0.41957044   0.51561474   0.03406404   0.01128906
  3.34000000   0.41479900   0.51360382   0.03451106   0.01152044
  3.36000000   0.41005746   0.51156949   0.03496147   0.01175542
  3.38000000   0.40534646   0.50951266   0.03541531   0.01199406
  3.40000000   0.40066661   0.50743420   0.03587262   0.01223638
  3.42000000   0.39601849   0.50533499   0.03633342   0.01248244
  3.44000000   0.39140265   0.50321586   0.03679777   0.01273228
  3.46000000   0.38681958   0.50107762   0.03726569   0.01298593
  3.48000000   0.38226976   0.49892109   0.03773724   0.01324345
  3.50000000   0.37775362   0.49674703   0.03821246   0.01350489
  3.52000000   0.37327159   0.49455621   0.03869137   0.01377027
  3.54000000   0.36882402   0.49234939   0.03917403   0.01403966
  3.56000000   0.36441129   0.49012728   0.03966048   0.01431309
  3.58000000   0.36003369   0.48789060   0.04015076   0.01459061
  3.60000000   0.35569154   0.48564005   0.04064491   0.01487227
  3.62000000   0.35138510   0.48337630   0.04114297   0.01515812
  3.64000000   0.34711461   0.48110001   0.04164499   0.01544820
  3.66000000   0.34288029   0.47881184   0.04215100   0.01574256
  3.68000000   0.33868234   0.47651241   0.04266107   0.01604126
  3.70000000   0.33452094   0.47420235   0.04317522   0.01634433
  3.72000000   0.33039623   0.47188226   0.04369350   0.01665184
  3.74000000   0.32630835   0.46955272   0.04421596   0.01696382
  3.76000000   0.32225741   0.46721430   0.04474265   0.01728034
  3.78000000   0.31824351   0.46486758   0.04527360   0.01760144
  3.80000000   0.31426672   0.46251310   0.04580887   0.01792717
  3.82000000   0.31032709   0.46015138   0.04634849   0.01825759
  3.84000000   0.30642467   0.45778297   0.04689253   0.01859274
  3.86000000   0.30255948   0.45540835   0.04744101   0.01893269
  3.88000000   0.29873154   0.45302803   0.04799400   0.01927748
  3.90000000   0.29494082   0.45064250   0.04855153   0.01962718
  3.92000000   0.29118732   0.44825222   0.04911367   0.01998182
  3.94000000   0.28747100   0.44585767   0.04968044   0.02034148
  3.96000000   0.28379182   0.44345928   0.05025191   0.02070621
  3.98000000   0.28014970   0.44105750   0.05082813   0.02107606
  4.00000000   0.27654459   0.43865275   0.05140913   0.02145109
  4.02000000   0.27297639   0.43624546   0.05199498   0.02183136
  4.04000000   0.26944501   0.43383603   0.05258572   0.02221692
  4.06000000   0.26595035   0.43142486   0.05318141   0.02260784
  4.08000000   0.26249229   0.42901233   0.05378209   0.02300418
  4.10000000   0.25907070   0.42659883   0.05438782   0.02340599
  4.12000000   0.25568545   0.42418471   0.05499864   0.02381334
  4.14000000   0.25233641   0.42177034   0.05561462   0.02422628
  4.16000000   0.24902341   0.41935607   0.05623581   0.02464489
  4.18000000   0.24574630   0.41694224   0.05686225   0.02506922
  4.20000000   0.24250490   0.41452917   0.05749400   0.02549933
  4.22000000   0.23929906   0.41211720   0.05813112   0.02593529
  4.24000000   0.23612858   0.40970664   0.05877366   0.02637717
  4.26000000   0.23299328   0.40729779   0.05942168   0.02682502
  4.28000000   0.22989296   0.40489095   0.06007523   0.02727892
  4.30000000   0.22682743   0.40248641   0.06073437   0.02773893
  4.32000000   0.22379647   0.40008446   0.06139915   0.02820513
  4.34000000   0.22079989   0.39768536   0.06206964   0.02867756
  4.36000000   0.21783746   0.39528940   0.06274589   0.02915632
  4.38000000   0.21490897   0.39289682   0.06342796   0.02964146
  4.40000000   0.21201419   0.39050788   0.06411590   0.03013305
  4.42000000   0.20915289   0.38812283   0.06480979   0.03063117
  4.44000000   0.20632485   0.38574190   0.06550967   0.03113589
  4.46000000   0.20352982   0.38336534   0.06621560   0.03164728
  4.48000000   0.20076756   0.38099336   0.06692766   0.03216541
  4.50000000   0.19803784   0.37862618   0.06764589   0.03269035
  4.52000000   0.19534041   0.37626403   0.06837037   0.03322219
  4.54000000   0.19267503   0.37390710   0.06910115   0.03376099
  4.56000000   0.19004143   0.37155560   0.06983830   0.03430684
  4.58000000   0.18743938   0.36920973   0.07058188   0.03485980
  4.60000000   0.18486861   0.36686967   0.07133196   0.03541996
  4.62000000   0.18232887   0.36453561   0.07208859   0.03598740
  4.64000000   0.17981990   0.36220773   0.07285186   0.03656219
  4.66000000   0.17734144   0.35988620   0.07362181   0.03714441
  4.68000000   0.17489323   0.35757119   0.07439852   0.03773415
  4.70000000   0.17247501   0.35526287   0.07518206   0.03833149
  4.72000000   0.17008651   0.35296138   0.07597249   0.03893650
  4.74000000   0.16772747   0.35066689   0.07676988   0.03954928
  4.76000000   0.16539763   0.34837954   0.07757431   0.04016990
  4.78000000   0.16309671   0.34609948   0.07838583   0.04079846
  4.80000000   0.16082446   0.34382684   0.07920452   0.04143503
  4.82000000   0.15858061   0.34156177   0.08003046   0.04207971
  4.84000000   0.15636488   0.33930438   0.08086371   0.04273258
  4.86000000   0.15417701   0.33705481   0.08170435   0.04339374
  4.88000000   0.15201674   0.33481318   0.08255245   0.04406326
  4.90000000   0.14988380   0.33257960   0.08340807   0.04474124
  4.92000000   0.14777791   0.33035419   0.08427131   0.04542778
  4.94000000   0.14569882   0.32813706   0.08514223   0.04612296
  4.96000000   0.14364626   0.32592831   0.08602090   0.04682688
  4.98000000   0.14161995   0.32372804   0.08690741   0.04753964
  5.00000000   0.13961964   0.32153636   0.08780183   0.04826132
  5.02000000   0.13764506   0.31935335   0.08870424   0.04899203
  5.04000000   0.13569594   0.31717911   0.08961471   0.04973185
  5.06000000   0.13377203   0.31501373   0.09053333   0.05048090
  5.08000000   0.13187305   0.31285728   0.09146018   0.05123927
  5.10000000   0.12999876   0.31070985   0.09239534   0.05200705
  5.12000000   0.12814887   0.30857152   0.09333888   0.05278436
  5.14000000   0.12632315   0.30644236   0.09429090   0.05357129
  5.16000000   0.12452132   0.30432244   0.09525147   0.05436794
  5.18000000   0.12274313   0.30221184   0.09622067   0.05517443
  5.20000000   0.12098833   0.30011060   0.09719861   0.05599086
  5.22000000   0.11925665   0.29801880   0.09818534   0.05681732
  5.24000000   0.11754784   0.29593650   0.09918098   0.05765394
  5.26000000   0.11586166   0.29386375   0.10018559   0.05850082
  5.28000000   0.11419785   0.29180061   0.10119927   0.05935807
  5.30000000   0.11255615   0.28974713   0.10222211   0.06022580
  5.32000000   0.11093633   0.28770335   0.10325420   0.06110412
  5.34000000   0.10933813   0.28566932   0.10429562   0.06199315
  5.36000000   0.10776132   0.28364509   0.10534647   0.06289301
  5.38000000   0.10620563   0.28163069   0.10640684   0.06380380
  5.40000000   0.10467084   0.27962617   0.10747683   0.06472564
  5.42000000   0.10315671   0.27763156   0.10855652   0.06565866
  5.44000000   0.10166299   0.27564689   0.10964601   0.06660297
  5.46000000   0.10018944   0.27367221   0.11074540   0.06755870
  5.48000000   0.09873583   0.27170753   0.11185479   0.06852595
  5.50000000   0.09730193   0.26975288   0.11297426   0.06950487
  5.52000000   0.09588751   0.26780830   0.11410393   0.07049557
  5.54000000   0.09449233   0.26587380   0.11524388   0.07149818
  5.56000000   0.09311617   0.26394940   0.11639422   0.07251283
  5.58000000   0.09175879   0.26203514   0.11755505   0.07353964
  5.60000000   0.09041998   0.26013101   0.11872647   0.07457875
  5.62000000   0.08909951   0.25823704   0.11990859   0.07563028
  5.64000000   0.08779716   0.25635325   0.12110150   0.07669436
  5.66000000   0.08651271   0.25447964   0.12230532   0.07777114
  5.68000000   0.08524595   0.25261623   0.12352015   0.07886075
  5.70000000   0.08399665   0.25076303   0.12474609   0.07996332
  5.72000000   0.08276460   0.24892004   0.12598326   0.08107899
  5.74000000   0.08154960   0.24708727   0.12723176   0.08220791
  5.76000000   0.08035143   0.24526472   0.12849170   0.08335020
  5.78000000   0.07916988   0.24345240   0.12976320   0.08450602
  5.80000000   0.07800474   0.24165030   0.13104636   0.08567551
  5.82000000   0.07685582   0.23985844   0.13234131   0.08685881
  5.84000000   0.07572292   0.23807680   0.13364814   0.08805607
  5.86000000   0.07460582   0.23630538   0.13496699   0.08926744
  5.88000000   0.07350433   0.23454419   0.13629796   0.09049307
  5.90000000   0.07241826   0.23279320   0.13764118   0.09173311
  5.92000000   0.07134740   0.23105243   0.13899676   0.09298772
  5.94000000   0.07029158   0.22932185   0.14036482   0.09425704
  5.96000000   0.06925059   0.22760147   0.14174548   0.09554124
  5.98000000   0.06822424   0.22589126   0.14313886   0.09684047
  6.00000000   0.06721236   0.22419123   0.14454510   0.09815489
  6.02000000   0.06621475   0.22250135   0.14596431   0.09948466
  6.04000000   0.06523123   0.22082161   0.14739661   0.10082995
  6.06000000   0.06426162   0.21915200   0.14884214   0.10219092
  6.08000000   0.06330574   0.21749250   0.15030102   0.10356773
  6.10000000   0.06236342   0.21584310   0.15177339   0.10496056
  6.12000000   0.06143447   0.21420377   0.15325937   0.10636957
  6.14000000   0.06051872   0.21257451   0.15475909   0.10779494
  6.16000000   0.05961600   0.21095528   0.15627269   0.10923684
  6.18000000   0.05872615   0.20934608   0.15780030   0.11069544
  6.20000000   0.05784898   0.20774687   0.15934206   0.11217092
  6.22000000   0.05698434   0.20615764   0.16089810   0.11366346
  6.24000000   0.05613206   0.20457836   0.16246857   0.11517324
  6.26000000   0.05529197   0.20300901   0.16405360   0.11670044
  6.28000000   0.05446393   0.20144957   0.16565333   0.11824525
  6.30000000   0.05364775   0.19990001   0.16726790   0.11980785
  6.32000000   0.05284330   0.19836029   0.16889746   0.12138843
  6.34000000   0.05205041   0.19683041   0.17054216   0.12298718
  6.36000000   0.05126893   0.19531033   0.17220214   0.12460429
  6.38000000   0.05049870   0.19380001   0.17387754   0.12623996
  6.40000000   0.04973958   0.19229944   0.17556852   0.12789438
  6.42000000   0.04899142   0.19080859   0.17727522   0.12956775
  6.44000000   0.04825406   0.18932741   0.17899781   0.13126027
  6.46000000   0.04752737   0.18785589   0.18073642   0.13297215
  6.48000000   0.04681120   0.18639400   0.18249122   0.13470358
  6.50000000   0.04610541   0.18494169   0.18426237   0.13645477
  6.52000000   0.04540986   0.18349894   0.18605002   0.13822593
  6.54000000   0.04472440   0.18206571   0.18785432   0.14001728
  6.56000000   0.04404891   0.18064198   0.18967545   0.14182902
  6.58000000   0.04338324   0.17922771   0.19151357   0.14366137
  6.60000000   0.04272727   0.17782286   0.19336883   0.14551454
  6.62000000   0.04208085   0.17642740   0.19524140   0.14738876
  6.64000000   0.04144386   0.17504129   0.19713145   0.14928425
  6.66000000   0.04081618   0.17366450   0.19903916   0.15120123
  6.68000000   0.04019766   0.17229700   0.20096468   0.15313993
  6.70000000   0.03958819   0.17093874   0.20290819   0.15510058
  6.72000000   0.03898764   0.16958970   0.20486987   0.15708340
  6.74000000   0.03839590   0.16824982   0.20684989   0.15908864
  6.76000000   0.03781282   0.16691909   0.20884843   0.16111652
  6.78000000   0.03723831   0.16559745   0.21086566   0.16316728
  6.80000000   0.03667223   0.16428487   0.21290177   0.16524117
  6.82000000   0.03611448   0.16298131   0.21495693   0.16733843
  6.84000000   0.03556493   0.16168673   0.21703134   0.16945931
  6.86000000   0.03502347   0.16040110   0.21912518   0.17160404
  6.88000000   0.03448999   0.15912438   0.22123863   0.17377289
  6.90000000   0.03396438   0.15785652   0.22337189   0.17596611
  6.92000000   0.03344653   0.15659748   0.22552514   0.17818395
  6.94000000   0.03293633   0.15534723   0.22769858   0.18042667
  6.96000000   0.03243366   0.15410573   0.22989240   0.18269453
  6.98000000   0.03193844   0.15287293   0.23210681   0.18498779
  7.00000000   0.03145054   0.15164879   0.23434199   0.18730673
  7.02000000   0.03096988   0.15043328   0.23659815   0.18965161
  7.04000000   0.03049634   0.14922635   0.23887548   0.19202271
  7.06000000   0.03002983   0.14802796   0.24117421   0.19442029
  7.08000000   0.02957024   0.14683807   0.24349452   0.19684464
  7.10000000   0.02911748   0.14565664   0.24583663   0.19929604
  7.12000000   0.02867146   0.14448363   0.24820075   0.20177476
  7.14000000   0.02823207   0.14331899   0.25058709   0.20428111
  7.16000000   0.02779923   0.14216269   0.25299587   0.20681536
  7.18000000   0.02737284   0.14101467   0.25542729   0.20937781
  7.20000000   0.02695280   0.13987491   0.25788159   0.21196875
  7.22000000   0.02653903   0.13874335   0.26035897   0.21458849
  7.24000000   0.02613144   0.13761995   0.26285967   0.21723731
  7.26000000   0.02572994   0.13650468   0.26538390   0.21991554
  7.28000000   0.02533444   0.13539749   0.26793190   0.22262347
  7.30000000   0.02494486   0.13429833   0.27050389   0.22536142
  7.32000000   0.02456111   0.13320716   0.27310010   0.22812970
  7.34000000   0.02418312   0.13212395   0.27572077   0.23092862
  7.36000000   0.02381078   0.13104865   0.27836612   0.23375852
  7.38000000   0.02344403   0.12998121   0.28103641   0.23661970
  7.40000000   0.02308279   0.12892159   0.28373187   0.23951251
  7.42000000   0.02272697   0.12786975   0.28645274   0.24243726
  7.44000000   0.02237650   0.12682565   0.28919927   0.24539429
  7.46000000   0.02203130   0.12578924   0.29197170   0.24838395
  7.48000000   0.02169129   0.12476049   0.29477028   0.25140656
  7.50000000   0.02135640   0.12373934   0.29759526   0.25446248
  7.52000000   0.02102656   0.12272576   0.30044691   0.25755205
  7.54000000   0.02070169   0.12171969   0.30332547   0.26067562
  7.56000000   0.02038172   0.12072111   0.30623120   0.26383355
  7.58000000   0.02006657   0.11972996   0.30916437   0.26702620
  7.60000000   0.01975619   0.11874621   0.31212524   0.27025393
  7.62000000   0.01945049   0.11776980   0.31511408   0.27351709
  7.64000000   0.01914941   0.11680071   0.31813115   0.27681608
  7.66000000   0.01885289   0.11583887   0.32117672   0.28015125
  7.68000000   0.01856085   0.11488426   0.32425108   0.28352298
  7.70000000   0.01827324   0.11393683   0.32735449   0.28693165
  7.72000000   0.01798998   0.11299653   0.33048724   0.29037766
  7.74000000   0.01771102   0.11206333   0.33364962   0.29386138
  7.76000000   0.01743629   0.11113718   0.33684189   0.29738322
  7.78000000   0.01716572   0.11021803   0.34006436   0.30094356
  7.80000000   0.01689927   0.10930586   0.34331730   0.30454281
  7.82000000   0.01663686   0.10840060   0.34660103   0.30818137
  7.84000000   0.01637843   0.10750223   0.34991582   0.31185966
  7.86000000   0.01612394   0.10661069   0.35326198   0.31557808
  7.88000000   0.01587332   0.10572596   0.35663982   0.31933705
  7.90000000   0.01562652   0.10484797   0.36004963   0.32313699
  7.92000000   0.01538347   0.10397670   0.36349172   0.32697834
  7.94000000   0.01514412   0.10311210   0.36696640   0.33086151
  7.96000000   0.01490842   0.10225413   0.37047399   0.33478695
  7.98000000   0.01467632   0.10140275   0.37401481   0.33875509
  8.00000000   0.01444776   0.10055791   0.37758916   0.34276638
  8.02000000   0.01422269   0.09971958   0.38119738   0.34682126
  8.04000000   0.01400105   0.09888771   0.38483979   0.35092019
  8.06000000   0.01378280   0.09806227   0.38851671   0.35506363
  8.08000000   0.01356789   0.09724320   0.39222849   0.35925203
  8.10000000   0.01335627   0.09643047   0.39597545   0.36348586
  8.12000000   0.01314788   0.09562404   0.39975793   0.36776560
  8.14000000   0.01294268   0.09482387   0.40357627   0.37209171
  8.16000000   0.01274062   0.09402992   0.40743082   0.37646469
  8.18000000   0.01254166   0.09324215   0.41132192   0.38088501
  8.20000000   0.01234575   0.09246051   0.41524993   0.38535317
  8.22000000   0.01215285   0.09168496   0.41921520   0.38986966
  8.24000000   0.01196290   0.09091548   0.42321809   0.39443498
  8.26000000   0.01177587   0.09015201   0.42725896   0.39904964
  8.28000000   0.01159171   0.08939451   0.43133817   0.40371415
  8.30000000   0.01141038   0.08864295   0.43545609   0.40842903
  8.32000000   0.01123183   0.08789729   0.43961309   0.41319479
  8.34000000   0.01105603   0.08715749   0.44380956   0.41801196
  8.36000000   0.01088294   0.08642351   0.44804586   0.42288108
  8.38000000   0.01071251   0.08569530   0.45232238   0.42780268
  8.40000000   0.01054470   0.08497283   0.45663950   0.43277731
  8.42000000   0.01037947   0.08425607   0.46099762   0.43780551
  8.44000000   0.01021679   0.08354497   0.46539712   0.44288783
  8.46000000   0.01005662   0.08283949   0.46983841   0.44802484
  8.48000000   0.00989892   0.08213960   0.47432189   0.45321711
  8.50000000   0.00974365   0.08144526   0.47884796   0.45846519
  8.52000000   0.00959077   0.08075643   0.48341702   0.46376967
  8.54000000   0.00944026   0.08007307   0.48802949   0.46913113
  8.56000000   0.00929207   0.07939514   0.49268580   0.47455016
  8.58000000   0.00914617   0.07872261   0.49738635   0.48002734
  8.60000000   0.00900252   0.07805544   0.50213157   0.48556330
  8.62000000   0.00886109   0.07739359   0.50692189   0.49115862
  8.64000000   0.00872185   0.07673702   0.51175774   0.49681392
  8.66000000   0.00858477   0.07608571   0.51663956   0.50252982
  8.68000000   0.00844980   0.07543960   0.52156779   0.50830694
  8.70000000   0.00831693   0.07479867   0.52654287   0.51414592
  8.72000000   0.00818611   0.07416288   0.53156525   0.52004739
  8.74000000   0.00805732   0.07353219   0.53663540   0.52601199
  8.76000000   0.00793053   0.07290657   0.54175375   0.53204038
  8.78000000   0.00780570   0.07228598   0.54692078   0.53813321
  8.80000000   0.00768281   0.07167038   0.55213695   0.54429115
  8.82000000   0.00756182   0.07105974   0.55740274   0.55051487
  8.84000000   0.00744272   0.07045403   0.56271861   0.55680503
  8.86000000   0.00732546   0.06985320   0.56808504   0.56316234
  8.88000000   0.00721002   0.06925723   0.57350253   0.56958747
  8.90000000   0.00709638   0.06866607   0.57897156   0.57608113
  8.92000000   0.00698450   0.06807970   0.58449263   0.58264401
  8.94000000   0.00687436   0.06749808   0.59006622   0.58927684
  8.96000000   0.00676593   0.06692118   0.59569285   0.59598032
  8.98000000   0.00665919   0.06634895   0.60137303   0.60275519
  9.00000000   0.00655412   0.06578138   0.60710726   0.60960218
  9.02000000   0.00645067   0.06521841   0.61289606   0.61652203
  9.04000000   0.00634884   0.06466003   0.61873995   0.62351548
  9.06000000   0.00624860   0.06410620   0.62463947   0.63058330
  9.08000000   0.00614991   0.06355687   0.63059514   0.63772624
  9.10000000   0.00605277   0.06301203   0.63660750   0.64494509
  9.12000000   0.00595713   0.06247164   0.64267710   0.65224060
  9.14000000   0.00586299   0.06193566   0.64880448   0.65961358
  9.16000000   0.00577032   0.06140406   0.65499019   0.66706481
  9.18000000   0.00567910   0.06087681   0.66123480   0.67459511
  9.20000000   0.00558930   0.06035388   0.66753886   0.68220527
  9.22000000   0.00550090   0.05983524   0.67390294   0.68989612
  9.24000000   0.00541388   0.05932085   0.68032762   0.69766848
  9.26000000   0.00532822   0.05881068   0.68681348   0.70552319
  9.28000000   0.00524390   0.05830471   0.69336110   0.71346109
  9.30000000   0.00516090   0.05780289   0.69997107   0.72148304
  9.32000000   0.00507919   0.05730521   0.70664399   0.72958989
  9.34000000   0.00499877   0.05681162   0.71338047   0.73778251
  9.36000000   0.00491960   0.05632210   0.72018110   0.74606178
  9.38000000   0.00484167   0.05583661   0.72704650   0.75442859
  9.40000000   0.00476496   0.05535514   0.73397729   0.76288383
  9.42000000   0.00468945   0.05487764   0.74097409   0.77142840
  9.44000000   0.00461513   0.05440408   0.74803754   0.78006323
  9.46000000   0.00454197   0.05393444   0.75516827   0.78878923
  9.48000000   0.00446995   0.05346869   0.76236693   0.79760733
  9.50000000   0.00439907   0.05300680   0.76963416   0.80651847
  9.52000000   0.00432929   0.05254873   0.77697062   0.81552361
  9.54000000   0.00426061   0.05209446   0.78437697   0.82462370
  9.56000000   0.00419301   0.05164397   0.79185387   0.83381971
  9.58000000   0.00412647   0.05119721   0.79940201   0.84311263
  9.60000000   0.00406097   0.05075417   0.80702206   0.85250344
  9.62000000   0.00399650   0.05031481   0.81471470   0.86199314
  9.64000000   0.00393305   0.04987911   0.82248064   0.87158273
  9.66000000   0.00387059   0.04944704   0.83032057   0.88127325
  9.68000000   0.00380911   0.04901856   0.83823519   0.89106571
  9.70000000   0.00374860   0.04859366   0.84622522   0.90096115
  9.72000000   0.00368904   0.04817231   0.85429138   0.91096063
  9.74000000   0.00363041   0.04775447   0.86243440   0.92106520
  9.76000000   0.00357271   0.04734013   0.87065500   0.93127594
  9.78000000   0.00351591   0.04692924   0.87895393   0.94159393
  9.80000000   0.00346001   0.04652180   0.88733194   0.95202025
  9.82000000   0.00340499   0.04611776   0.89578978   0.96255602
  9.84000000   0.00335084   0.04571711   0.90432821   0.97320234
  9.86000000   0.00329754   0.04531982   0.91294801   0.98396034
  9.88000000   0.00324507   0.04492586   0.92164993   0.99483115
  9.90000000   0.00319344   0.04453520   0.93043478   1.00581593
  9.92000000   0.00314261   0.04414783   0.93930334   1.01691583
  9.94000000   0.00309259   0.04376370   0.94825641   1.02813203
  9.96000000   0.00304336   0.04338281   0.95729479   1.03946569
  9.98000000   0.00299490   0.04300512   0.96641930   1.05091803
 10.00000000   0.00294721   0.04263061   0.97563075   1.06249024
