H
   1.      1.00     1     0
  0.420005  0.420005
   501   0.020
   0.0062500  -3.5507135  -2.5373088
   0.0200000  -3.5675849  -2.5458237
   0.0400000  -3.6072405  -2.5672508
   0.0600000  -3.6612363  -2.5982347
   0.0800000  -3.7271392  -2.6379204
   0.1000000  -3.8025540  -2.6852547
   0.1200000  -3.8846827  -2.7388314
   0.1400000  -3.9701476  -2.7968365
   0.1600000  -4.0549135  -2.8570307
   0.1800000  -4.1342785  -2.9167625
   0.2000000  -4.2029401  -2.9730178
   0.2200000  -4.2551445  -3.0225105
   0.2400000  -4.2849327  -3.0618199
   0.2600000  -4.2864867  -3.0875762
   0.2800000  -4.2545719  -3.0966873
   0.3000000  -4.1850520  -3.0865942
   0.3200000  -4.0754370  -3.0555332
   0.3400000  -3.9253998  -3.0027743
   0.3600000  -3.7371821  -2.9287990
   0.3800000  -3.5157974  -2.8353827
   0.4000000  -3.2689500  -2.7255496
   0.4200000  -3.0066066  -2.6033842
   0.4400000  -2.7402174  -2.4737050
   0.4600000  -2.4816415  -2.3416294
   0.4800000  -2.2419119  -2.2120853
   0.5000000  -2.0300276  -2.0893417
   0.5200000  -1.8519804  -1.9766268
   0.5400000  -1.7102260  -1.8759080
   0.5600000  -1.6036733  -1.7878495
   0.5800000  -1.5282229  -1.7119601
   0.6000000  -1.4777050  -1.6468776
   0.6200000  -1.4450290  -1.5907329
   0.6400000  -1.4232910  -1.5415101
   0.6600000  -1.4066379  -1.4973450
   0.6800000  -1.3907679  -1.4567164
   0.7000000  -1.3730542  -1.4185270
   0.7200000  -1.3523458  -1.3820854
   0.7400000  -1.3285842  -1.3470256
   0.7600000  -1.3023686  -1.3132033
   0.7800000  -1.2745714  -1.2805966
   0.8000000  -1.2460627  -1.2492304
   0.8200000  -1.2175574  -1.2191298
   0.8400000  -1.1895624  -1.1902982
   0.8600000  -1.1623896  -1.1627136
   0.8800000  -1.1361989  -1.1363330
   0.9000000  -1.1110484  -1.1111004
   0.9200000  -1.0869349  -1.0869538
   0.9400000  -1.0638235  -1.0638300
   0.9600000  -1.0416658  -1.0416678
   0.9800000  -1.0204089  -1.0204096
   1.0000000  -1.0000012  -1.0000014
   1.0200000  -0.9803935  -0.9803935
   1.0400000  -0.9615397  -0.9615397
   1.0600000  -0.9433974  -0.9433974
   1.0800000  -0.9259271  -0.9259271
   1.1000000  -0.9090920  -0.9090920
   1.1200000  -0.8928581  -0.8928581
   1.1400000  -0.8771939  -0.8771939
   1.1600000  -0.8620699  -0.8620699
   1.1800000  -0.8474585  -0.8474585
   1.2000000  -0.8333341  -0.8333341
   1.2200000  -0.8196729  -0.8196729
   1.2400000  -0.8064523  -0.8064523
   1.2600000  -0.7936514  -0.7936514
   1.2800000  -0.7812506  -0.7812506
   1.3000000  -0.7692313  -0.7692313
   1.3200000  -0.7575763  -0.7575763
   1.3400000  -0.7462692  -0.7462692
   1.3600000  -0.7352946  -0.7352946
   1.3800000  -0.7246381  -0.7246381
   1.4000000  -0.7142861  -0.7142861
   1.4200000  -0.7042257  -0.7042257
   1.4400000  -0.6944448  -0.6944448
   1.4600000  -0.6849318  -0.6849318
   1.4800000  -0.6756760  -0.6756760
   1.5000000  -0.6666670  -0.6666670
   1.5200000  -0.6578950  -0.6578950
   1.5400000  -0.6493509  -0.6493509
   1.5600000  -0.6410259  -0.6410259
   1.5800000  -0.6329116  -0.6329116
   1.6000000  -0.6250002  -0.6250002
   1.6200000  -0.6172842  -0.6172842
   1.6400000  -0.6097563  -0.6097563
   1.6600000  -0.6024098  -0.6024098
   1.6800000  -0.5952383  -0.5952383
   1.7000000  -0.5882354  -0.5882354
   1.7200000  -0.5813955  -0.5813955
   1.7400000  -0.5747128  -0.5747128
   1.7600000  -0.5681819  -0.5681819
   1.7800000  -0.5617979  -0.5617979
   1.8000000  -0.5555557  -0.5555557
   1.8200000  -0.5494506  -0.5494506
   1.8400000  -0.5434783  -0.5434783
   1.8600000  -0.5376345  -0.5376345
   1.8800000  -0.5319150  -0.5319150
   1.9000000  -0.5263158  -0.5263158
   1.9200000  -0.5208334  -0.5208334
   1.9400000  -0.5154640  -0.5154640
   1.9600000  -0.5102041  -0.5102041
   1.9800000  -0.5050505  -0.5050505
   2.0000000  -0.5000000  -0.5000000
   2.0200000  -0.4950495  -0.4950495
   2.0400000  -0.4901961  -0.4901961
   2.0600000  -0.4854369  -0.4854369
   2.0800000  -0.4807692  -0.4807692
   2.1000000  -0.4761905  -0.4761905
   2.1200000  -0.4716981  -0.4716981
   2.1400000  -0.4672897  -0.4672897
   2.1600000  -0.4629630  -0.4629630
   2.1800000  -0.4587156  -0.4587156
   2.2000000  -0.4545454  -0.4545454
   2.2200000  -0.4504504  -0.4504504
   2.2400000  -0.4464286  -0.4464286
   2.2600000  -0.4424779  -0.4424779
   2.2800000  -0.4385965  -0.4385965
   2.3000000  -0.4347826  -0.4347826
   2.3200000  -0.4310345  -0.4310345
   2.3400000  -0.4273504  -0.4273504
   2.3600000  -0.4237288  -0.4237288
   2.3800000  -0.4201680  -0.4201680
   2.4000000  -0.4166666  -0.4166666
   2.4200000  -0.4132231  -0.4132231
   2.4400000  -0.4098360  -0.4098360
   2.4600000  -0.4065040  -0.4065040
   2.4800000  -0.4032258  -0.4032258
   2.5000000  -0.4000000  -0.4000000
   2.5200000  -0.3968254  -0.3968254
   2.5400000  -0.3937007  -0.3937007
   2.5600000  -0.3906250  -0.3906250
   2.5800000  -0.3875969  -0.3875969
   2.6000000  -0.3846153  -0.3846153
   2.6200000  -0.3816793  -0.3816793
   2.6400000  -0.3787878  -0.3787878
   2.6600000  -0.3759398  -0.3759398
   2.6800000  -0.3731343  -0.3731343
   2.7000000  -0.3703703  -0.3703703
   2.7200000  -0.3676470  -0.3676470
   2.7400000  -0.3649635  -0.3649635
   2.7600000  -0.3623188  -0.3623188
   2.7800000  -0.3597122  -0.3597122
   2.8000000  -0.3571428  -0.3571428
   2.8200000  -0.3546099  -0.3546099
   2.8400000  -0.3521126  -0.3521126
   2.8600000  -0.3496503  -0.3496503
   2.8800000  -0.3472222  -0.3472222
   2.9000000  -0.3448275  -0.3448275
   2.9200000  -0.3424657  -0.3424657
   2.9400000  -0.3401360  -0.3401360
   2.9600000  -0.3378378  -0.3378378
   2.9800000  -0.3355704  -0.3355704
   3.0000000  -0.3333333  -0.3333333
   3.0200000  -0.3311258  -0.3311258
   3.0400000  -0.3289473  -0.3289473
   3.0600000  -0.3267973  -0.3267973
   3.0800000  -0.3246753  -0.3246753
   3.1000000  -0.3225806  -0.3225806
   3.1200000  -0.3205128  -0.3205128
   3.1400000  -0.3184713  -0.3184713
   3.1600000  -0.3164557  -0.3164557
   3.1800000  -0.3144654  -0.3144654
   3.2000000  -0.3125000  -0.3125000
   3.2200000  -0.3105590  -0.3105590
   3.2400000  -0.3086419  -0.3086419
   3.2600000  -0.3067484  -0.3067484
   3.2800000  -0.3048780  -0.3048780
   3.3000000  -0.3030303  -0.3030303
   3.3200000  -0.3012048  -0.3012048
   3.3400000  -0.2994012  -0.2994012
   3.3600000  -0.2976190  -0.2976190
   3.3800000  -0.2958580  -0.2958580
   3.4000000  -0.2941176  -0.2941176
   3.4200000  -0.2923976  -0.2923976
   3.4400000  -0.2906976  -0.2906976
   3.4600000  -0.2890173  -0.2890173
   3.4800000  -0.2873563  -0.2873563
   3.5000000  -0.2857143  -0.2857143
   3.5200000  -0.2840909  -0.2840909
   3.5400000  -0.2824859  -0.2824859
   3.5600000  -0.2808989  -0.2808989
   3.5800000  -0.2793296  -0.2793296
   3.6000000  -0.2777778  -0.2777778
   3.6200000  -0.2762431  -0.2762431
   3.6400000  -0.2747253  -0.2747253
   3.6600000  -0.2732240  -0.2732240
   3.6800000  -0.2717391  -0.2717391
   3.7000000  -0.2702703  -0.2702703
   3.7200000  -0.2688172  -0.2688172
   3.7400000  -0.2673797  -0.2673797
   3.7600000  -0.2659574  -0.2659574
   3.7800000  -0.2645502  -0.2645502
   3.8000000  -0.2631579  -0.2631579
   3.8200000  -0.2617801  -0.2617801
   3.8400000  -0.2604167  -0.2604167
   3.8600000  -0.2590673  -0.2590673
   3.8800000  -0.2577319  -0.2577319
   3.9000000  -0.2564102  -0.2564102
   3.9200000  -0.2551020  -0.2551020
   3.9400000  -0.2538071  -0.2538071
   3.9600000  -0.2525252  -0.2525252
   3.9800000  -0.2512563  -0.2512563
   4.0000000  -0.2500000  -0.2500000
   4.0200000  -0.2487562  -0.2487562
   4.0400000  -0.2475247  -0.2475247
   4.0600000  -0.2463054  -0.2463054
   4.0800000  -0.2450980  -0.2450980
   4.1000000  -0.2439024  -0.2439024
   4.1200000  -0.2427184  -0.2427184
   4.1400000  -0.2415459  -0.2415459
   4.1600000  -0.2403846  -0.2403846
   4.1800000  -0.2392344  -0.2392344
   4.2000000  -0.2380952  -0.2380952
   4.2200000  -0.2369668  -0.2369668
   4.2400000  -0.2358491  -0.2358491
   4.2600000  -0.2347418  -0.2347418
   4.2800000  -0.2336449  -0.2336449
   4.3000000  -0.2325581  -0.2325581
   4.3200000  -0.2314815  -0.2314815
   4.3400000  -0.2304148  -0.2304148
   4.3600000  -0.2293578  -0.2293578
   4.3800000  -0.2283105  -0.2283105
   4.4000000  -0.2272727  -0.2272727
   4.4200000  -0.2262444  -0.2262444
   4.4400000  -0.2252252  -0.2252252
   4.4600000  -0.2242153  -0.2242153
   4.4800000  -0.2232143  -0.2232143
   4.5000000  -0.2222222  -0.2222222
   4.5200000  -0.2212390  -0.2212390
   4.5400000  -0.2202643  -0.2202643
   4.5600000  -0.2192983  -0.2192983
   4.5800000  -0.2183406  -0.2183406
   4.6000000  -0.2173913  -0.2173913
   4.6200000  -0.2164502  -0.2164502
   4.6400000  -0.2155173  -0.2155173
   4.6600000  -0.2145923  -0.2145923
   4.6800000  -0.2136752  -0.2136752
   4.7000000  -0.2127660  -0.2127660
   4.7200000  -0.2118644  -0.2118644
   4.7400000  -0.2109705  -0.2109705
   4.7600000  -0.2100841  -0.2100841
   4.7800000  -0.2092050  -0.2092050
   4.8000000  -0.2083334  -0.2083334
   4.8200000  -0.2074689  -0.2074689
   4.8400000  -0.2066116  -0.2066116
   4.8600000  -0.2057613  -0.2057613
   4.8800000  -0.2049181  -0.2049181
   4.9000000  -0.2040817  -0.2040817
   4.9200000  -0.2032521  -0.2032521
   4.9400000  -0.2024292  -0.2024292
   4.9600000  -0.2016129  -0.2016129
   4.9800000  -0.2008032  -0.2008032
   5.0000000  -0.2000000  -0.2000000
   5.0200000  -0.1992032  -0.1992032
   5.0400000  -0.1984127  -0.1984127
   5.0600000  -0.1976285  -0.1976285
   5.0800000  -0.1968504  -0.1968504
   5.1000000  -0.1960785  -0.1960785
   5.1200000  -0.1953125  -0.1953125
   5.1400000  -0.1945526  -0.1945526
   5.1600000  -0.1937985  -0.1937985
   5.1800000  -0.1930502  -0.1930502
   5.2000000  -0.1923077  -0.1923077
   5.2200000  -0.1915709  -0.1915709
   5.2400000  -0.1908397  -0.1908397
   5.2600000  -0.1901141  -0.1901141
   5.2800000  -0.1893940  -0.1893940
   5.3000000  -0.1886793  -0.1886793
   5.3200000  -0.1879700  -0.1879700
   5.3400000  -0.1872660  -0.1872660
   5.3600000  -0.1865672  -0.1865672
   5.3800000  -0.1858736  -0.1858736
   5.4000000  -0.1851852  -0.1851852
   5.4200000  -0.1845019  -0.1845019
   5.4400000  -0.1838236  -0.1838236
   5.4600000  -0.1831502  -0.1831502
   5.4800000  -0.1824818  -0.1824818
   5.5000000  -0.1818182  -0.1818182
   5.5200000  -0.1811595  -0.1811595
   5.5400000  -0.1805055  -0.1805055
   5.5600000  -0.1798562  -0.1798562
   5.5800000  -0.1792115  -0.1792115
   5.6000000  -0.1785715  -0.1785715
   5.6200000  -0.1779360  -0.1779360
   5.6400000  -0.1773050  -0.1773050
   5.6600000  -0.1766785  -0.1766785
   5.6800000  -0.1760564  -0.1760564
   5.7000000  -0.1754386  -0.1754386
   5.7200000  -0.1748252  -0.1748252
   5.7400000  -0.1742161  -0.1742161
   5.7600000  -0.1736112  -0.1736112
   5.7800000  -0.1730104  -0.1730104
   5.8000000  -0.1724138  -0.1724138
   5.8200000  -0.1718213  -0.1718213
   5.8400000  -0.1712329  -0.1712329
   5.8600000  -0.1706485  -0.1706485
   5.8800000  -0.1700681  -0.1700681
   5.9000000  -0.1694916  -0.1694916
   5.9200000  -0.1689190  -0.1689190
   5.9400000  -0.1683502  -0.1683502
   5.9600000  -0.1677853  -0.1677853
   5.9800000  -0.1672241  -0.1672241
   6.0000000  -0.1666667  -0.1666667
   6.0200000  -0.1661130  -0.1661130
   6.0400000  -0.1655630  -0.1655630
   6.0600000  -0.1650165  -0.1650165
   6.0800000  -0.1644737  -0.1644737
   6.1000000  -0.1639345  -0.1639345
   6.1200000  -0.1633987  -0.1633987
   6.1400000  -0.1628665  -0.1628665
   6.1600000  -0.1623377  -0.1623377
   6.1800000  -0.1618123  -0.1618123
   6.2000000  -0.1612904  -0.1612904
   6.2200000  -0.1607717  -0.1607717
   6.2400000  -0.1602565  -0.1602565
   6.2600000  -0.1597445  -0.1597445
   6.2800000  -0.1592357  -0.1592357
   6.3000000  -0.1587302  -0.1587302
   6.3200000  -0.1582279  -0.1582279
   6.3400000  -0.1577287  -0.1577287
   6.3600000  -0.1572327  -0.1572327
   6.3800000  -0.1567399  -0.1567399
   6.4000000  -0.1562500  -0.1562500
   6.4200000  -0.1557633  -0.1557633
   6.4400000  -0.1552795  -0.1552795
   6.4600000  -0.1547988  -0.1547988
   6.4800000  -0.1543210  -0.1543210
   6.5000000  -0.1538462  -0.1538462
   6.5200000  -0.1533743  -0.1533743
   6.5400000  -0.1529052  -0.1529052
   6.5600000  -0.1524391  -0.1524391
   6.5800000  -0.1519757  -0.1519757
   6.6000000  -0.1515152  -0.1515152
   6.6200000  -0.1510574  -0.1510574
   6.6400000  -0.1506025  -0.1506025
   6.6600000  -0.1501502  -0.1501502
   6.6800000  -0.1497006  -0.1497006
   6.7000000  -0.1492538  -0.1492538
   6.7200000  -0.1488096  -0.1488096
   6.7400000  -0.1483680  -0.1483680
   6.7600000  -0.1479290  -0.1479290
   6.7800000  -0.1474927  -0.1474927
   6.8000000  -0.1470589  -0.1470589
   6.8200000  -0.1466276  -0.1466276
   6.8400000  -0.1461989  -0.1461989
   6.8600000  -0.1457726  -0.1457726
   6.8800000  -0.1453489  -0.1453489
   6.9000000  -0.1449276  -0.1449276
   6.9200000  -0.1445087  -0.1445087
   6.9400000  -0.1440923  -0.1440923
   6.9600000  -0.1436782  -0.1436782
   6.9800000  -0.1432665  -0.1432665
   7.0000000  -0.1428572  -0.1428572
   7.0200000  -0.1424502  -0.1424502
   7.0400000  -0.1420455  -0.1420455
   7.0600000  -0.1416431  -0.1416431
   7.0800000  -0.1412430  -0.1412430
   7.1000000  -0.1408451  -0.1408451
   7.1200000  -0.1404495  -0.1404495
   7.1400000  -0.1400561  -0.1400561
   7.1600000  -0.1396648  -0.1396648
   7.1800000  -0.1392758  -0.1392758
   7.2000000  -0.1388889  -0.1388889
   7.2200000  -0.1385042  -0.1385042
   7.2400000  -0.1381216  -0.1381216
   7.2600000  -0.1377411  -0.1377411
   7.2800000  -0.1373627  -0.1373627
   7.3000000  -0.1369863  -0.1369863
   7.3200000  -0.1366121  -0.1366121
   7.3400000  -0.1362398  -0.1362398
   7.3600000  -0.1358696  -0.1358696
   7.3800000  -0.1355014  -0.1355014
   7.4000000  -0.1351352  -0.1351352
   7.4200000  -0.1347709  -0.1347709
   7.4400000  -0.1344086  -0.1344086
   7.4600000  -0.1340483  -0.1340483
   7.4800000  -0.1336899  -0.1336899
   7.5000000  -0.1333334  -0.1333334
   7.5200000  -0.1329788  -0.1329788
   7.5400000  -0.1326260  -0.1326260
   7.5600000  -0.1322752  -0.1322752
   7.5800000  -0.1319262  -0.1319262
   7.6000000  -0.1315790  -0.1315790
   7.6200000  -0.1312336  -0.1312336
   7.6400000  -0.1308901  -0.1308901
   7.6600000  -0.1305483  -0.1305483
   7.6800000  -0.1302084  -0.1302084
   7.7000000  -0.1298702  -0.1298702
   7.7200000  -0.1295337  -0.1295337
   7.7400000  -0.1291990  -0.1291990
   7.7600000  -0.1288660  -0.1288660
   7.7800000  -0.1285347  -0.1285347
   7.8000000  -0.1282052  -0.1282052
   7.8200000  -0.1278773  -0.1278773
   7.8400000  -0.1275511  -0.1275511
   7.8600000  -0.1272265  -0.1272265
   7.8800000  -0.1269036  -0.1269036
   7.9000000  -0.1265823  -0.1265823
   7.9200000  -0.1262627  -0.1262627
   7.9400000  -0.1259446  -0.1259446
   7.9600000  -0.1256282  -0.1256282
   7.9800000  -0.1253133  -0.1253133
   8.0000000  -0.1250000  -0.1250000
   8.0200000  -0.1246883  -0.1246883
   8.0400000  -0.1243781  -0.1243781
   8.0600000  -0.1240695  -0.1240695
   8.0800000  -0.1237624  -0.1237624
   8.1000000  -0.1234568  -0.1234568
   8.1200000  -0.1231527  -0.1231527
   8.1400000  -0.1228502  -0.1228502
   8.1600000  -0.1225491  -0.1225491
   8.1800000  -0.1222494  -0.1222494
   8.2000000  -0.1219513  -0.1219513
   8.2200000  -0.1216545  -0.1216545
   8.2400000  -0.1213593  -0.1213593
   8.2600000  -0.1210654  -0.1210654
   8.2800000  -0.1207730  -0.1207730
   8.3000000  -0.1204820  -0.1204820
   8.3200000  -0.1201923  -0.1201923
   8.3400000  -0.1199041  -0.1199041
   8.3600000  -0.1196173  -0.1196173
   8.3800000  -0.1193318  -0.1193318
   8.4000000  -0.1190477  -0.1190477
   8.4200000  -0.1187649  -0.1187649
   8.4400000  -0.1184834  -0.1184834
   8.4600000  -0.1182033  -0.1182033
   8.4800000  -0.1179246  -0.1179246
   8.5000000  -0.1176471  -0.1176471
   8.5200000  -0.1173709  -0.1173709
   8.5400000  -0.1170961  -0.1170961
   8.5600000  -0.1168225  -0.1168225
   8.5800000  -0.1165502  -0.1165502
   8.6000000  -0.1162791  -0.1162791
   8.6200000  -0.1160093  -0.1160093
   8.6400000  -0.1157408  -0.1157408
   8.6600000  -0.1154735  -0.1154735
   8.6800000  -0.1152074  -0.1152074
   8.7000000  -0.1149426  -0.1149426
   8.7200000  -0.1146789  -0.1146789
   8.7400000  -0.1144165  -0.1144165
   8.7600000  -0.1141553  -0.1141553
   8.7800000  -0.1138953  -0.1138953
   8.8000000  -0.1136364  -0.1136364
   8.8200000  -0.1133787  -0.1133787
   8.8400000  -0.1131222  -0.1131222
   8.8600000  -0.1128668  -0.1128668
   8.8800000  -0.1126126  -0.1126126
   8.9000000  -0.1123596  -0.1123596
   8.9200000  -0.1121077  -0.1121077
   8.9400000  -0.1118569  -0.1118569
   8.9600000  -0.1116072  -0.1116072
   8.9800000  -0.1113586  -0.1113586
   9.0000000  -0.1111111  -0.1111111
   9.0200000  -0.1108648  -0.1108648
   9.0400000  -0.1106195  -0.1106195
   9.0600000  -0.1103753  -0.1103753
   9.0800000  -0.1101322  -0.1101322
   9.1000000  -0.1098901  -0.1098901
   9.1200000  -0.1096492  -0.1096492
   9.1400000  -0.1094092  -0.1094092
   9.1600000  -0.1091703  -0.1091703
   9.1800000  -0.1089325  -0.1089325
   9.2000000  -0.1086957  -0.1086957
   9.2200000  -0.1084599  -0.1084599
   9.2400000  -0.1082251  -0.1082251
   9.2600000  -0.1079914  -0.1079914
   9.2800000  -0.1077587  -0.1077587
   9.3000000  -0.1075269  -0.1075269
   9.3200000  -0.1072962  -0.1072962
   9.3400000  -0.1070664  -0.1070664
   9.3600000  -0.1068376  -0.1068376
   9.3800000  -0.1066098  -0.1066098
   9.4000000  -0.1063830  -0.1063830
   9.4200000  -0.1061571  -0.1061571
   9.4400000  -0.1059322  -0.1059322
   9.4600000  -0.1057083  -0.1057083
   9.4800000  -0.1054853  -0.1054853
   9.5000000  -0.1052632  -0.1052632
   9.5200000  -0.1050420  -0.1050420
   9.5400000  -0.1048218  -0.1048218
   9.5600000  -0.1046025  -0.1046025
   9.5800000  -0.1043842  -0.1043842
   9.6000000  -0.1041667  -0.1041667
   9.6200000  -0.1039501  -0.1039501
   9.6400000  -0.1037345  -0.1037345
   9.6600000  -0.1035197  -0.1035197
   9.6800000  -0.1033058  -0.1033058
   9.7000000  -0.1030928  -0.1030928
   9.7200000  -0.1028807  -0.1028807
   9.7400000  -0.1026694  -0.1026694
   9.7600000  -0.1024590  -0.1024590
   9.7800000  -0.1022495  -0.1022495
   9.8000000  -0.1020408  -0.1020408
   9.8200000  -0.1018330  -0.1018330
   9.8400000  -0.1016260  -0.1016260
   9.8600000  -0.1014199  -0.1014199
   9.8800000  -0.1012146  -0.1012146
   9.9000000  -0.1010101  -0.1010101
   9.9200000  -0.1008065  -0.1008065
   9.9400000  -0.1006036  -0.1006036
   9.9600000  -0.1004016  -0.1004016
   9.9800000  -0.1002004  -0.1002004
  10.0000000  -0.1000000  -0.1000000
   0.0062500   0.0095425   0.0000000
   0.0200000   0.0305267   0.0000003
   0.0400000   0.0609798   0.0000014
   0.0600000   0.0912821   0.0000030
   0.0800000   0.1213547   0.0000054
   0.1000000   0.1511157   0.0000084
   0.1200000   0.1804796   0.0000121
   0.1400000   0.2093575   0.0000164
   0.1600000   0.2376575   0.0000214
   0.1800000   0.2652855   0.0000270
   0.2000000   0.2921469   0.0000332
   0.2200000   0.3181483   0.0000400
   0.2400000   0.3432003   0.0000474
   0.2600000   0.3672204   0.0000554
   0.2800000   0.3901366   0.0000639
   0.3000000   0.4118904   0.0000729
   0.3200000   0.4324406   0.0000824
   0.3400000   0.4517657   0.0000924
   0.3600000   0.4698656   0.0001028
   0.3800000   0.4867626   0.0001137
   0.4000000   0.5025000   0.0001250
   0.4200000   0.5171400   0.0001367
   0.4400000   0.5307593   0.0001488
   0.4600000   0.5434446   0.0001613
   0.4800000   0.5552860   0.0001742
   0.5000000   0.5663719   0.0001875
   0.5200000   0.5767837   0.0002011
   0.5400000   0.5865914   0.0002150
   0.5600000   0.5958517   0.0002294
   0.5800000   0.6046073   0.0002441
   0.6000000   0.6128878   0.0002591
   0.6200000   0.6207119   0.0002745
   0.6400000   0.6280904   0.0002903
   0.6600000   0.6350293   0.0003063
   0.6800000   0.6415322   0.0003227
   0.7000000   0.6476030   0.0003395
   0.7200000   0.6532465   0.0003565
   0.7400000   0.6584698   0.0003739
   0.7600000   0.6632817   0.0003915
   0.7800000   0.6676927   0.0004095
   0.8000000   0.6717148   0.0004278
   0.8200000   0.6753604   0.0004463
   0.8400000   0.6786426   0.0004652
   0.8600000   0.6815744   0.0004843
   0.8800000   0.6841684   0.0005037
   0.9000000   0.6864375   0.0005234
   0.9200000   0.6883936   0.0005434
   0.9400000   0.6900487   0.0005637
   0.9600000   0.6914143   0.0005842
   0.9800000   0.6925015   0.0006050
   1.0000000   0.6933210   0.0006261
   1.0200000   0.6938832   0.0006474
   1.0400000   0.6941981   0.0006690
   1.0600000   0.6942754   0.0006909
   1.0800000   0.6941246   0.0007130
   1.1000000   0.6937547   0.0007354
   1.1200000   0.6931745   0.0007581
   1.1400000   0.6923924   0.0007810
   1.1600000   0.6914167   0.0008042
   1.1800000   0.6902554   0.0008277
   1.2000000   0.6889160   0.0008514
   1.2200000   0.6874060   0.0008754
   1.2400000   0.6857325   0.0008996
   1.2600000   0.6839026   0.0009241
   1.2800000   0.6819228   0.0009489
   1.3000000   0.6797996   0.0009739
   1.3200000   0.6775394   0.0009992
   1.3400000   0.6751481   0.0010248
   1.3600000   0.6726317   0.0010506
   1.3800000   0.6699957   0.0010767
   1.4000000   0.6672456   0.0011031
   1.4200000   0.6643867   0.0011297
   1.4400000   0.6614241   0.0011566
   1.4600000   0.6583628   0.0011838
   1.4800000   0.6552074   0.0012112
   1.5000000   0.6519627   0.0012390
   1.5200000   0.6486330   0.0012670
   1.5400000   0.6452227   0.0012953
   1.5600000   0.6417359   0.0013238
   1.5800000   0.6381766   0.0013527
   1.6000000   0.6345487   0.0013818
   1.6200000   0.6308560   0.0014113
   1.6400000   0.6271020   0.0014410
   1.6600000   0.6232904   0.0014711
   1.6800000   0.6194244   0.0015014
   1.7000000   0.6155073   0.0015320
   1.7200000   0.6115423   0.0015629
   1.7400000   0.6075324   0.0015942
   1.7600000   0.6034806   0.0016257
   1.7800000   0.5993897   0.0016576
   1.8000000   0.5952624   0.0016898
   1.8200000   0.5911014   0.0017223
   1.8400000   0.5869093   0.0017551
   1.8600000   0.5826885   0.0017883
   1.8800000   0.5784413   0.0018218
   1.9000000   0.5741702   0.0018556
   1.9200000   0.5698773   0.0018898
   1.9400000   0.5655647   0.0019243
   1.9600000   0.5612346   0.0019592
   1.9800000   0.5568888   0.0019944
   2.0000000   0.5525294   0.0020300
   2.0200000   0.5481581   0.0020659
   2.0400000   0.5437768   0.0021022
   2.0600000   0.5393872   0.0021389
   2.0800000   0.5349909   0.0021760
   2.1000000   0.5305895   0.0022134
   2.1200000   0.5261846   0.0022512
   2.1400000   0.5217777   0.0022895
   2.1600000   0.5173701   0.0023281
   2.1800000   0.5129633   0.0023671
   2.2000000   0.5085586   0.0024065
   2.2200000   0.5041572   0.0024464
   2.2400000   0.4997603   0.0024866
   2.2600000   0.4953692   0.0025273
   2.2800000   0.4909850   0.0025684
   2.3000000   0.4866087   0.0026100
   2.3200000   0.4822415   0.0026520
   2.3400000   0.4778842   0.0026944
   2.3600000   0.4735380   0.0027373
   2.3800000   0.4692036   0.0027807
   2.4000000   0.4648820   0.0028245
   2.4200000   0.4605740   0.0028688
   2.4400000   0.4562805   0.0029136
   2.4600000   0.4520022   0.0029589
   2.4800000   0.4477399   0.0030046
   2.5000000   0.4434942   0.0030509
   2.5200000   0.4392660   0.0030977
   2.5400000   0.4350557   0.0031450
   2.5600000   0.4308641   0.0031928
   2.5800000   0.4266918   0.0032412
   2.6000000   0.4225392   0.0032901
   2.6200000   0.4184071   0.0033395
   2.6400000   0.4142958   0.0033895
   2.6600000   0.4102058   0.0034401
   2.6800000   0.4061377   0.0034912
   2.7000000   0.4020919   0.0035430
   2.7200000   0.3980687   0.0035953
   2.7400000   0.3940687   0.0036482
   2.7600000   0.3900921   0.0037017
   2.7800000   0.3861394   0.0037558
   2.8000000   0.3822108   0.0038106
   2.8200000   0.3783067   0.0038659
   2.8400000   0.3744274   0.0039220
   2.8600000   0.3705731   0.0039786
   2.8800000   0.3667442   0.0040360
   2.9000000   0.3629408   0.0040940
   2.9200000   0.3591633   0.0041527
   2.9400000   0.3554117   0.0042121
   2.9600000   0.3516864   0.0042721
   2.9800000   0.3479875   0.0043329
   3.0000000   0.3443152   0.0043944
   3.0200000   0.3406696   0.0044567
   3.0400000   0.3370508   0.0045197
   3.0600000   0.3334590   0.0045834
   3.0800000   0.3298944   0.0046479
   3.1000000   0.3263570   0.0047132
   3.1200000   0.3228469   0.0047793
   3.1400000   0.3193641   0.0048461
   3.1600000   0.3159089   0.0049138
   3.1800000   0.3124811   0.0049823
   3.2000000   0.3090810   0.0050516
   3.2200000   0.3057084   0.0051218
   3.2400000   0.3023635   0.0051928
   3.2600000   0.2990462   0.0052647
   3.2800000   0.2957566   0.0053375
   3.3000000   0.2924947   0.0054112
   3.3200000   0.2892604   0.0054858
   3.3400000   0.2860539   0.0055613
   3.3600000   0.2828749   0.0056378
   3.3800000   0.2797235   0.0057152
   3.4000000   0.2765998   0.0057935
   3.4200000   0.2735035   0.0058729
   3.4400000   0.2704347   0.0059532
   3.4600000   0.2673934   0.0060346
   3.4800000   0.2643794   0.0061169
   3.5000000   0.2613927   0.0062003
   3.5200000   0.2584333   0.0062848
   3.5400000   0.2555009   0.0063703
   3.5600000   0.2525957   0.0064569
   3.5800000   0.2497174   0.0065446
   3.6000000   0.2468660   0.0066334
   3.6200000   0.2440414   0.0067233
   3.6400000   0.2412434   0.0068144
   3.6600000   0.2384720   0.0069067
   3.6800000   0.2357271   0.0070001
   3.7000000   0.2330085   0.0070947
   3.7200000   0.2303162   0.0071905
   3.7400000   0.2276499   0.0072876
   3.7600000   0.2250097   0.0073859
   3.7800000   0.2223952   0.0074855
   3.8000000   0.2198065   0.0075863
   3.8200000   0.2172434   0.0076885
   3.8400000   0.2147057   0.0077920
   3.8600000   0.2121934   0.0078968
   3.8800000   0.2097062   0.0080030
   3.9000000   0.2072440   0.0081106
   3.9200000   0.2048066   0.0082195
   3.9400000   0.2023940   0.0083299
   3.9600000   0.2000060   0.0084418
   3.9800000   0.1976423   0.0085551
   4.0000000   0.1953030   0.0086698
   4.0200000   0.1929877   0.0087861
   4.0400000   0.1906964   0.0089039
   4.0600000   0.1884288   0.0090232
   4.0800000   0.1861849   0.0091442
   4.1000000   0.1839644   0.0092667
   4.1200000   0.1817672   0.0093908
   4.1400000   0.1795932   0.0095166
   4.1600000   0.1774421   0.0096440
   4.1800000   0.1753138   0.0097731
   4.2000000   0.1732081   0.0099039
   4.2200000   0.1711249   0.0100364
   4.2400000   0.1690640   0.0101707
   4.2600000   0.1670251   0.0103068
   4.2800000   0.1650083   0.0104447
   4.3000000   0.1630132   0.0105845
   4.3200000   0.1610397   0.0107261
   4.3400000   0.1590876   0.0108695
   4.3600000   0.1571568   0.0110149
   4.3800000   0.1552471   0.0111623
   4.4000000   0.1533583   0.0113116
   4.4200000   0.1514902   0.0114629
   4.4400000   0.1496427   0.0116162
   4.4600000   0.1478156   0.0117716
   4.4800000   0.1460087   0.0119290
   4.5000000   0.1442218   0.0120886
   4.5200000   0.1424549   0.0122503
   4.5400000   0.1407076   0.0124142
   4.5600000   0.1389798   0.0125803
   4.5800000   0.1372715   0.0127487
   4.6000000   0.1355823   0.0129193
   4.6200000   0.1339121   0.0130922
   4.6400000   0.1322607   0.0132674
   4.6600000   0.1306281   0.0134450
   4.6800000   0.1290139   0.0136250
   4.7000000   0.1274180   0.0138075
   4.7200000   0.1258404   0.0139924
   4.7400000   0.1242807   0.0141798
   4.7600000   0.1227388   0.0143697
   4.7800000   0.1212146   0.0145623
   4.8000000   0.1197079   0.0147574
   4.8200000   0.1182185   0.0149552
   4.8400000   0.1167463   0.0151557
   4.8600000   0.1152911   0.0153588
   4.8800000   0.1138527   0.0155648
   4.9000000   0.1124310   0.0157736
   4.9200000   0.1110257   0.0159852
   4.9400000   0.1096369   0.0161996
   4.9600000   0.1082642   0.0164170
   4.9800000   0.1069075   0.0166374
   5.0000000   0.1055667   0.0168608
   5.0200000   0.1042416   0.0170872
   5.0400000   0.1029320   0.0173167
   5.0600000   0.1016378   0.0175494
   5.0800000   0.1003589   0.0177852
   5.1000000   0.0990951   0.0180242
   5.1200000   0.0978461   0.0182665
   5.1400000   0.0966120   0.0185122
   5.1600000   0.0953924   0.0187612
   5.1800000   0.0941874   0.0190136
   5.2000000   0.0929967   0.0192694
   5.2200000   0.0918201   0.0195288
   5.2400000   0.0906576   0.0197917
   5.2600000   0.0895089   0.0200583
   5.2800000   0.0883740   0.0203285
   5.3000000   0.0872527   0.0206024
   5.3200000   0.0861448   0.0208800
   5.3400000   0.0850502   0.0211615
   5.3600000   0.0839688   0.0214469
   5.3800000   0.0829004   0.0217361
   5.4000000   0.0818448   0.0220294
   5.4200000   0.0808021   0.0223267
   5.4400000   0.0797719   0.0226280
   5.4600000   0.0787542   0.0229336
   5.4800000   0.0777488   0.0232433
   5.5000000   0.0767556   0.0235573
   5.5200000   0.0757745   0.0238756
   5.5400000   0.0748054   0.0241983
   5.5600000   0.0738480   0.0245255
   5.5800000   0.0729023   0.0248571
   5.6000000   0.0719682   0.0251934
   5.6200000   0.0710454   0.0255343
   5.6400000   0.0701340   0.0258799
   5.6600000   0.0692337   0.0262302
   5.6800000   0.0683445   0.0265854
   5.7000000   0.0674662   0.0269456
   5.7200000   0.0665987   0.0273106
   5.7400000   0.0657418   0.0276808
   5.7600000   0.0648955   0.0280560
   5.7800000   0.0640597   0.0284365
   5.8000000   0.0632342   0.0288222
   5.8200000   0.0624188   0.0292132
   5.8400000   0.0616136   0.0296096
   5.8600000   0.0608183   0.0300115
   5.8800000   0.0600329   0.0304190
   5.9000000   0.0592572   0.0308322
   5.9200000   0.0584912   0.0312510
   5.9400000   0.0577347   0.0316757
   5.9600000   0.0569876   0.0321062
   5.9800000   0.0562498   0.0325427
   6.0000000   0.0555212   0.0329853
   6.0200000   0.0548017   0.0334340
   6.0400000   0.0540911   0.0338889
   6.0600000   0.0533895   0.0343501
   6.0800000   0.0526967   0.0348177
   6.1000000   0.0520125   0.0352918
   6.1200000   0.0513369   0.0357725
   6.1400000   0.0506697   0.0362599
   6.1600000   0.0500110   0.0367540
   6.1800000   0.0493605   0.0372549
   6.2000000   0.0487182   0.0377629
   6.2200000   0.0480840   0.0382779
   6.2400000   0.0474577   0.0388000
   6.2600000   0.0468394   0.0393294
   6.2800000   0.0462289   0.0398661
   6.3000000   0.0456260   0.0404103
   6.3200000   0.0450308   0.0409620
   6.3400000   0.0444431   0.0415215
   6.3600000   0.0438629   0.0420887
   6.3800000   0.0432900   0.0426637
   6.4000000   0.0427244   0.0432468
   6.4200000   0.0421659   0.0438380
   6.4400000   0.0416145   0.0444374
   6.4600000   0.0410701   0.0450451
   6.4800000   0.0405327   0.0456613
   6.5000000   0.0400021   0.0462861
   6.5200000   0.0394782   0.0469195
   6.5400000   0.0389610   0.0475618
   6.5600000   0.0384504   0.0482130
   6.5800000   0.0379463   0.0488732
   6.6000000   0.0374487   0.0495427
   6.6200000   0.0369574   0.0502214
   6.6400000   0.0364723   0.0509097
   6.6600000   0.0359935   0.0516075
   6.6800000   0.0355208   0.0523150
   6.7000000   0.0350542   0.0530323
   6.7200000   0.0345935   0.0537597
   6.7400000   0.0341387   0.0544972
   6.7600000   0.0336898   0.0552449
   6.7800000   0.0332466   0.0560031
   6.8000000   0.0328092   0.0567718
   6.8200000   0.0323773   0.0575512
   6.8400000   0.0319510   0.0583415
   6.8600000   0.0315302   0.0591429
   6.8800000   0.0311148   0.0599553
   6.9000000   0.0307047   0.0607791
   6.9200000   0.0302999   0.0616144
   6.9400000   0.0299004   0.0624613
   6.9600000   0.0295060   0.0633200
   6.9800000   0.0291166   0.0641907
   7.0000000   0.0287324   0.0650735
   7.0200000   0.0283530   0.0659686
   7.0400000   0.0279786   0.0668762
   7.0600000   0.0276090   0.0677965
   7.0800000   0.0272442   0.0687296
   7.1000000   0.0268842   0.0696757
   7.1200000   0.0265287   0.0706349
   7.1400000   0.0261779   0.0716076
   7.1600000   0.0258317   0.0725939
   7.1800000   0.0254899   0.0735939
   7.2000000   0.0251526   0.0746078
   7.2200000   0.0248196   0.0756359
   7.2400000   0.0244910   0.0766783
   7.2600000   0.0241666   0.0777352
   7.2800000   0.0238465   0.0788069
   7.3000000   0.0235305   0.0798936
   7.3200000   0.0232186   0.0809954
   7.3400000   0.0229108   0.0821126
   7.3600000   0.0226070   0.0832454
   7.3800000   0.0223072   0.0843939
   7.4000000   0.0220112   0.0855585
   7.4200000   0.0217192   0.0867394
   7.4400000   0.0214309   0.0879367
   7.4600000   0.0211464   0.0891507
   7.4800000   0.0208656   0.0903817
   7.5000000   0.0205885   0.0916298
   7.5200000   0.0203150   0.0928954
   7.5400000   0.0200450   0.0941786
   7.5600000   0.0197786   0.0954798
   7.5800000   0.0195157   0.0967991
   7.6000000   0.0192562   0.0981368
   7.6200000   0.0190002   0.0994932
   7.6400000   0.0187474   0.1008685
   7.6600000   0.0184980   0.1022630
   7.6800000   0.0182519   0.1036770
   7.7000000   0.0180090   0.1051107
   7.7200000   0.0177692   0.1065644
   7.7400000   0.0175326   0.1080385
   7.7600000   0.0172992   0.1095331
   7.7800000   0.0170687   0.1110486
   7.8000000   0.0168413   0.1125851
   7.8200000   0.0166169   0.1141432
   7.8400000   0.0163955   0.1157230
   7.8600000   0.0161769   0.1173249
   7.8800000   0.0159613   0.1189491
   7.9000000   0.0157484   0.1205961
   7.9200000   0.0155384   0.1222660
   7.9400000   0.0153311   0.1239593
   7.9600000   0.0151266   0.1256761
   7.9800000   0.0149247   0.1274169
   8.0000000   0.0147256   0.1291820
   8.0200000   0.0145290   0.1309718
   8.0400000   0.0143350   0.1327866
   8.0600000   0.0141436   0.1346267
   8.0800000   0.0139547   0.1364925
   8.1000000   0.0137683   0.1383844
   8.1200000   0.0135844   0.1403027
   8.1400000   0.0134029   0.1422478
   8.1600000   0.0132238   0.1442200
   8.1800000   0.0130470   0.1462198
   8.2000000   0.0128726   0.1482474
   8.2200000   0.0127005   0.1503034
   8.2400000   0.0125307   0.1523880
   8.2600000   0.0123631   0.1545019
   8.2800000   0.0121977   0.1566452
   8.3000000   0.0120345   0.1588185
   8.3200000   0.0118735   0.1610221
   8.3400000   0.0117146   0.1632565
   8.3600000   0.0115579   0.1655221
   8.3800000   0.0114031   0.1678193
   8.4000000   0.0112505   0.1701485
   8.4200000   0.0110998   0.1725102
   8.4400000   0.0109512   0.1749050
   8.4600000   0.0108045   0.1773332
   8.4800000   0.0106598   0.1797954
   8.5000000   0.0105170   0.1822919
   8.5200000   0.0103761   0.1848233
   8.5400000   0.0102371   0.1873901
   8.5600000   0.0100999   0.1899927
   8.5800000   0.0099645   0.1926316
   8.6000000   0.0098309   0.1953073
   8.6200000   0.0096991   0.1980204
   8.6400000   0.0095691   0.2007714
   8.6600000   0.0094407   0.2035608
   8.6800000   0.0093141   0.2063892
   8.7000000   0.0091892   0.2092570
   8.7200000   0.0090659   0.2121650
   8.7400000   0.0089443   0.2151135
   8.7600000   0.0088243   0.2181031
   8.7800000   0.0087058   0.2211344
   8.8000000   0.0085890   0.2242079
   8.8200000   0.0084737   0.2273243
   8.8400000   0.0083599   0.2304843
   8.8600000   0.0082477   0.2336883
   8.8800000   0.0081370   0.2369372
   8.9000000   0.0080277   0.2402316
   8.9200000   0.0079199   0.2435720
   8.9400000   0.0078135   0.2469592
   8.9600000   0.0077085   0.2503937
   8.9800000   0.0076050   0.2538763
   9.0000000   0.0075028   0.2574075
   9.0200000   0.0074020   0.2609880
   9.0400000   0.0073025   0.2646186
   9.0600000   0.0072044   0.2682998
   9.0800000   0.0071075   0.2720323
   9.1000000   0.0070120   0.2758169
   9.1200000   0.0069177   0.2796542
   9.1400000   0.0068247   0.2835449
   9.1600000   0.0067329   0.2874897
   9.1800000   0.0066424   0.2914892
   9.2000000   0.0065531   0.2955441
   9.2200000   0.0064649   0.2996551
   9.2400000   0.0063779   0.3038231
   9.2600000   0.0062921   0.3080491
   9.2800000   0.0062075   0.3123341
   9.3000000   0.0061239   0.3166791
   9.3200000   0.0060415   0.3210853
   9.3400000   0.0059602   0.3255536
   9.3600000   0.0058800   0.3300851
   9.3800000   0.0058009   0.3346809
   9.4000000   0.0057228   0.3393420
   9.4200000   0.0056457   0.3440694
   9.4400000   0.0055697   0.3488642
   9.4600000   0.0054947   0.3537272
   9.4800000   0.0054208   0.3586589
   9.5000000   0.0053478   0.3636597
   9.5200000   0.0052757   0.3687297
   9.5400000   0.0052047   0.3738693
   9.5600000   0.0051346   0.3790789
   9.5800000   0.0050654   0.3843588
   9.6000000   0.0049972   0.3897091
   9.6200000   0.0049298   0.3951304
   9.6400000   0.0048634   0.4006229
   9.6600000   0.0047979   0.4061868
   9.6800000   0.0047332   0.4118227
   9.7000000   0.0046694   0.4175321
   9.7200000   0.0046064   0.4233188
   9.7400000   0.0045443   0.4291862
   9.7600000   0.0044830   0.4351382
   9.7800000   0.0044225   0.4411782
   9.8000000   0.0043629   0.4473101
   9.8200000   0.0043040   0.4535373
   9.8400000   0.0042460   0.4598636
   9.8600000   0.0041887   0.4662926
   9.8800000   0.0041323   0.4728280
   9.9000000   0.0040766   0.4794733
   9.9200000   0.0040217   0.4862321
   9.9400000   0.0039676   0.4931027
   9.9600000   0.0039142   0.5000777
   9.9800000   0.0038615   0.5071497
  10.0000000   0.0038095   0.5143112
