H
1.000000 1.000000 1
1.585569 1.051384 
501 0.020000
  0.00025000  -2.56068530  -2.58934081
  0.02000000  -2.56066750  -2.58932171
  0.04000000  -2.56059490  -2.58922961
  0.06000000  -2.56044165  -2.58899240
  0.08000000  -2.56015984  -2.58848666
  0.10000000  -2.55968329  -2.58754381
  0.12000000  -2.55892842  -2.58595424
  0.14000000  -2.55779535  -2.58347250
  0.16000000  -2.55616927  -2.57982338
  0.18000000  -2.55392196  -2.57470893
  0.20000000  -2.55091360  -2.56781613
  0.22000000  -2.54699470  -2.55882511
  0.24000000  -2.54200819  -2.54741783
  0.26000000  -2.53579174  -2.53328685
  0.28000000  -2.52818012  -2.51614430
  0.30000000  -2.51900767  -2.49573049
  0.32000000  -2.50811088  -2.47182229
  0.34000000  -2.49533099  -2.44424089
  0.36000000  -2.48051653  -2.41285877
  0.38000000  -2.46352595  -2.37760578
  0.40000000  -2.44423009  -2.33847407
  0.42000000  -2.42251460  -2.29552175
  0.44000000  -2.39828220  -2.24887518
  0.46000000  -2.37145476  -2.19872977
  0.48000000  -2.34197524  -2.14534912
  0.50000000  -2.30980929  -2.08906268
  0.52000000  -2.27494671  -2.03026159
  0.54000000  -2.23740250  -1.96939307
  0.56000000  -2.19721769  -1.90695303
  0.58000000  -2.15445975  -1.84347733
  0.60000000  -2.10922277  -1.77953147
  0.62000000  -2.06162719  -1.71569909
  0.64000000  -2.01181921  -1.65256924
  0.66000000  -1.95996988  -1.59072281
  0.68000000  -1.90627380  -1.53071809
  0.70000000  -1.85094754  -1.47307603
  0.72000000  -1.79422775  -1.41826528
  0.74000000  -1.73636894  -1.36668745
  0.76000000  -1.67764106  -1.31866312
  0.78000000  -1.61832687  -1.27441901
  0.80000000  -1.55871905  -1.23407700
  0.82000000  -1.49911728  -1.19764566
  0.84000000  -1.43982505  -1.16501518
  0.86000000  -1.38114655  -1.13595660
  0.88000000  -1.32338340  -1.11012653
  0.90000000  -1.26683144  -1.08707840
  0.92000000  -1.21177748  -1.06628174
  0.94000000  -1.15849619  -1.04715099
  0.96000000  -1.10724695  -1.02908525
  0.98000000  -1.05827086  -1.01152096
  1.00000000  -1.01178789  -0.99399925
  1.02000000  -0.96799407  -0.97624998
  1.04000000  -0.92705891  -0.95829472
  1.06000000  -0.88912293  -0.94055578
  1.08000000  -0.85429539  -0.92343671
  1.10000000  -0.82265224  -0.90692915
  1.12000000  -0.79423425  -0.89099781
  1.14000000  -0.76904541  -0.87561026
  1.16000000  -0.74705168  -0.86073669
  1.18000000  -0.72818004  -0.84634969
  1.20000000  -0.71231797  -0.83242407
  1.22000000  -0.69931343  -0.81893667
  1.24000000  -0.68897540  -0.80586621
  1.26000000  -0.68107518  -0.79319307
  1.28000000  -0.67534840  -0.78089920
  1.30000000  -0.67149802  -0.76896793
  1.32000000  -0.66919840  -0.75738384
  1.34000000  -0.66810058  -0.74613263
  1.36000000  -0.66783893  -0.73520100
  1.38000000  -0.66803936  -0.72457651
  1.40000000  -0.66832918  -0.71424748
  1.42000000  -0.66834881  -0.70420286
  1.44000000  -0.66776555  -0.69443220
  1.46000000  -0.66628934  -0.68492547
  1.48000000  -0.66369096  -0.67567308
  1.50000000  -0.65982257  -0.66666575
  1.52000000  -0.65464080  -0.65789450
  1.54000000  -0.64823255  -0.64935061
  1.56000000  -0.64084376  -0.64102564
  1.58000000  -0.63291106  -0.63291139
  1.60000000  -0.62500000  -0.62500000
  1.62000000  -0.61728395  -0.61728395
  1.64000000  -0.60975610  -0.60975610
  1.66000000  -0.60240964  -0.60240964
  1.68000000  -0.59523810  -0.59523810
  1.70000000  -0.58823529  -0.58823529
  1.72000000  -0.58139535  -0.58139535
  1.74000000  -0.57471264  -0.57471264
  1.76000000  -0.56818182  -0.56818182
  1.78000000  -0.56179775  -0.56179775
  1.80000000  -0.55555556  -0.55555556
  1.82000000  -0.54945055  -0.54945055
  1.84000000  -0.54347826  -0.54347826
  1.86000000  -0.53763441  -0.53763441
  1.88000000  -0.53191489  -0.53191489
  1.90000000  -0.52631579  -0.52631579
  1.92000000  -0.52083333  -0.52083333
  1.94000000  -0.51546392  -0.51546392
  1.96000000  -0.51020408  -0.51020408
  1.98000000  -0.50505051  -0.50505051
  2.00000000  -0.50000000  -0.50000000
  2.02000000  -0.49504950  -0.49504950
  2.04000000  -0.49019608  -0.49019608
  2.06000000  -0.48543689  -0.48543689
  2.08000000  -0.48076923  -0.48076923
  2.10000000  -0.47619048  -0.47619048
  2.12000000  -0.47169811  -0.47169811
  2.14000000  -0.46728972  -0.46728972
  2.16000000  -0.46296296  -0.46296296
  2.18000000  -0.45871560  -0.45871560
  2.20000000  -0.45454545  -0.45454545
  2.22000000  -0.45045045  -0.45045045
  2.24000000  -0.44642857  -0.44642857
  2.26000000  -0.44247788  -0.44247788
  2.28000000  -0.43859649  -0.43859649
  2.30000000  -0.43478261  -0.43478261
  2.32000000  -0.43103448  -0.43103448
  2.34000000  -0.42735043  -0.42735043
  2.36000000  -0.42372881  -0.42372881
  2.38000000  -0.42016807  -0.42016807
  2.40000000  -0.41666667  -0.41666667
  2.42000000  -0.41322314  -0.41322314
  2.44000000  -0.40983607  -0.40983607
  2.46000000  -0.40650407  -0.40650407
  2.48000000  -0.40322581  -0.40322581
  2.50000000  -0.40000000  -0.40000000
  2.52000000  -0.39682540  -0.39682540
  2.54000000  -0.39370079  -0.39370079
  2.56000000  -0.39062500  -0.39062500
  2.58000000  -0.38759690  -0.38759690
  2.60000000  -0.38461538  -0.38461538
  2.62000000  -0.38167939  -0.38167939
  2.64000000  -0.37878788  -0.37878788
  2.66000000  -0.37593985  -0.37593985
  2.68000000  -0.37313433  -0.37313433
  2.70000000  -0.37037037  -0.37037037
  2.72000000  -0.36764706  -0.36764706
  2.74000000  -0.36496350  -0.36496350
  2.76000000  -0.36231884  -0.36231884
  2.78000000  -0.35971223  -0.35971223
  2.80000000  -0.35714286  -0.35714286
  2.82000000  -0.35460993  -0.35460993
  2.84000000  -0.35211268  -0.35211268
  2.86000000  -0.34965035  -0.34965035
  2.88000000  -0.34722222  -0.34722222
  2.90000000  -0.34482759  -0.34482759
  2.92000000  -0.34246575  -0.34246575
  2.94000000  -0.34013605  -0.34013605
  2.96000000  -0.33783784  -0.33783784
  2.98000000  -0.33557047  -0.33557047
  3.00000000  -0.33333333  -0.33333333
  3.02000000  -0.33112583  -0.33112583
  3.04000000  -0.32894737  -0.32894737
  3.06000000  -0.32679739  -0.32679739
  3.08000000  -0.32467532  -0.32467532
  3.10000000  -0.32258065  -0.32258065
  3.12000000  -0.32051282  -0.32051282
  3.14000000  -0.31847134  -0.31847134
  3.16000000  -0.31645570  -0.31645570
  3.18000000  -0.31446541  -0.31446541
  3.20000000  -0.31250000  -0.31250000
  3.22000000  -0.31055901  -0.31055901
  3.24000000  -0.30864198  -0.30864198
  3.26000000  -0.30674847  -0.30674847
  3.28000000  -0.30487805  -0.30487805
  3.30000000  -0.30303030  -0.30303030
  3.32000000  -0.30120482  -0.30120482
  3.34000000  -0.29940120  -0.29940120
  3.36000000  -0.29761905  -0.29761905
  3.38000000  -0.29585799  -0.29585799
  3.40000000  -0.29411765  -0.29411765
  3.42000000  -0.29239766  -0.29239766
  3.44000000  -0.29069767  -0.29069767
  3.46000000  -0.28901734  -0.28901734
  3.48000000  -0.28735632  -0.28735632
  3.50000000  -0.28571429  -0.28571429
  3.52000000  -0.28409091  -0.28409091
  3.54000000  -0.28248588  -0.28248588
  3.56000000  -0.28089888  -0.28089888
  3.58000000  -0.27932961  -0.27932961
  3.60000000  -0.27777778  -0.27777778
  3.62000000  -0.27624309  -0.27624309
  3.64000000  -0.27472527  -0.27472527
  3.66000000  -0.27322404  -0.27322404
  3.68000000  -0.27173913  -0.27173913
  3.70000000  -0.27027027  -0.27027027
  3.72000000  -0.26881720  -0.26881720
  3.74000000  -0.26737968  -0.26737968
  3.76000000  -0.26595745  -0.26595745
  3.78000000  -0.26455026  -0.26455026
  3.80000000  -0.26315789  -0.26315789
  3.82000000  -0.26178010  -0.26178010
  3.84000000  -0.26041667  -0.26041667
  3.86000000  -0.25906736  -0.25906736
  3.88000000  -0.25773196  -0.25773196
  3.90000000  -0.25641026  -0.25641026
  3.92000000  -0.25510204  -0.25510204
  3.94000000  -0.25380711  -0.25380711
  3.96000000  -0.25252525  -0.25252525
  3.98000000  -0.25125628  -0.25125628
  4.00000000  -0.25000000  -0.25000000
  4.02000000  -0.24875622  -0.24875622
  4.04000000  -0.24752475  -0.24752475
  4.06000000  -0.24630542  -0.24630542
  4.08000000  -0.24509804  -0.24509804
  4.10000000  -0.24390244  -0.24390244
  4.12000000  -0.24271845  -0.24271845
  4.14000000  -0.24154589  -0.24154589
  4.16000000  -0.24038462  -0.24038462
  4.18000000  -0.23923445  -0.23923445
  4.20000000  -0.23809524  -0.23809524
  4.22000000  -0.23696682  -0.23696682
  4.24000000  -0.23584906  -0.23584906
  4.26000000  -0.23474178  -0.23474178
  4.28000000  -0.23364486  -0.23364486
  4.30000000  -0.23255814  -0.23255814
  4.32000000  -0.23148148  -0.23148148
  4.34000000  -0.23041475  -0.23041475
  4.36000000  -0.22935780  -0.22935780
  4.38000000  -0.22831050  -0.22831050
  4.40000000  -0.22727273  -0.22727273
  4.42000000  -0.22624434  -0.22624434
  4.44000000  -0.22522523  -0.22522523
  4.46000000  -0.22421525  -0.22421525
  4.48000000  -0.22321429  -0.22321429
  4.50000000  -0.22222222  -0.22222222
  4.52000000  -0.22123894  -0.22123894
  4.54000000  -0.22026432  -0.22026432
  4.56000000  -0.21929825  -0.21929825
  4.58000000  -0.21834061  -0.21834061
  4.60000000  -0.21739130  -0.21739130
  4.62000000  -0.21645022  -0.21645022
  4.64000000  -0.21551724  -0.21551724
  4.66000000  -0.21459227  -0.21459227
  4.68000000  -0.21367521  -0.21367521
  4.70000000  -0.21276596  -0.21276596
  4.72000000  -0.21186441  -0.21186441
  4.74000000  -0.21097046  -0.21097046
  4.76000000  -0.21008403  -0.21008403
  4.78000000  -0.20920502  -0.20920502
  4.80000000  -0.20833333  -0.20833333
  4.82000000  -0.20746888  -0.20746888
  4.84000000  -0.20661157  -0.20661157
  4.86000000  -0.20576132  -0.20576132
  4.88000000  -0.20491803  -0.20491803
  4.90000000  -0.20408163  -0.20408163
  4.92000000  -0.20325203  -0.20325203
  4.94000000  -0.20242915  -0.20242915
  4.96000000  -0.20161290  -0.20161290
  4.98000000  -0.20080321  -0.20080321
  5.00000000  -0.20000000  -0.20000000
  5.02000000  -0.19920319  -0.19920319
  5.04000000  -0.19841270  -0.19841270
  5.06000000  -0.19762846  -0.19762846
  5.08000000  -0.19685039  -0.19685039
  5.10000000  -0.19607843  -0.19607843
  5.12000000  -0.19531250  -0.19531250
  5.14000000  -0.19455253  -0.19455253
  5.16000000  -0.19379845  -0.19379845
  5.18000000  -0.19305019  -0.19305019
  5.20000000  -0.19230769  -0.19230769
  5.22000000  -0.19157088  -0.19157088
  5.24000000  -0.19083969  -0.19083969
  5.26000000  -0.19011407  -0.19011407
  5.28000000  -0.18939394  -0.18939394
  5.30000000  -0.18867925  -0.18867925
  5.32000000  -0.18796992  -0.18796992
  5.34000000  -0.18726592  -0.18726592
  5.36000000  -0.18656716  -0.18656716
  5.38000000  -0.18587361  -0.18587361
  5.40000000  -0.18518519  -0.18518519
  5.42000000  -0.18450185  -0.18450185
  5.44000000  -0.18382353  -0.18382353
  5.46000000  -0.18315018  -0.18315018
  5.48000000  -0.18248175  -0.18248175
  5.50000000  -0.18181818  -0.18181818
  5.52000000  -0.18115942  -0.18115942
  5.54000000  -0.18050542  -0.18050542
  5.56000000  -0.17985612  -0.17985612
  5.58000000  -0.17921147  -0.17921147
  5.60000000  -0.17857143  -0.17857143
  5.62000000  -0.17793594  -0.17793594
  5.64000000  -0.17730496  -0.17730496
  5.66000000  -0.17667845  -0.17667845
  5.68000000  -0.17605634  -0.17605634
  5.70000000  -0.17543860  -0.17543860
  5.72000000  -0.17482517  -0.17482517
  5.74000000  -0.17421603  -0.17421603
  5.76000000  -0.17361111  -0.17361111
  5.78000000  -0.17301038  -0.17301038
  5.80000000  -0.17241379  -0.17241379
  5.82000000  -0.17182131  -0.17182131
  5.84000000  -0.17123288  -0.17123288
  5.86000000  -0.17064846  -0.17064846
  5.88000000  -0.17006803  -0.17006803
  5.90000000  -0.16949153  -0.16949153
  5.92000000  -0.16891892  -0.16891892
  5.94000000  -0.16835017  -0.16835017
  5.96000000  -0.16778523  -0.16778523
  5.98000000  -0.16722408  -0.16722408
  6.00000000  -0.16666667  -0.16666667
  6.02000000  -0.16611296  -0.16611296
  6.04000000  -0.16556291  -0.16556291
  6.06000000  -0.16501650  -0.16501650
  6.08000000  -0.16447368  -0.16447368
  6.10000000  -0.16393443  -0.16393443
  6.12000000  -0.16339869  -0.16339869
  6.14000000  -0.16286645  -0.16286645
  6.16000000  -0.16233766  -0.16233766
  6.18000000  -0.16181230  -0.16181230
  6.20000000  -0.16129032  -0.16129032
  6.22000000  -0.16077170  -0.16077170
  6.24000000  -0.16025641  -0.16025641
  6.26000000  -0.15974441  -0.15974441
  6.28000000  -0.15923567  -0.15923567
  6.30000000  -0.15873016  -0.15873016
  6.32000000  -0.15822785  -0.15822785
  6.34000000  -0.15772871  -0.15772871
  6.36000000  -0.15723270  -0.15723270
  6.38000000  -0.15673981  -0.15673981
  6.40000000  -0.15625000  -0.15625000
  6.42000000  -0.15576324  -0.15576324
  6.44000000  -0.15527950  -0.15527950
  6.46000000  -0.15479876  -0.15479876
  6.48000000  -0.15432099  -0.15432099
  6.50000000  -0.15384615  -0.15384615
  6.52000000  -0.15337423  -0.15337423
  6.54000000  -0.15290520  -0.15290520
  6.56000000  -0.15243902  -0.15243902
  6.58000000  -0.15197568  -0.15197568
  6.60000000  -0.15151515  -0.15151515
  6.62000000  -0.15105740  -0.15105740
  6.64000000  -0.15060241  -0.15060241
  6.66000000  -0.15015015  -0.15015015
  6.68000000  -0.14970060  -0.14970060
  6.70000000  -0.14925373  -0.14925373
  6.72000000  -0.14880952  -0.14880952
  6.74000000  -0.14836795  -0.14836795
  6.76000000  -0.14792899  -0.14792899
  6.78000000  -0.14749263  -0.14749263
  6.80000000  -0.14705882  -0.14705882
  6.82000000  -0.14662757  -0.14662757
  6.84000000  -0.14619883  -0.14619883
  6.86000000  -0.14577259  -0.14577259
  6.88000000  -0.14534884  -0.14534884
  6.90000000  -0.14492754  -0.14492754
  6.92000000  -0.14450867  -0.14450867
  6.94000000  -0.14409222  -0.14409222
  6.96000000  -0.14367816  -0.14367816
  6.98000000  -0.14326648  -0.14326648
  7.00000000  -0.14285714  -0.14285714
  7.02000000  -0.14245014  -0.14245014
  7.04000000  -0.14204545  -0.14204545
  7.06000000  -0.14164306  -0.14164306
  7.08000000  -0.14124294  -0.14124294
  7.10000000  -0.14084507  -0.14084507
  7.12000000  -0.14044944  -0.14044944
  7.14000000  -0.14005602  -0.14005602
  7.16000000  -0.13966480  -0.13966480
  7.18000000  -0.13927577  -0.13927577
  7.20000000  -0.13888889  -0.13888889
  7.22000000  -0.13850416  -0.13850416
  7.24000000  -0.13812155  -0.13812155
  7.26000000  -0.13774105  -0.13774105
  7.28000000  -0.13736264  -0.13736264
  7.30000000  -0.13698630  -0.13698630
  7.32000000  -0.13661202  -0.13661202
  7.34000000  -0.13623978  -0.13623978
  7.36000000  -0.13586957  -0.13586957
  7.38000000  -0.13550136  -0.13550136
  7.40000000  -0.13513514  -0.13513514
  7.42000000  -0.13477089  -0.13477089
  7.44000000  -0.13440860  -0.13440860
  7.46000000  -0.13404826  -0.13404826
  7.48000000  -0.13368984  -0.13368984
  7.50000000  -0.13333333  -0.13333333
  7.52000000  -0.13297872  -0.13297872
  7.54000000  -0.13262599  -0.13262599
  7.56000000  -0.13227513  -0.13227513
  7.58000000  -0.13192612  -0.13192612
  7.60000000  -0.13157895  -0.13157895
  7.62000000  -0.13123360  -0.13123360
  7.64000000  -0.13089005  -0.13089005
  7.66000000  -0.13054830  -0.13054830
  7.68000000  -0.13020833  -0.13020833
  7.70000000  -0.12987013  -0.12987013
  7.72000000  -0.12953368  -0.12953368
  7.74000000  -0.12919897  -0.12919897
  7.76000000  -0.12886598  -0.12886598
  7.78000000  -0.12853470  -0.12853470
  7.80000000  -0.12820513  -0.12820513
  7.82000000  -0.12787724  -0.12787724
  7.84000000  -0.12755102  -0.12755102
  7.86000000  -0.12722646  -0.12722646
  7.88000000  -0.12690355  -0.12690355
  7.90000000  -0.12658228  -0.12658228
  7.92000000  -0.12626263  -0.12626263
  7.94000000  -0.12594458  -0.12594458
  7.96000000  -0.12562814  -0.12562814
  7.98000000  -0.12531328  -0.12531328
  8.00000000  -0.12500000  -0.12500000
  8.02000000  -0.12468828  -0.12468828
  8.04000000  -0.12437811  -0.12437811
  8.06000000  -0.12406948  -0.12406948
  8.08000000  -0.12376238  -0.12376238
  8.10000000  -0.12345679  -0.12345679
  8.12000000  -0.12315271  -0.12315271
  8.14000000  -0.12285012  -0.12285012
  8.16000000  -0.12254902  -0.12254902
  8.18000000  -0.12224939  -0.12224939
  8.20000000  -0.12195122  -0.12195122
  8.22000000  -0.12165450  -0.12165450
  8.24000000  -0.12135922  -0.12135922
  8.26000000  -0.12106538  -0.12106538
  8.28000000  -0.12077295  -0.12077295
  8.30000000  -0.12048193  -0.12048193
  8.32000000  -0.12019231  -0.12019231
  8.34000000  -0.11990408  -0.11990408
  8.36000000  -0.11961722  -0.11961722
  8.38000000  -0.11933174  -0.11933174
  8.40000000  -0.11904762  -0.11904762
  8.42000000  -0.11876485  -0.11876485
  8.44000000  -0.11848341  -0.11848341
  8.46000000  -0.11820331  -0.11820331
  8.48000000  -0.11792453  -0.11792453
  8.50000000  -0.11764706  -0.11764706
  8.52000000  -0.11737089  -0.11737089
  8.54000000  -0.11709602  -0.11709602
  8.56000000  -0.11682243  -0.11682243
  8.58000000  -0.11655012  -0.11655012
  8.60000000  -0.11627907  -0.11627907
  8.62000000  -0.11600928  -0.11600928
  8.64000000  -0.11574074  -0.11574074
  8.66000000  -0.11547344  -0.11547344
  8.68000000  -0.11520737  -0.11520737
  8.70000000  -0.11494253  -0.11494253
  8.72000000  -0.11467890  -0.11467890
  8.74000000  -0.11441648  -0.11441648
  8.76000000  -0.11415525  -0.11415525
  8.78000000  -0.11389522  -0.11389522
  8.80000000  -0.11363636  -0.11363636
  8.82000000  -0.11337868  -0.11337868
  8.84000000  -0.11312217  -0.11312217
  8.86000000  -0.11286682  -0.11286682
  8.88000000  -0.11261261  -0.11261261
  8.90000000  -0.11235955  -0.11235955
  8.92000000  -0.11210762  -0.11210762
  8.94000000  -0.11185682  -0.11185682
  8.96000000  -0.11160714  -0.11160714
  8.98000000  -0.11135857  -0.11135857
  9.00000000  -0.11111111  -0.11111111
  9.02000000  -0.11086475  -0.11086475
  9.04000000  -0.11061947  -0.11061947
  9.06000000  -0.11037528  -0.11037528
  9.08000000  -0.11013216  -0.11013216
  9.10000000  -0.10989011  -0.10989011
  9.12000000  -0.10964912  -0.10964912
  9.14000000  -0.10940919  -0.10940919
  9.16000000  -0.10917031  -0.10917031
  9.18000000  -0.10893246  -0.10893246
  9.20000000  -0.10869565  -0.10869565
  9.22000000  -0.10845987  -0.10845987
  9.24000000  -0.10822511  -0.10822511
  9.26000000  -0.10799136  -0.10799136
  9.28000000  -0.10775862  -0.10775862
  9.30000000  -0.10752688  -0.10752688
  9.32000000  -0.10729614  -0.10729614
  9.34000000  -0.10706638  -0.10706638
  9.36000000  -0.10683761  -0.10683761
  9.38000000  -0.10660981  -0.10660981
  9.40000000  -0.10638298  -0.10638298
  9.42000000  -0.10615711  -0.10615711
  9.44000000  -0.10593220  -0.10593220
  9.46000000  -0.10570825  -0.10570825
  9.48000000  -0.10548523  -0.10548523
  9.50000000  -0.10526316  -0.10526316
  9.52000000  -0.10504202  -0.10504202
  9.54000000  -0.10482180  -0.10482180
  9.56000000  -0.10460251  -0.10460251
  9.58000000  -0.10438413  -0.10438413
  9.60000000  -0.10416667  -0.10416667
  9.62000000  -0.10395010  -0.10395010
  9.64000000  -0.10373444  -0.10373444
  9.66000000  -0.10351967  -0.10351967
  9.68000000  -0.10330579  -0.10330579
  9.70000000  -0.10309278  -0.10309278
  9.72000000  -0.10288066  -0.10288066
  9.74000000  -0.10266940  -0.10266940
  9.76000000  -0.10245902  -0.10245902
  9.78000000  -0.10224949  -0.10224949
  9.80000000  -0.10204082  -0.10204082
  9.82000000  -0.10183299  -0.10183299
  9.84000000  -0.10162602  -0.10162602
  9.86000000  -0.10141988  -0.10141988
  9.88000000  -0.10121457  -0.10121457
  9.90000000  -0.10101010  -0.10101010
  9.92000000  -0.10080645  -0.10080645
  9.94000000  -0.10060362  -0.10060362
  9.96000000  -0.10040161  -0.10040161
  9.98000000  -0.10020040  -0.10020040
 10.00000000  -0.10000000  -0.10000000
  0.00025000   0.00032873   0.00000000
  0.02000000   0.02629164   0.00000075
  0.04000000   0.05254102   0.00000301
  0.06000000   0.07870594   0.00000676
  0.08000000   0.10474433   0.00001201
  0.10000000   0.13061435   0.00001874
  0.12000000   0.15627446   0.00002694
  0.14000000   0.18168347   0.00003658
  0.16000000   0.20680070   0.00004767
  0.18000000   0.23158604   0.00006016
  0.20000000   0.25600007   0.00007404
  0.22000000   0.28000419   0.00008929
  0.24000000   0.30356078   0.00010586
  0.26000000   0.32663331   0.00012374
  0.28000000   0.34918651   0.00014288
  0.30000000   0.37118654   0.00016326
  0.32000000   0.39260116   0.00018483
  0.34000000   0.41339989   0.00020757
  0.36000000   0.43355418   0.00023142
  0.38000000   0.45303761   0.00025636
  0.40000000   0.47182603   0.00028234
  0.42000000   0.48989775   0.00030933
  0.44000000   0.50723365   0.00033729
  0.46000000   0.52381737   0.00036618
  0.48000000   0.53963536   0.00039597
  0.50000000   0.55467707   0.00042663
  0.52000000   0.56893494   0.00045813
  0.54000000   0.58240451   0.00049043
  0.56000000   0.59508444   0.00052353
  0.58000000   0.60697646   0.00055738
  0.60000000   0.61808543   0.00059198
  0.62000000   0.62841918   0.00062731
  0.64000000   0.63798850   0.00066336
  0.66000000   0.64680699   0.00070011
  0.68000000   0.65489091   0.00073756
  0.70000000   0.66225900   0.00077571
  0.72000000   0.66893235   0.00081453
  0.74000000   0.67493410   0.00085405
  0.76000000   0.68028925   0.00089424
  0.78000000   0.68502444   0.00093512
  0.80000000   0.68916761   0.00097667
  0.82000000   0.69274784   0.00101890
  0.84000000   0.69579497   0.00106180
  0.86000000   0.69833941   0.00110538
  0.88000000   0.70041184   0.00114962
  0.90000000   0.70204293   0.00119451
  0.92000000   0.70326312   0.00124007
  0.94000000   0.70410234   0.00128626
  0.96000000   0.70458981   0.00133309
  0.98000000   0.70475381   0.00138055
  1.00000000   0.70462151   0.00142864
  1.02000000   0.70421875   0.00147733
  1.04000000   0.70356994   0.00152664
  1.06000000   0.70269791   0.00157656
  1.08000000   0.70162377   0.00162708
  1.10000000   0.70036692   0.00167820
  1.12000000   0.69894488   0.00172992
  1.14000000   0.69737336   0.00178225
  1.16000000   0.69566619   0.00183517
  1.18000000   0.69383538   0.00188869
  1.20000000   0.69189113   0.00194281
  1.22000000   0.68984195   0.00199752
  1.24000000   0.68769470   0.00205284
  1.26000000   0.68545475   0.00210876
  1.28000000   0.68312607   0.00216527
  1.30000000   0.68071146   0.00222239
  1.32000000   0.67821264   0.00228011
  1.34000000   0.67563050   0.00233844
  1.36000000   0.67296527   0.00239738
  1.38000000   0.67021675   0.00245693
  1.40000000   0.66738447   0.00251709
  1.42000000   0.66446796   0.00257787
  1.44000000   0.66146688   0.00263927
  1.46000000   0.65838123   0.00270130
  1.48000000   0.65521149   0.00276395
  1.50000000   0.65195874   0.00282724
  1.52000000   0.64862473   0.00289116
  1.54000000   0.64521187   0.00295572
  1.56000000   0.64172319   0.00302093
  1.58000000   0.63816220   0.00308680
  1.60000000   0.63453267   0.00315332
  1.62000000   0.63083834   0.00322050
  1.64000000   0.62708282   0.00328836
  1.66000000   0.62326962   0.00335689
  1.68000000   0.61940212   0.00342610
  1.70000000   0.61548358   0.00349600
  1.72000000   0.61151716   0.00356660
  1.74000000   0.60750589   0.00363790
  1.76000000   0.60345272   0.00370991
  1.78000000   0.59936049   0.00378264
  1.80000000   0.59523194   0.00385609
  1.82000000   0.59106972   0.00393028
  1.84000000   0.58687638   0.00400521
  1.86000000   0.58265439   0.00408089
  1.88000000   0.57840613   0.00415733
  1.90000000   0.57413389   0.00423454
  1.92000000   0.56983990   0.00431253
  1.94000000   0.56552629   0.00439131
  1.96000000   0.56119512   0.00447088
  1.98000000   0.55684838   0.00455126
  2.00000000   0.55248800   0.00463245
  2.02000000   0.54811582   0.00471448
  2.04000000   0.54373363   0.00479734
  2.06000000   0.53934314   0.00488105
  2.08000000   0.53494601   0.00496563
  2.10000000   0.53054384   0.00505107
  2.12000000   0.52613816   0.00513740
  2.14000000   0.52173047   0.00522462
  2.16000000   0.51732217   0.00531274
  2.18000000   0.51291466   0.00540179
  2.20000000   0.50850924   0.00549177
  2.22000000   0.50410719   0.00558269
  2.24000000   0.49970973   0.00567457
  2.26000000   0.49531803   0.00576742
  2.28000000   0.49093324   0.00586126
  2.30000000   0.48655643   0.00595609
  2.32000000   0.48218864   0.00605193
  2.34000000   0.47783089   0.00614880
  2.36000000   0.47348413   0.00624670
  2.38000000   0.46914929   0.00634567
  2.40000000   0.46482725   0.00644570
  2.42000000   0.46051886   0.00654681
  2.44000000   0.45622494   0.00664903
  2.46000000   0.45194626   0.00675236
  2.48000000   0.44768358   0.00685682
  2.50000000   0.44343760   0.00696244
  2.52000000   0.43920901   0.00706921
  2.54000000   0.43499847   0.00717717
  2.56000000   0.43080659   0.00728632
  2.58000000   0.42663398   0.00739669
  2.60000000   0.42248119   0.00750830
  2.62000000   0.41834878   0.00762115
  2.64000000   0.41423726   0.00773527
  2.66000000   0.41014712   0.00785068
  2.68000000   0.40607882   0.00796740
  2.70000000   0.40203281   0.00808544
  2.72000000   0.39800952   0.00820482
  2.74000000   0.39400933   0.00832557
  2.76000000   0.39003263   0.00844770
  2.78000000   0.38607977   0.00857123
  2.80000000   0.38215109   0.00869619
  2.82000000   0.37824691   0.00882260
  2.84000000   0.37436752   0.00895047
  2.86000000   0.37051321   0.00907982
  2.88000000   0.36668424   0.00921069
  2.90000000   0.36288086   0.00934309
  2.92000000   0.35910329   0.00947704
  2.94000000   0.35535175   0.00961256
  2.96000000   0.35162644   0.00974969
  2.98000000   0.34792754   0.00988844
  3.00000000   0.34425522   0.01002884
  3.02000000   0.34060963   0.01017090
  3.04000000   0.33699093   0.01031466
  3.06000000   0.33339923   0.01046014
  3.08000000   0.32983465   0.01060737
  3.10000000   0.32629730   0.01075636
  3.12000000   0.32278727   0.01090715
  3.14000000   0.31930464   0.01105976
  3.16000000   0.31584948   0.01121423
  3.18000000   0.31242184   0.01137056
  3.20000000   0.30902179   0.01152880
  3.22000000   0.30564935   0.01168898
  3.24000000   0.30230456   0.01185111
  3.26000000   0.29898744   0.01201523
  3.28000000   0.29569800   0.01218136
  3.30000000   0.29243623   0.01234955
  3.32000000   0.28920215   0.01251980
  3.34000000   0.28599572   0.01269217
  3.36000000   0.28281694   0.01286667
  3.38000000   0.27966577   0.01304334
  3.40000000   0.27654218   0.01322221
  3.42000000   0.27344613   0.01340331
  3.44000000   0.27037756   0.01358668
  3.46000000   0.26733642   0.01377234
  3.48000000   0.26432265   0.01396033
  3.50000000   0.26133618   0.01415069
  3.52000000   0.25837694   0.01434344
  3.54000000   0.25544484   0.01453863
  3.56000000   0.25253982   0.01473629
  3.58000000   0.24966177   0.01493645
  3.60000000   0.24681060   0.01513915
  3.62000000   0.24398621   0.01534443
  3.64000000   0.24118851   0.01555232
  3.66000000   0.23841738   0.01576287
  3.68000000   0.23567272   0.01597611
  3.70000000   0.23295440   0.01619208
  3.72000000   0.23026231   0.01641081
  3.74000000   0.22759633   0.01663236
  3.76000000   0.22495633   0.01685676
  3.78000000   0.22234218   0.01708404
  3.80000000   0.21975375   0.01731426
  3.82000000   0.21719091   0.01754746
  3.84000000   0.21465352   0.01778367
  3.86000000   0.21214143   0.01802295
  3.88000000   0.20965450   0.01826533
  3.90000000   0.20719259   0.01851086
  3.92000000   0.20475555   0.01875959
  3.94000000   0.20234324   0.01901155
  3.96000000   0.19995549   0.01926681
  3.98000000   0.19759216   0.01952540
  4.00000000   0.19525308   0.01978738
  4.02000000   0.19293811   0.02005279
  4.04000000   0.19064708   0.02032167
  4.06000000   0.18837983   0.02059409
  4.08000000   0.18613621   0.02087010
  4.10000000   0.18391604   0.02114973
  4.12000000   0.18171916   0.02143305
  4.14000000   0.17954542   0.02172011
  4.16000000   0.17739463   0.02201096
  4.18000000   0.17526664   0.02230565
  4.20000000   0.17316127   0.02260425
  4.22000000   0.17107836   0.02290680
  4.24000000   0.16901774   0.02321337
  4.26000000   0.16697924   0.02352401
  4.28000000   0.16496268   0.02383877
  4.30000000   0.16296789   0.02415772
  4.32000000   0.16099471   0.02448093
  4.34000000   0.15904296   0.02480843
  4.36000000   0.15711246   0.02514031
  4.38000000   0.15520305   0.02547662
  4.40000000   0.15331456   0.02581743
  4.42000000   0.15144680   0.02616279
  4.44000000   0.14959960   0.02651278
  4.46000000   0.14777280   0.02686746
  4.48000000   0.14596622   0.02722690
  4.50000000   0.14417969   0.02759116
  4.52000000   0.14241303   0.02796032
  4.54000000   0.14066607   0.02833443
  4.56000000   0.13893864   0.02871358
  4.58000000   0.13723057   0.02909784
  4.60000000   0.13554168   0.02948727
  4.62000000   0.13387180   0.02988196
  4.64000000   0.13222077   0.03028197
  4.66000000   0.13058841   0.03068738
  4.68000000   0.12897454   0.03109827
  4.70000000   0.12737901   0.03151471
  4.72000000   0.12580164   0.03193679
  4.74000000   0.12424227   0.03236459
  4.76000000   0.12270071   0.03279818
  4.78000000   0.12117682   0.03323765
  4.80000000   0.11967041   0.03368308
  4.82000000   0.11818133   0.03413456
  4.84000000   0.11670941   0.03459216
  4.86000000   0.11525449   0.03505599
  4.88000000   0.11381639   0.03552612
  4.90000000   0.11239496   0.03600265
  4.92000000   0.11099003   0.03648566
  4.94000000   0.10960145   0.03697526
  4.96000000   0.10822904   0.03747152
  4.98000000   0.10687266   0.03797455
  5.00000000   0.10553214   0.03848444
  5.02000000   0.10420733   0.03900129
  5.04000000   0.10289806   0.03952519
  5.06000000   0.10160418   0.04005625
  5.08000000   0.10032553   0.04059457
  5.10000000   0.09906197   0.04114025
  5.12000000   0.09781333   0.04169340
  5.14000000   0.09657946   0.04225411
  5.16000000   0.09536022   0.04282250
  5.18000000   0.09415544   0.04339868
  5.20000000   0.09296499   0.04398274
  5.22000000   0.09178871   0.04457482
  5.24000000   0.09062645   0.04517502
  5.26000000   0.08947808   0.04578345
  5.28000000   0.08834343   0.04640023
  5.30000000   0.08722237   0.04702547
  5.32000000   0.08611475   0.04765931
  5.34000000   0.08502044   0.04830185
  5.36000000   0.08393928   0.04895323
  5.38000000   0.08287114   0.04961356
  5.40000000   0.08181589   0.05028297
  5.42000000   0.08077337   0.05096159
  5.44000000   0.07974345   0.05164955
  5.46000000   0.07872601   0.05234698
  5.48000000   0.07772089   0.05305402
  5.50000000   0.07672798   0.05377080
  5.52000000   0.07574713   0.05449746
  5.54000000   0.07477821   0.05523413
  5.56000000   0.07382110   0.05598096
  5.58000000   0.07287565   0.05673809
  5.60000000   0.07194175   0.05750566
  5.62000000   0.07101927   0.05828383
  5.64000000   0.07010808   0.05907274
  5.66000000   0.06920805   0.05987254
  5.68000000   0.06831906   0.06068339
  5.70000000   0.06744099   0.06150544
  5.72000000   0.06657371   0.06233885
  5.74000000   0.06571711   0.06318378
  5.76000000   0.06487106   0.06404039
  5.78000000   0.06403545   0.06490884
  5.80000000   0.06321015   0.06578931
  5.82000000   0.06239505   0.06668195
  5.84000000   0.06159003   0.06758695
  5.86000000   0.06079499   0.06850448
  5.88000000   0.06000980   0.06943470
  5.90000000   0.05923435   0.07037781
  5.92000000   0.05846853   0.07133397
  5.94000000   0.05771224   0.07230338
  5.96000000   0.05696536   0.07328622
  5.98000000   0.05622778   0.07428268
  6.00000000   0.05549939   0.07529296
  6.02000000   0.05478010   0.07631723
  6.04000000   0.05406979   0.07735571
  6.06000000   0.05336836   0.07840859
  6.08000000   0.05267571   0.07947607
  6.10000000   0.05199173   0.08055836
  6.12000000   0.05131633   0.08165567
  6.14000000   0.05064940   0.08276820
  6.16000000   0.04999084   0.08389617
  6.18000000   0.04934056   0.08503980
  6.20000000   0.04869845   0.08619931
  6.22000000   0.04806443   0.08737492
  6.24000000   0.04743840   0.08856685
  6.26000000   0.04682026   0.08977534
  6.28000000   0.04620992   0.09100062
  6.30000000   0.04560728   0.09224292
  6.32000000   0.04501226   0.09350248
  6.34000000   0.04442477   0.09477955
  6.36000000   0.04384471   0.09607436
  6.38000000   0.04327200   0.09738718
  6.40000000   0.04270654   0.09871824
  6.42000000   0.04214826   0.10006781
  6.44000000   0.04159707   0.10143615
  6.46000000   0.04105287   0.10282352
  6.48000000   0.04051559   0.10423019
  6.50000000   0.03998515   0.10565642
  6.52000000   0.03946146   0.10710249
  6.54000000   0.03894444   0.10856869
  6.56000000   0.03843401   0.11005528
  6.58000000   0.03793009   0.11156256
  6.60000000   0.03743260   0.11309083
  6.62000000   0.03694146   0.11464036
  6.64000000   0.03645660   0.11621146
  6.66000000   0.03597794   0.11780444
  6.68000000   0.03550541   0.11941959
  6.70000000   0.03503892   0.12105723
  6.72000000   0.03457842   0.12271768
  6.74000000   0.03412381   0.12440125
  6.76000000   0.03367503   0.12610827
  6.78000000   0.03323202   0.12783907
  6.80000000   0.03279469   0.12959398
  6.82000000   0.03236299   0.13137333
  6.84000000   0.03193683   0.13317748
  6.86000000   0.03151616   0.13500676
  6.88000000   0.03110090   0.13686153
  6.90000000   0.03069098   0.13874215
  6.92000000   0.03028635   0.14064898
  6.94000000   0.02988694   0.14258238
  6.96000000   0.02949268   0.14454273
  6.98000000   0.02910350   0.14653041
  7.00000000   0.02871936   0.14854579
  7.02000000   0.02834017   0.15058927
  7.04000000   0.02796589   0.15266124
  7.06000000   0.02759644   0.15476210
  7.08000000   0.02723178   0.15689224
  7.10000000   0.02687184   0.15905209
  7.12000000   0.02651656   0.16124206
  7.14000000   0.02616588   0.16346257
  7.16000000   0.02581975   0.16571405
  7.18000000   0.02547811   0.16799692
  7.20000000   0.02514090   0.17031164
  7.22000000   0.02480808   0.17265864
  7.24000000   0.02447957   0.17503838
  7.26000000   0.02415533   0.17745131
  7.28000000   0.02383531   0.17989791
  7.30000000   0.02351945   0.18237864
  7.32000000   0.02320770   0.18489397
  7.34000000   0.02290001   0.18744440
  7.36000000   0.02259633   0.19003041
  7.38000000   0.02229660   0.19265251
  7.40000000   0.02200078   0.19531119
  7.42000000   0.02170882   0.19800697
  7.44000000   0.02142066   0.20074036
  7.46000000   0.02113627   0.20351190
  7.48000000   0.02085559   0.20632212
  7.50000000   0.02057858   0.20917156
  7.52000000   0.02030518   0.21206076
  7.54000000   0.02003536   0.21499028
  7.56000000   0.01976907   0.21796069
  7.58000000   0.01950626   0.22097256
  7.60000000   0.01924689   0.22402647
  7.62000000   0.01899091   0.22712300
  7.64000000   0.01873829   0.23026276
  7.66000000   0.01848898   0.23344634
  7.68000000   0.01824294   0.23667436
  7.70000000   0.01800012   0.23994745
  7.72000000   0.01776048   0.24326622
  7.74000000   0.01752399   0.24663132
  7.76000000   0.01729061   0.25004340
  7.78000000   0.01706028   0.25350311
  7.80000000   0.01683299   0.25701112
  7.82000000   0.01660868   0.26056810
  7.84000000   0.01638731   0.26417475
  7.86000000   0.01616886   0.26783175
  7.88000000   0.01595328   0.27153980
  7.90000000   0.01574054   0.27529963
  7.92000000   0.01553059   0.27911194
  7.94000000   0.01532341   0.28297749
  7.96000000   0.01511896   0.28689701
  7.98000000   0.01491720   0.29087125
  8.00000000   0.01471810   0.29490098
  8.02000000   0.01452162   0.29898698
  8.04000000   0.01432774   0.30313003
  8.06000000   0.01413641   0.30733093
  8.08000000   0.01394760   0.31159049
  8.10000000   0.01376129   0.31590952
  8.12000000   0.01357743   0.32028886
  8.14000000   0.01339600   0.32472935
  8.16000000   0.01321697   0.32923184
  8.18000000   0.01304031   0.33379721
  8.20000000   0.01286597   0.33842632
  8.22000000   0.01269395   0.34312007
  8.24000000   0.01252419   0.34787936
  8.26000000   0.01235668   0.35270511
  8.28000000   0.01219139   0.35759824
  8.30000000   0.01202829   0.36255970
  8.32000000   0.01186734   0.36759044
  8.34000000   0.01170852   0.37269143
  8.36000000   0.01155181   0.37786364
  8.38000000   0.01139718   0.38310808
  8.40000000   0.01124459   0.38842575
  8.42000000   0.01109402   0.39381768
  8.44000000   0.01094545   0.39928490
  8.46000000   0.01079885   0.40482845
  8.48000000   0.01065419   0.41044942
  8.50000000   0.01051146   0.41614888
  8.52000000   0.01037061   0.42192791
  8.54000000   0.01023164   0.42778765
  8.56000000   0.01009451   0.43372921
  8.58000000   0.00995920   0.43975373
  8.60000000   0.00982569   0.44586237
  8.62000000   0.00969395   0.45205631
  8.64000000   0.00956396   0.45833673
  8.66000000   0.00943570   0.46470485
  8.68000000   0.00930914   0.47116189
  8.70000000   0.00918427   0.47770908
  8.72000000   0.00906106   0.48434769
  8.74000000   0.00893948   0.49107900
  8.76000000   0.00881952   0.49790429
  8.78000000   0.00870116   0.50482487
  8.80000000   0.00858438   0.51184209
  8.82000000   0.00846914   0.51895728
  8.84000000   0.00835545   0.52617181
  8.86000000   0.00824326   0.53348707
  8.88000000   0.00813257   0.54090446
  8.90000000   0.00802336   0.54842542
  8.92000000   0.00791560   0.55605137
  8.94000000   0.00780928   0.56378380
  8.96000000   0.00770437   0.57162418
  8.98000000   0.00760086   0.57957402
  9.00000000   0.00749873   0.58763484
  9.02000000   0.00739797   0.59580820
  9.04000000   0.00729854   0.60409566
  9.06000000   0.00720045   0.61249882
  9.08000000   0.00710366   0.62101929
  9.10000000   0.00700817   0.62965870
  9.12000000   0.00691395   0.63841872
  9.14000000   0.00682098   0.64730102
  9.16000000   0.00672926   0.65630732
  9.18000000   0.00663877   0.66543933
  9.20000000   0.00654948   0.67469882
  9.22000000   0.00646138   0.68408756
  9.24000000   0.00637447   0.69360735
  9.26000000   0.00628871   0.70326003
  9.28000000   0.00620410   0.71304743
  9.30000000   0.00612062   0.72297146
  9.32000000   0.00603826   0.73303399
  9.34000000   0.00595699   0.74323698
  9.36000000   0.00587682   0.75358236
  9.38000000   0.00579772   0.76407214
  9.40000000   0.00571967   0.77470834
  9.42000000   0.00564267   0.78549298
  9.44000000   0.00556670   0.79642810
  9.46000000   0.00549175   0.80751580
  9.48000000   0.00541780   0.81875833
  9.50000000   0.00534484   0.83015790
  9.52000000   0.00527285   0.84171643
  9.54000000   0.00520184   0.85343570
  9.56000000   0.00513177   0.86531845
  9.58000000   0.00506264   0.87736856
  9.60000000   0.00499443   0.88958853
  9.62000000   0.00492714   0.90197568
  9.64000000   0.00486076   0.91452755
  9.66000000   0.00479526   0.92725805
  9.68000000   0.00473064   0.94019195
  9.70000000   0.00466688   0.95332109
  9.72000000   0.00460398   0.96657139
  9.74000000   0.00454193   0.97989780
  9.76000000   0.00448070   0.99350863
  9.78000000   0.00442030   1.00770407
  9.80000000   0.00436070   1.02218297
  9.82000000   0.00430191   1.03584505
  9.84000000   0.00424391   1.04830983
  9.86000000   0.00418668   1.06281511
  9.88000000   0.00413022   1.08325004
  9.90000000   0.00407452   1.10391808
  9.92000000   0.00401957   1.10936783
  9.94000000   0.00396535   1.09715741
  9.96000000   0.00391187   1.11463625
  9.98000000   0.00385910   1.21316755
 10.00000000   0.00380703   1.30363541
