In
3.000000 115.000000 3
1.285262 1.690927 1.760741 1.690927 
501 0.020000
  0.00000510   5.02141239  -0.62465356   2.71771800  -2.49823009
  0.02000000   5.02346101  -0.53911492  -0.78179759  -2.34587268
  0.04000000   5.02082514  -0.53935073  -0.79098208  -2.34881849
  0.06000000   5.01072206  -0.54075329  -0.80278167  -2.35343254
  0.08000000   4.99234952  -0.54345569  -0.81666213  -2.35964997
  0.10000000   4.96552356  -0.54746599  -0.83230974  -2.36737747
  0.12000000   4.93035053  -0.55273796  -0.84950924  -2.37650967
  0.14000000   4.88712177  -0.55919223  -0.86809945  -2.38693181
  0.16000000   4.83622788  -0.56673552  -0.88795325  -2.39852813
  0.18000000   4.77809451  -0.57527523  -0.90896702  -2.41118969
  0.20000000   4.71317400  -0.58471940  -0.93105370  -2.42481224
  0.22000000   4.64193752  -0.59497678  -0.95413821  -2.43929507
  0.24000000   4.56483520  -0.60596631  -0.97815522  -2.45454733
  0.26000000   4.48226297  -0.61762518  -1.00304754  -2.47049358
  0.28000000   4.39456087  -0.62990850  -1.02876463  -2.48707320
  0.30000000   4.30203352  -0.64278279  -1.05526085  -2.50423494
  0.32000000   4.20497665  -0.65621758  -1.08249390  -2.52193035
  0.34000000   4.10369853  -0.67017832  -1.11042359  -2.54010810
  0.36000000   3.99853135  -0.68462194  -1.13901083  -2.55871047
  0.38000000   3.88983154  -0.69949580  -1.16821707  -2.57767238
  0.40000000   3.77797048  -0.71473941  -1.19800403  -2.59692267
  0.42000000   3.66331883  -0.73028855  -1.22833370  -2.61638711
  0.44000000   3.54622835  -0.74608034  -1.25916844  -2.63599230
  0.46000000   3.42701607  -0.76205823  -1.29047123  -2.65566936
  0.48000000   3.30595517  -0.77817516  -1.32220569  -2.67535640
  0.50000000   3.18327605  -0.79439385  -1.35433604  -2.69499867
  0.52000000   3.05917780  -0.81068380  -1.38682668  -2.71454624
  0.54000000   2.93384624  -0.82701603  -1.41964166  -2.73395001
  0.56000000   2.80747131  -0.84335767  -1.45274406  -2.75315750
  0.58000000   2.68025744  -0.85966864  -1.48609555  -2.77211032
  0.60000000   2.55242374  -0.87590150  -1.51965625  -2.79074401
  0.62000000   2.42419638  -0.89200400  -1.55338484  -2.80899001
  0.64000000   2.29579749  -0.90792303  -1.58723873  -2.82677872
  0.66000000   2.16743491  -0.92360852  -1.62117443  -2.84404243
  0.68000000   2.03929526  -0.93901646  -1.65514768  -2.86071771
  0.70000000   1.91154069  -0.95411076  -1.68911368  -2.87674686
  0.72000000   1.78430881  -0.96886408  -1.72302706  -2.89207851
  0.74000000   1.65771497  -0.98325780  -1.75684196  -2.90666776
  0.76000000   1.53185569  -0.99728149  -1.79051194  -2.92047570
  0.78000000   1.40681285  -1.01093213  -1.82398995  -2.93346893
  0.80000000   1.28265780  -1.02421302  -1.85722820  -2.94561876
  0.82000000   1.15945545  -1.03713282  -1.89017816  -2.95690053
  0.84000000   1.03726780  -1.04970448  -1.92279042  -2.96729285
  0.86000000   0.91615711  -1.06194430  -1.95501465  -2.97677698
  0.88000000   0.79618842  -1.07387106  -1.98679954  -2.98533619
  0.90000000   0.67743167  -1.08550524  -2.01809276  -2.99295530
  0.92000000   0.55996325  -1.09686835  -2.04884089  -2.99962019
  0.94000000   0.44386707  -1.10798234  -2.07898945  -3.00531747
  0.96000000   0.32923523  -1.11886909  -2.10848284  -3.01003420
  0.98000000   0.21616831  -1.12955002  -2.13726437  -3.01375763
  1.00000000   0.10477528  -1.14004575  -2.16527627  -3.01647512
  1.02000000  -0.00482683  -1.15037581  -2.19245971  -3.01817398
  1.04000000  -0.11251360  -1.16055846  -2.21875483  -3.01884143
  1.06000000  -0.21815404  -1.17061047  -2.24410082  -3.01846461
  1.08000000  -0.32161165  -1.18054707  -2.26843597  -3.01703061
  1.10000000  -0.42274557  -1.19038180  -2.29169777  -3.01452648
  1.12000000  -0.52141195  -1.20012647  -2.31382299  -3.01093941
  1.14000000  -0.61746535  -1.20979114  -2.33474779  -3.00625675
  1.16000000  -0.71076021  -1.21938412  -2.35440787  -3.00046618
  1.18000000  -0.80115242  -1.22891191  -2.37273864  -2.99355588
  1.20000000  -0.88850083  -1.23837929  -2.38967533  -2.98551465
  1.22000000  -0.97266886  -1.24778928  -2.40515323  -2.97633207
  1.24000000  -1.05352602  -1.25714321  -2.41910789  -2.96599874
  1.26000000  -1.13094942  -1.26644075  -2.43147533  -2.95450639
  1.28000000  -1.20482523  -1.27567993  -2.44219234  -2.94184813
  1.30000000  -1.27505002  -1.28485722  -2.45119672  -2.92801861
  1.32000000  -1.34153211  -1.29396754  -2.45842763  -2.91301420
  1.34000000  -1.40419267  -1.30300434  -2.46382587  -2.89683323
  1.36000000  -1.46296683  -1.31195963  -2.46733430  -2.87947616
  1.38000000  -1.51780457  -1.32082406  -2.46889820  -2.86094576
  1.40000000  -1.56867152  -1.32958695  -2.46846570  -2.84124732
  1.42000000  -1.61554953  -1.33823640  -2.46598822  -2.82038885
  1.44000000  -1.65843713  -1.34675928  -2.46142095  -2.79838120
  1.46000000  -1.69734981  -1.35514139  -2.45472335  -2.77523830
  1.48000000  -1.73232008  -1.36336747  -2.44585971  -2.75097728
  1.50000000  -1.76339737  -1.37142130  -2.43479964  -2.72561864
  1.52000000  -1.79064777  -1.37928582  -2.42151872  -2.69918637
  1.54000000  -1.81415354  -1.38694315  -2.40599905  -2.67170808
  1.56000000  -1.83401247  -1.39437478  -2.38822986  -2.64321511
  1.58000000  -1.85033704  -1.40156159  -2.36820814  -2.61374259
  1.60000000  -1.86325349  -1.40848403  -2.34593926  -2.58332953
  1.62000000  -1.87290063  -1.41512218  -2.32143758  -2.55201880
  1.64000000  -1.87942862  -1.42145593  -2.29472703  -2.51985718
  1.66000000  -1.88299758  -1.42746507  -2.26584174  -2.48689531
  1.68000000  -1.88377612  -1.43312941  -2.23482655  -2.45318762
  1.70000000  -1.88193977  -1.43842896  -2.20173751  -2.41879224
  1.72000000  -1.87766938  -1.44334407  -2.16664233  -2.38377084
  1.74000000  -1.87114950  -1.44785551  -2.12962076  -2.34818850
  1.76000000  -1.86256673  -1.45194469  -2.09076486  -2.31211342
  1.78000000  -1.85210809  -1.45559375  -2.05017920  -2.27561671
  1.80000000  -1.83995947  -1.45878573  -2.00798091  -2.23877205
  1.82000000  -1.82630407  -1.46150471  -1.96429961  -2.20165540
  1.84000000  -1.81132102  -1.46373592  -1.91927724  -2.16434454
  1.86000000  -1.79518405  -1.46546590  -1.87306763  -2.12691870
  1.88000000  -1.77806025  -1.46668262  -1.82583601  -2.08945809
  1.90000000  -1.76010908  -1.46737557  -1.77775823  -2.05204340
  1.92000000  -1.74148142  -1.46753590  -1.72901990  -2.01475531
  1.94000000  -1.72231885  -1.46715652  -1.67981525  -1.97767393
  1.96000000  -1.70275301  -1.46623215  -1.63034586  -1.94087830
  1.98000000  -1.68290524  -1.46475943  -1.58081912  -1.90444575
  2.00000000  -1.66288629  -1.46273696  -1.53144663  -1.86845143
  2.02000000  -1.64279620  -1.46016537  -1.48244235  -1.83296773
  2.04000000  -1.62272439  -1.45704731  -1.43402059  -1.79806372
  2.06000000  -1.60274979  -1.45338752  -1.38639402  -1.76380468
  2.08000000  -1.58294118  -1.44919278  -1.33977140  -1.73025161
  2.10000000  -1.56335758  -1.44447193  -1.29435542  -1.69746078
  2.12000000  -1.54404879  -1.43923581  -1.25034045  -1.66548335
  2.14000000  -1.52505594  -1.43349725  -1.20791035  -1.63436501
  2.16000000  -1.50641214  -1.42727095  -1.16723634  -1.60414572
  2.18000000  -1.48814318  -1.42057344  -1.12847500  -1.57485948
  2.20000000  -1.47026819  -1.41342298  -1.09176644  -1.54653418
  2.22000000  -1.45280043  -1.40583944  -1.05723266  -1.51919149
  2.24000000  -1.43574791  -1.39784417  -1.02497619  -1.49284687
  2.26000000  -1.41911414  -1.38945987  -0.99507898  -1.46750965
  2.28000000  -1.40289879  -1.38071046  -0.96760160  -1.44318308
  2.30000000  -1.38709828  -1.37162090  -0.94258276  -1.41986457
  2.32000000  -1.37170638  -1.36221703  -0.92003920  -1.39754596
  2.34000000  -1.35671474  -1.35252540  -0.89996588  -1.37621375
  2.36000000  -1.34211336  -1.34257311  -0.88233652  -1.35584954
  2.38000000  -1.32789102  -1.33238758  -0.86710444  -1.33643039
  2.40000000  -1.31403564  -1.32199646  -0.85420374  -1.31792924
  2.42000000  -1.30053460  -1.31142733  -0.84355069  -1.30031545
  2.44000000  -1.28737502  -1.30070764  -0.83504539  -1.28355519
  2.46000000  -1.27454394  -1.28986448  -0.82857362  -1.26761202
  2.48000000  -1.26202854  -1.27892439  -0.82400878  -1.25244737
  2.50000000  -1.24981625  -1.26791326  -0.82121402  -1.23802102
  2.52000000  -1.23789488  -1.25685617  -0.82004440  -1.22429162
  2.54000000  -1.22625265  -1.24577722  -0.82034898  -1.21121715
  2.56000000  -1.21487830  -1.23469944  -0.82197303  -1.19875539
  2.58000000  -1.20376107  -1.22364466  -0.82476002  -1.18686429
  2.60000000  -1.19289073  -1.21263343  -0.82855366  -1.17550241
  2.62000000  -1.18225759  -1.20168496  -0.83319967  -1.16462927
  2.64000000  -1.17185248  -1.19081701  -0.83854750  -1.15420561
  2.66000000  -1.16166671  -1.18004586  -0.84445180  -1.14419370
  2.68000000  -1.15169211  -1.16938631  -0.85077378  -1.13455758
  2.70000000  -1.14192093  -1.15885163  -0.85738229  -1.12526320
  2.72000000  -1.13234585  -1.14845355  -0.86415479  -1.11627858
  2.74000000  -1.12295998  -1.13820234  -0.87097804  -1.10757395
  2.76000000  -1.11375676  -1.12810676  -0.87774868  -1.09912174
  2.78000000  -1.10473000  -1.11817414  -0.88437349  -1.09089668
  2.80000000  -1.09587383  -1.10841044  -0.89076971  -1.08287575
  2.82000000  -1.08718266  -1.09882029  -0.89686490  -1.07503817
  2.84000000  -1.07865119  -1.08940709  -0.90259694  -1.06736532
  2.86000000  -1.07027437  -1.08017305  -0.90791372  -1.05984068
  2.88000000  -1.06204738  -1.07111931  -0.91277272  -1.05244971
  2.90000000  -1.05396563  -1.06224601  -0.91714066  -1.04517974
  2.92000000  -1.04602475  -1.05355239  -0.92099288  -1.03801986
  2.94000000  -1.03822053  -1.04503691  -0.92431272  -1.03096074
  2.96000000  -1.03054896  -1.03669726  -0.92709097  -1.02399455
  2.98000000  -1.02300619  -1.02853057  -0.92932506  -1.01711475
  3.00000000  -1.01558856  -1.02053339  -0.93101846  -1.01031603
  3.02000000  -1.00829252  -1.01270185  -0.93217995  -1.00359408
  3.04000000  -1.00111468  -1.00503172  -0.93282288  -0.99694552
  3.06000000  -0.99405180  -0.99751849  -0.93296457  -0.99036776
  3.08000000  -0.98710075  -0.99015741  -0.93262558  -0.98385886
  3.10000000  -0.98025852  -0.98294364  -0.93182914  -0.97741744
  3.12000000  -0.97352222  -0.97587220  -0.93060051  -0.97104255
  3.14000000  -0.96688908  -0.96893812  -0.92896650  -0.96473363
  3.16000000  -0.96035641  -0.96213644  -0.92695492  -0.95849036
  3.18000000  -0.95392166  -0.95546224  -0.92459412  -0.95231265
  3.20000000  -0.94758232  -0.94891073  -0.92191264  -0.94620051
  3.22000000  -0.94133602  -0.94247722  -0.91893880  -0.94015408
  3.24000000  -0.93518045  -0.93615716  -0.91570042  -0.93417352
  3.26000000  -0.92911339  -0.92994621  -0.91222455  -0.92825897
  3.28000000  -0.92313270  -0.92384016  -0.90853725  -0.92241059
  3.30000000  -0.91723630  -0.91783501  -0.90466344  -0.91662846
  3.32000000  -0.91142221  -0.91192698  -0.90062671  -0.91091259
  3.34000000  -0.90568848  -0.90611244  -0.89644929  -0.90526293
  3.36000000  -0.90003327  -0.90038800  -0.89215193  -0.89967934
  3.38000000  -0.89445476  -0.89475043  -0.88775387  -0.89416158
  3.40000000  -0.88895122  -0.88919673  -0.88327287  -0.88870935
  3.42000000  -0.88352097  -0.88372403  -0.87872518  -0.88332223
  3.44000000  -0.87816237  -0.87832968  -0.87412558  -0.87799973
  3.46000000  -0.87287386  -0.87301117  -0.86948741  -0.87274131
  3.48000000  -0.86765390  -0.86776615  -0.86482270  -0.86754631
  3.50000000  -0.86250102  -0.86259242  -0.86014212  -0.86241405
  3.52000000  -0.85741379  -0.85748792  -0.85545517  -0.85734377
  3.54000000  -0.85239081  -0.85245070  -0.85077020  -0.85233468
  3.56000000  -0.84743076  -0.84747894  -0.84609450  -0.84738594
  3.58000000  -0.84253231  -0.84257093  -0.84143438  -0.84249668
  3.60000000  -0.83769422  -0.83772504  -0.83679530  -0.83766601
  3.62000000  -0.83291525  -0.83293975  -0.83218189  -0.83289301
  3.64000000  -0.82819421  -0.82821360  -0.82759807  -0.82817675
  3.66000000  -0.82352995  -0.82354524  -0.82304709  -0.82351630
  3.68000000  -0.81892134  -0.81893335  -0.81853167  -0.81891072
  3.70000000  -0.81436730  -0.81437669  -0.81405398  -0.81435907
  3.72000000  -0.80986677  -0.80987408  -0.80961576  -0.80986042
  3.74000000  -0.80541872  -0.80542439  -0.80521838  -0.80541384
  3.76000000  -0.80102215  -0.80102652  -0.80086284  -0.80101841
  3.78000000  -0.79667608  -0.79667944  -0.79654988  -0.79667324
  3.80000000  -0.79237958  -0.79238215  -0.79227998  -0.79237742
  3.82000000  -0.78813171  -0.78813367  -0.78805341  -0.78813008
  3.84000000  -0.78393159  -0.78393308  -0.78387027  -0.78393037
  3.86000000  -0.77977835  -0.77977947  -0.77973051  -0.77977743
  3.88000000  -0.77567113  -0.77567198  -0.77563395  -0.77567045
  3.90000000  -0.77160911  -0.77160975  -0.77158033  -0.77160861
  3.92000000  -0.76759149  -0.76759196  -0.76756930  -0.76759112
  3.94000000  -0.76361748  -0.76361783  -0.76360044  -0.76361721
  3.96000000  -0.75968632  -0.75968658  -0.75967328  -0.75968612
  3.98000000  -0.75579726  -0.75579745  -0.75578733  -0.75579711
  4.00000000  -0.75194958  -0.75194972  -0.75194204  -0.75194947
  4.02000000  -0.74814257  -0.74814267  -0.74813687  -0.74814249
  4.04000000  -0.74437554  -0.74437561  -0.74437125  -0.74437548
  4.06000000  -0.74064781  -0.74064786  -0.74064460  -0.74064777
  4.08000000  -0.73695874  -0.73695877  -0.73695634  -0.73695871
  4.10000000  -0.73330767  -0.73330770  -0.73330589  -0.73330765
  4.12000000  -0.72969398  -0.72969400  -0.72969266  -0.72969397
  4.14000000  -0.72611707  -0.72611708  -0.72611610  -0.72611706
  4.16000000  -0.72257633  -0.72257634  -0.72257562  -0.72257633
  4.18000000  -0.71907119  -0.71907119  -0.71907067  -0.71907118
  4.20000000  -0.71560107  -0.71560107  -0.71560069  -0.71560106
  4.22000000  -0.71216541  -0.71216541  -0.71216513  -0.71216541
  4.24000000  -0.70876368  -0.70876368  -0.70876348  -0.70876368
  4.26000000  -0.70539534  -0.70539534  -0.70539519  -0.70539534
  4.28000000  -0.70205987  -0.70205987  -0.70205977  -0.70205987
  4.30000000  -0.69875677  -0.69875677  -0.69875669  -0.69875677
  4.32000000  -0.69548553  -0.69548553  -0.69548548  -0.69548553
  4.34000000  -0.69224568  -0.69224568  -0.69224565  -0.69224568
  4.36000000  -0.68903674  -0.68903674  -0.68903671  -0.68903674
  4.38000000  -0.68585824  -0.68585824  -0.68585822  -0.68585824
  4.40000000  -0.68270973  -0.68270973  -0.68270972  -0.68270973
  4.42000000  -0.67959076  -0.67959076  -0.67959076  -0.67959076
  4.44000000  -0.67650090  -0.67650090  -0.67650090  -0.67650090
  4.46000000  -0.67343972  -0.67343972  -0.67343972  -0.67343972
  4.48000000  -0.67040680  -0.67040680  -0.67040680  -0.67040680
  4.50000000  -0.66740174  -0.66740174  -0.66740174  -0.66740174
  4.52000000  -0.66442412  -0.66442412  -0.66442412  -0.66442412
  4.54000000  -0.66147357  -0.66147357  -0.66147357  -0.66147357
  4.56000000  -0.65854970  -0.65854970  -0.65854970  -0.65854970
  4.58000000  -0.65565213  -0.65565213  -0.65565213  -0.65565213
  4.60000000  -0.65278048  -0.65278048  -0.65278048  -0.65278048
  4.62000000  -0.64993440  -0.64993440  -0.64993440  -0.64993440
  4.64000000  -0.64711354  -0.64711354  -0.64711354  -0.64711354
  4.66000000  -0.64431754  -0.64431754  -0.64431754  -0.64431754
  4.68000000  -0.64154607  -0.64154607  -0.64154607  -0.64154607
  4.70000000  -0.63879879  -0.63879879  -0.63879879  -0.63879879
  4.72000000  -0.63607536  -0.63607536  -0.63607536  -0.63607536
  4.74000000  -0.63337548  -0.63337548  -0.63337548  -0.63337548
  4.76000000  -0.63069882  -0.63069882  -0.63069882  -0.63069882
  4.78000000  -0.62804508  -0.62804508  -0.62804508  -0.62804508
  4.80000000  -0.62541395  -0.62541395  -0.62541395  -0.62541395
  4.82000000  -0.62280513  -0.62280513  -0.62280513  -0.62280513
  4.84000000  -0.62021832  -0.62021832  -0.62021832  -0.62021832
  4.86000000  -0.61765325  -0.61765325  -0.61765325  -0.61765325
  4.88000000  -0.61510963  -0.61510963  -0.61510963  -0.61510963
  4.90000000  -0.61258719  -0.61258719  -0.61258719  -0.61258719
  4.92000000  -0.61008564  -0.61008564  -0.61008564  -0.61008564
  4.94000000  -0.60760473  -0.60760473  -0.60760473  -0.60760473
  4.96000000  -0.60514419  -0.60514419  -0.60514419  -0.60514419
  4.98000000  -0.60270376  -0.60270376  -0.60270376  -0.60270376
  5.00000000  -0.60028320  -0.60028320  -0.60028320  -0.60028320
  5.02000000  -0.59788224  -0.59788224  -0.59788224  -0.59788224
  5.04000000  -0.59550065  -0.59550065  -0.59550065  -0.59550065
  5.06000000  -0.59313819  -0.59313819  -0.59313819  -0.59313819
  5.08000000  -0.59079463  -0.59079463  -0.59079463  -0.59079463
  5.10000000  -0.58846972  -0.58846972  -0.58846972  -0.58846972
  5.12000000  -0.58616324  -0.58616324  -0.58616324  -0.58616324
  5.14000000  -0.58387497  -0.58387497  -0.58387497  -0.58387497
  5.16000000  -0.58160468  -0.58160468  -0.58160468  -0.58160468
  5.18000000  -0.57935217  -0.57935217  -0.57935217  -0.57935217
  5.20000000  -0.57711721  -0.57711721  -0.57711721  -0.57711721
  5.22000000  -0.57489961  -0.57489961  -0.57489961  -0.57489961
  5.24000000  -0.57269914  -0.57269914  -0.57269914  -0.57269914
  5.26000000  -0.57051561  -0.57051561  -0.57051561  -0.57051561
  5.28000000  -0.56834882  -0.56834882  -0.56834882  -0.56834882
  5.30000000  -0.56619858  -0.56619858  -0.56619858  -0.56619858
  5.32000000  -0.56406468  -0.56406468  -0.56406468  -0.56406468
  5.34000000  -0.56194695  -0.56194695  -0.56194695  -0.56194695
  5.36000000  -0.55984519  -0.55984519  -0.55984519  -0.55984519
  5.38000000  -0.55775922  -0.55775922  -0.55775922  -0.55775922
  5.40000000  -0.55568886  -0.55568886  -0.55568886  -0.55568886
  5.42000000  -0.55363393  -0.55363393  -0.55363393  -0.55363393
  5.44000000  -0.55159426  -0.55159426  -0.55159426  -0.55159426
  5.46000000  -0.54956967  -0.54956967  -0.54956967  -0.54956967
  5.48000000  -0.54756000  -0.54756000  -0.54756000  -0.54756000
  5.50000000  -0.54556507  -0.54556507  -0.54556507  -0.54556507
  5.52000000  -0.54358472  -0.54358472  -0.54358472  -0.54358472
  5.54000000  -0.54161879  -0.54161879  -0.54161879  -0.54161879
  5.56000000  -0.53966712  -0.53966712  -0.53966712  -0.53966712
  5.58000000  -0.53772956  -0.53772956  -0.53772956  -0.53772956
  5.60000000  -0.53580594  -0.53580594  -0.53580594  -0.53580594
  5.62000000  -0.53389612  -0.53389612  -0.53389612  -0.53389612
  5.64000000  -0.53199995  -0.53199995  -0.53199995  -0.53199995
  5.66000000  -0.53011727  -0.53011727  -0.53011727  -0.53011727
  5.68000000  -0.52824795  -0.52824795  -0.52824795  -0.52824795
  5.70000000  -0.52639183  -0.52639183  -0.52639183  -0.52639183
  5.72000000  -0.52454878  -0.52454878  -0.52454878  -0.52454878
  5.74000000  -0.52271865  -0.52271865  -0.52271865  -0.52271865
  5.76000000  -0.52090132  -0.52090132  -0.52090132  -0.52090132
  5.78000000  -0.51909663  -0.51909663  -0.51909663  -0.51909663
  5.80000000  -0.51730447  -0.51730447  -0.51730447  -0.51730447
  5.82000000  -0.51552470  -0.51552470  -0.51552470  -0.51552470
  5.84000000  -0.51375719  -0.51375719  -0.51375719  -0.51375719
  5.86000000  -0.51200181  -0.51200181  -0.51200181  -0.51200181
  5.88000000  -0.51025844  -0.51025844  -0.51025844  -0.51025844
  5.90000000  -0.50852694  -0.50852694  -0.50852694  -0.50852694
  5.92000000  -0.50680721  -0.50680721  -0.50680721  -0.50680721
  5.94000000  -0.50509911  -0.50509911  -0.50509911  -0.50509911
  5.96000000  -0.50340254  -0.50340254  -0.50340254  -0.50340254
  5.98000000  -0.50171736  -0.50171736  -0.50171736  -0.50171736
  6.00000000  -0.50004347  -0.50004347  -0.50004347  -0.50004347
  6.02000000  -0.49838076  -0.49838076  -0.49838076  -0.49838076
  6.04000000  -0.49672910  -0.49672910  -0.49672910  -0.49672910
  6.06000000  -0.49508839  -0.49508839  -0.49508839  -0.49508839
  6.08000000  -0.49345852  -0.49345852  -0.49345852  -0.49345852
  6.10000000  -0.49183938  -0.49183938  -0.49183938  -0.49183938
  6.12000000  -0.49023086  -0.49023086  -0.49023086  -0.49023086
  6.14000000  -0.48863286  -0.48863286  -0.48863286  -0.48863286
  6.16000000  -0.48704528  -0.48704528  -0.48704528  -0.48704528
  6.18000000  -0.48546801  -0.48546801  -0.48546801  -0.48546801
  6.20000000  -0.48390095  -0.48390095  -0.48390095  -0.48390095
  6.22000000  -0.48234400  -0.48234400  -0.48234400  -0.48234400
  6.24000000  -0.48079706  -0.48079706  -0.48079706  -0.48079706
  6.26000000  -0.47926005  -0.47926005  -0.47926005  -0.47926005
  6.28000000  -0.47773285  -0.47773285  -0.47773285  -0.47773285
  6.30000000  -0.47621538  -0.47621538  -0.47621538  -0.47621538
  6.32000000  -0.47470754  -0.47470754  -0.47470754  -0.47470754
  6.34000000  -0.47320924  -0.47320924  -0.47320924  -0.47320924
  6.36000000  -0.47172039  -0.47172039  -0.47172039  -0.47172039
  6.38000000  -0.47024090  -0.47024090  -0.47024090  -0.47024090
  6.40000000  -0.46877069  -0.46877069  -0.46877069  -0.46877069
  6.42000000  -0.46730965  -0.46730965  -0.46730965  -0.46730965
  6.44000000  -0.46585772  -0.46585772  -0.46585772  -0.46585772
  6.46000000  -0.46441480  -0.46441480  -0.46441480  -0.46441480
  6.48000000  -0.46298080  -0.46298080  -0.46298080  -0.46298080
  6.50000000  -0.46155565  -0.46155565  -0.46155565  -0.46155565
  6.52000000  -0.46013926  -0.46013926  -0.46013926  -0.46013926
  6.54000000  -0.45873156  -0.45873156  -0.45873156  -0.45873156
  6.56000000  -0.45733246  -0.45733246  -0.45733246  -0.45733246
  6.58000000  -0.45594187  -0.45594187  -0.45594187  -0.45594187
  6.60000000  -0.45455974  -0.45455974  -0.45455974  -0.45455974
  6.62000000  -0.45318597  -0.45318597  -0.45318597  -0.45318597
  6.64000000  -0.45182049  -0.45182049  -0.45182049  -0.45182049
  6.66000000  -0.45046323  -0.45046323  -0.45046323  -0.45046323
  6.68000000  -0.44911412  -0.44911412  -0.44911412  -0.44911412
  6.70000000  -0.44777307  -0.44777307  -0.44777307  -0.44777307
  6.72000000  -0.44644001  -0.44644001  -0.44644001  -0.44644001
  6.74000000  -0.44511488  -0.44511488  -0.44511488  -0.44511488
  6.76000000  -0.44379761  -0.44379761  -0.44379761  -0.44379761
  6.78000000  -0.44248812  -0.44248812  -0.44248812  -0.44248812
  6.80000000  -0.44118634  -0.44118634  -0.44118634  -0.44118634
  6.82000000  -0.43989221  -0.43989221  -0.43989221  -0.43989221
  6.84000000  -0.43860566  -0.43860566  -0.43860566  -0.43860566
  6.86000000  -0.43732662  -0.43732662  -0.43732662  -0.43732662
  6.88000000  -0.43605502  -0.43605502  -0.43605502  -0.43605502
  6.90000000  -0.43479081  -0.43479081  -0.43479081  -0.43479081
  6.92000000  -0.43353392  -0.43353392  -0.43353392  -0.43353392
  6.94000000  -0.43228428  -0.43228428  -0.43228428  -0.43228428
  6.96000000  -0.43104183  -0.43104183  -0.43104183  -0.43104183
  6.98000000  -0.42980651  -0.42980651  -0.42980651  -0.42980651
  7.00000000  -0.42857825  -0.42857825  -0.42857825  -0.42857825
  7.02000000  -0.42735700  -0.42735700  -0.42735700  -0.42735700
  7.04000000  -0.42614270  -0.42614270  -0.42614270  -0.42614270
  7.06000000  -0.42493529  -0.42493529  -0.42493529  -0.42493529
  7.08000000  -0.42373470  -0.42373470  -0.42373470  -0.42373470
  7.10000000  -0.42254088  -0.42254088  -0.42254088  -0.42254088
  7.12000000  -0.42135378  -0.42135378  -0.42135378  -0.42135378
  7.14000000  -0.42017334  -0.42017334  -0.42017334  -0.42017334
  7.16000000  -0.41899949  -0.41899949  -0.41899949  -0.41899949
  7.18000000  -0.41783219  -0.41783219  -0.41783219  -0.41783219
  7.20000000  -0.41667138  -0.41667138  -0.41667138  -0.41667138
  7.22000000  -0.41551701  -0.41551701  -0.41551701  -0.41551701
  7.24000000  -0.41436902  -0.41436902  -0.41436902  -0.41436902
  7.26000000  -0.41322736  -0.41322736  -0.41322736  -0.41322736
  7.28000000  -0.41209198  -0.41209198  -0.41209198  -0.41209198
  7.30000000  -0.41096283  -0.41096283  -0.41096283  -0.41096283
  7.32000000  -0.40983985  -0.40983985  -0.40983985  -0.40983985
  7.34000000  -0.40872299  -0.40872299  -0.40872299  -0.40872299
  7.36000000  -0.40761221  -0.40761221  -0.40761221  -0.40761221
  7.38000000  -0.40650745  -0.40650745  -0.40650745  -0.40650745
  7.40000000  -0.40540867  -0.40540867  -0.40540867  -0.40540867
  7.42000000  -0.40431581  -0.40431581  -0.40431581  -0.40431581
  7.44000000  -0.40322884  -0.40322884  -0.40322884  -0.40322884
  7.46000000  -0.40214769  -0.40214769  -0.40214769  -0.40214769
  7.48000000  -0.40107234  -0.40107234  -0.40107234  -0.40107234
  7.50000000  -0.40000271  -0.40000271  -0.40000271  -0.40000271
  7.52000000  -0.39893879  -0.39893879  -0.39893879  -0.39893879
  7.54000000  -0.39788051  -0.39788051  -0.39788051  -0.39788051
  7.56000000  -0.39682783  -0.39682783  -0.39682783  -0.39682783
  7.58000000  -0.39578071  -0.39578071  -0.39578071  -0.39578071
  7.60000000  -0.39473910  -0.39473910  -0.39473910  -0.39473910
  7.62000000  -0.39370296  -0.39370296  -0.39370296  -0.39370296
  7.64000000  -0.39267226  -0.39267226  -0.39267226  -0.39267226
  7.66000000  -0.39164693  -0.39164693  -0.39164693  -0.39164693
  7.68000000  -0.39062695  -0.39062695  -0.39062695  -0.39062695
  7.70000000  -0.38961227  -0.38961227  -0.38961227  -0.38961227
  7.72000000  -0.38860285  -0.38860285  -0.38860285  -0.38860285
  7.74000000  -0.38759865  -0.38759865  -0.38759865  -0.38759865
  7.76000000  -0.38659962  -0.38659962  -0.38659962  -0.38659962
  7.78000000  -0.38560574  -0.38560574  -0.38560574  -0.38560574
  7.80000000  -0.38461695  -0.38461695  -0.38461695  -0.38461695
  7.82000000  -0.38363322  -0.38363322  -0.38363322  -0.38363322
  7.84000000  -0.38265451  -0.38265451  -0.38265451  -0.38265451
  7.86000000  -0.38168079  -0.38168079  -0.38168079  -0.38168079
  7.88000000  -0.38071201  -0.38071201  -0.38071201  -0.38071201
  7.90000000  -0.37974814  -0.37974814  -0.37974814  -0.37974814
  7.92000000  -0.37878913  -0.37878913  -0.37878913  -0.37878913
  7.94000000  -0.37783496  -0.37783496  -0.37783496  -0.37783496
  7.96000000  -0.37688559  -0.37688559  -0.37688559  -0.37688559
  7.98000000  -0.37594097  -0.37594097  -0.37594097  -0.37594097
  8.00000000  -0.37500108  -0.37500108  -0.37500108  -0.37500108
  8.02000000  -0.37406588  -0.37406588  -0.37406588  -0.37406588
  8.04000000  -0.37313533  -0.37313533  -0.37313533  -0.37313533
  8.06000000  -0.37220941  -0.37220941  -0.37220941  -0.37220941
  8.08000000  -0.37128806  -0.37128806  -0.37128806  -0.37128806
  8.10000000  -0.37037127  -0.37037127  -0.37037127  -0.37037127
  8.12000000  -0.36945900  -0.36945900  -0.36945900  -0.36945900
  8.14000000  -0.36855121  -0.36855121  -0.36855121  -0.36855121
  8.16000000  -0.36764787  -0.36764787  -0.36764787  -0.36764787
  8.18000000  -0.36674894  -0.36674894  -0.36674894  -0.36674894
  8.20000000  -0.36585441  -0.36585441  -0.36585441  -0.36585441
  8.22000000  -0.36496423  -0.36496423  -0.36496423  -0.36496423
  8.24000000  -0.36407837  -0.36407837  -0.36407837  -0.36407837
  8.26000000  -0.36319680  -0.36319680  -0.36319680  -0.36319680
  8.28000000  -0.36231949  -0.36231949  -0.36231949  -0.36231949
  8.30000000  -0.36144641  -0.36144641  -0.36144641  -0.36144641
  8.32000000  -0.36057752  -0.36057752  -0.36057752  -0.36057752
  8.34000000  -0.35971281  -0.35971281  -0.35971281  -0.35971281
  8.36000000  -0.35885223  -0.35885223  -0.35885223  -0.35885223
  8.38000000  -0.35799577  -0.35799577  -0.35799577  -0.35799577
  8.40000000  -0.35714338  -0.35714338  -0.35714338  -0.35714338
  8.42000000  -0.35629504  -0.35629504  -0.35629504  -0.35629504
  8.44000000  -0.35545072  -0.35545072  -0.35545072  -0.35545072
  8.46000000  -0.35461039  -0.35461039  -0.35461039  -0.35461039
  8.48000000  -0.35377403  -0.35377403  -0.35377403  -0.35377403
  8.50000000  -0.35294161  -0.35294161  -0.35294161  -0.35294161
  8.52000000  -0.35211309  -0.35211309  -0.35211309  -0.35211309
  8.54000000  -0.35128846  -0.35128846  -0.35128846  -0.35128846
  8.56000000  -0.35046768  -0.35046768  -0.35046768  -0.35046768
  8.58000000  -0.34965072  -0.34965072  -0.34965072  -0.34965072
  8.60000000  -0.34883757  -0.34883757  -0.34883757  -0.34883757
  8.62000000  -0.34802819  -0.34802819  -0.34802819  -0.34802819
  8.64000000  -0.34722256  -0.34722256  -0.34722256  -0.34722256
  8.66000000  -0.34642065  -0.34642065  -0.34642065  -0.34642065
  8.68000000  -0.34562243  -0.34562243  -0.34562243  -0.34562243
  8.70000000  -0.34482789  -0.34482789  -0.34482789  -0.34482789
  8.72000000  -0.34403699  -0.34403699  -0.34403699  -0.34403699
  8.74000000  -0.34324971  -0.34324971  -0.34324971  -0.34324971
  8.76000000  -0.34246602  -0.34246602  -0.34246602  -0.34246602
  8.78000000  -0.34168591  -0.34168591  -0.34168591  -0.34168591
  8.80000000  -0.34090934  -0.34090934  -0.34090934  -0.34090934
  8.82000000  -0.34013630  -0.34013630  -0.34013630  -0.34013630
  8.84000000  -0.33936675  -0.33936675  -0.33936675  -0.33936675
  8.86000000  -0.33860068  -0.33860068  -0.33860068  -0.33860068
  8.88000000  -0.33783805  -0.33783805  -0.33783805  -0.33783805
  8.90000000  -0.33707886  -0.33707886  -0.33707886  -0.33707886
  8.92000000  -0.33632307  -0.33632307  -0.33632307  -0.33632307
  8.94000000  -0.33557066  -0.33557066  -0.33557066  -0.33557066
  8.96000000  -0.33482162  -0.33482162  -0.33482162  -0.33482162
  8.98000000  -0.33407590  -0.33407590  -0.33407590  -0.33407590
  9.00000000  -0.33333351  -0.33333351  -0.33333351  -0.33333351
  9.02000000  -0.33259440  -0.33259440  -0.33259440  -0.33259440
  9.04000000  -0.33185857  -0.33185857  -0.33185857  -0.33185857
  9.06000000  -0.33112598  -0.33112598  -0.33112598  -0.33112598
  9.08000000  -0.33039663  -0.33039663  -0.33039663  -0.33039663
  9.10000000  -0.32967047  -0.32967047  -0.32967047  -0.32967047
  9.12000000  -0.32894751  -0.32894751  -0.32894751  -0.32894751
  9.14000000  -0.32822771  -0.32822771  -0.32822771  -0.32822771
  9.16000000  -0.32751105  -0.32751105  -0.32751105  -0.32751105
  9.18000000  -0.32679751  -0.32679751  -0.32679751  -0.32679751
  9.20000000  -0.32608708  -0.32608708  -0.32608708  -0.32608708
  9.22000000  -0.32537973  -0.32537973  -0.32537973  -0.32537973
  9.24000000  -0.32467544  -0.32467544  -0.32467544  -0.32467544
  9.26000000  -0.32397419  -0.32397419  -0.32397419  -0.32397419
  9.28000000  -0.32327597  -0.32327597  -0.32327597  -0.32327597
  9.30000000  -0.32258075  -0.32258075  -0.32258075  -0.32258075
  9.32000000  -0.32188851  -0.32188851  -0.32188851  -0.32188851
  9.34000000  -0.32119924  -0.32119924  -0.32119924  -0.32119924
  9.36000000  -0.32051291  -0.32051291  -0.32051291  -0.32051291
  9.38000000  -0.31982951  -0.31982951  -0.31982951  -0.31982951
  9.40000000  -0.31914902  -0.31914902  -0.31914902  -0.31914902
  9.42000000  -0.31847142  -0.31847142  -0.31847142  -0.31847142
  9.44000000  -0.31779669  -0.31779669  -0.31779669  -0.31779669
  9.46000000  -0.31712481  -0.31712481  -0.31712481  -0.31712481
  9.48000000  -0.31645577  -0.31645577  -0.31645577  -0.31645577
  9.50000000  -0.31578954  -0.31578954  -0.31578954  -0.31578954
  9.52000000  -0.31512612  -0.31512612  -0.31512612  -0.31512612
  9.54000000  -0.31446547  -0.31446547  -0.31446547  -0.31446547
  9.56000000  -0.31380759  -0.31380759  -0.31380759  -0.31380759
  9.58000000  -0.31315246  -0.31315246  -0.31315246  -0.31315246
  9.60000000  -0.31250006  -0.31250006  -0.31250006  -0.31250006
  9.62000000  -0.31185037  -0.31185037  -0.31185037  -0.31185037
  9.64000000  -0.31120337  -0.31120337  -0.31120337  -0.31120337
  9.66000000  -0.31055906  -0.31055906  -0.31055906  -0.31055906
  9.68000000  -0.30991741  -0.30991741  -0.30991741  -0.30991741
  9.70000000  -0.30927840  -0.30927840  -0.30927840  -0.30927840
  9.72000000  -0.30864202  -0.30864202  -0.30864202  -0.30864202
  9.74000000  -0.30800826  -0.30800826  -0.30800826  -0.30800826
  9.76000000  -0.30737709  -0.30737709  -0.30737709  -0.30737709
  9.78000000  -0.30674851  -0.30674851  -0.30674851  -0.30674851
  9.80000000  -0.30612249  -0.30612249  -0.30612249  -0.30612249
  9.82000000  -0.30549902  -0.30549902  -0.30549902  -0.30549902
  9.84000000  -0.30487809  -0.30487809  -0.30487809  -0.30487809
  9.86000000  -0.30425967  -0.30425967  -0.30425967  -0.30425967
  9.88000000  -0.30364376  -0.30364376  -0.30364376  -0.30364376
  9.90000000  -0.30303034  -0.30303034  -0.30303034  -0.30303034
  9.92000000  -0.30241939  -0.30241939  -0.30241939  -0.30241939
  9.94000000  -0.30181090  -0.30181090  -0.30181090  -0.30181090
  9.96000000  -0.30120485  -0.30120485  -0.30120485  -0.30120485
  9.98000000  -0.30060123  -0.30060123  -0.30060123  -0.30060123
 10.00000000  -0.30000003  -0.30000003  -0.30000003  -0.30000003
  0.00000510   0.00000036   0.00000000   0.00000000   0.00000000
  0.02000000   0.00142599   0.00005149   0.00000003   0.00000000
  0.04000000   0.00285931   0.00020599   0.00000021   0.00000000
  0.06000000   0.00430728   0.00046359   0.00000072   0.00000001
  0.08000000   0.00577731   0.00082445   0.00000170   0.00000002
  0.10000000   0.00727682   0.00128879   0.00000333   0.00000004
  0.12000000   0.00881332   0.00185688   0.00000575   0.00000009
  0.14000000   0.01039434   0.00252906   0.00000914   0.00000017
  0.16000000   0.01202753   0.00330570   0.00001365   0.00000028
  0.18000000   0.01372055   0.00418725   0.00001943   0.00000045
  0.20000000   0.01548120   0.00517418   0.00002667   0.00000069
  0.22000000   0.01731731   0.00626701   0.00003550   0.00000101
  0.24000000   0.01923684   0.00746629   0.00004611   0.00000143
  0.26000000   0.02124781   0.00877260   0.00005864   0.00000196
  0.28000000   0.02335833   0.01018655   0.00007326   0.00000264
  0.30000000   0.02557664   0.01170876   0.00009013   0.00000347
  0.32000000   0.02791101   0.01333988   0.00010942   0.00000448
  0.34000000   0.03036983   0.01508054   0.00013127   0.00000570
  0.36000000   0.03296153   0.01693139   0.00015585   0.00000715
  0.38000000   0.03569463   0.01889306   0.00018332   0.00000885
  0.40000000   0.03857765   0.02096618   0.00021384   0.00001084
  0.42000000   0.04161918   0.02315135   0.00024755   0.00001315
  0.44000000   0.04482780   0.02544915   0.00028461   0.00001579
  0.46000000   0.04821208   0.02786012   0.00032518   0.00001881
  0.48000000   0.05178058   0.03038476   0.00036939   0.00002223
  0.50000000   0.05554179   0.03302354   0.00041739   0.00002609
  0.52000000   0.05950411   0.03577688   0.00046933   0.00003042
  0.54000000   0.06367583   0.03864511   0.00052533   0.00003524
  0.56000000   0.06806507   0.04162855   0.00058553   0.00004060
  0.58000000   0.07267976   0.04472741   0.00065006   0.00004653
  0.60000000   0.07752759   0.04794185   0.00071904   0.00005307
  0.62000000   0.08261597   0.05127194   0.00079257   0.00006024
  0.64000000   0.08795197   0.05471767   0.00087077   0.00006808
  0.66000000   0.09354228   0.05827897   0.00095373   0.00007662
  0.68000000   0.09939320   0.06195565   0.00104156   0.00008590
  0.70000000   0.10551054   0.06574745   0.00113432   0.00009595
  0.72000000   0.11189959   0.06965402   0.00123211   0.00010681
  0.74000000   0.11856507   0.07367491   0.00133497   0.00011850
  0.76000000   0.12551105   0.07780957   0.00144297   0.00013105
  0.78000000   0.13274096   0.08205738   0.00155615   0.00014451
  0.80000000   0.14025742   0.08641759   0.00167454   0.00015888
  0.82000000   0.14806230   0.09088938   0.00179816   0.00017422
  0.84000000   0.15615655   0.09547181   0.00192702   0.00019053
  0.86000000   0.16454023   0.10016383   0.00206111   0.00020785
  0.88000000   0.17321239   0.10496431   0.00220043   0.00022620
  0.90000000   0.18217103   0.10987199   0.00234492   0.00024560
  0.92000000   0.19141304   0.11488550   0.00249456   0.00026608
  0.94000000   0.20093419   0.12000336   0.00264928   0.00028765
  0.96000000   0.21072900   0.12522397   0.00280901   0.00031034
  0.98000000   0.22079079   0.13054561   0.00297365   0.00033415
  1.00000000   0.23111157   0.13596643   0.00314311   0.00035910
  1.02000000   0.24168209   0.14148448   0.00331726   0.00038521
  1.04000000   0.25249174   0.14709763   0.00349598   0.00041248
  1.06000000   0.26352862   0.15280366   0.00367912   0.00044092
  1.08000000   0.27477949   0.15860020   0.00386652   0.00047054
  1.10000000   0.28622983   0.16448474   0.00405800   0.00050135
  1.12000000   0.29786381   0.17045462   0.00425338   0.00053334
  1.14000000   0.30966440   0.17650705   0.00445245   0.00056652
  1.16000000   0.32161336   0.18263909   0.00465500   0.00060088
  1.18000000   0.33369136   0.18884763   0.00486081   0.00063643
  1.20000000   0.34587801   0.19512946   0.00506965   0.00067315
  1.22000000   0.35815197   0.20148117   0.00528126   0.00071104
  1.24000000   0.37049107   0.20789922   0.00549540   0.00075009
  1.26000000   0.38287240   0.21437992   0.00571180   0.00079030
  1.28000000   0.39527245   0.22091944   0.00593021   0.00083164
  1.30000000   0.40766720   0.22751378   0.00615034   0.00087412
  1.32000000   0.42003234   0.23415880   0.00637193   0.00091770
  1.34000000   0.43234333   0.24085021   0.00659469   0.00096239
  1.36000000   0.44457561   0.24758360   0.00681836   0.00100816
  1.38000000   0.45670472   0.25435439   0.00704266   0.00105501
  1.40000000   0.46870647   0.26115788   0.00726730   0.00110290
  1.42000000   0.48055709   0.26798926   0.00749204   0.00115183
  1.44000000   0.49223336   0.27484356   0.00771661   0.00120177
  1.46000000   0.50371279   0.28171571   0.00794074   0.00125272
  1.48000000   0.51497371   0.28860054   0.00816422   0.00130465
  1.50000000   0.52599544   0.29549277   0.00838680   0.00135754
  1.52000000   0.53675840   0.30238702   0.00860826   0.00141139
  1.54000000   0.54724417   0.30927784   0.00882842   0.00146618
  1.56000000   0.55743567   0.31615969   0.00904707   0.00152189
  1.58000000   0.56731714   0.32302699   0.00926407   0.00157851
  1.60000000   0.57687430   0.32987410   0.00947927   0.00163604
  1.62000000   0.58609432   0.33669533   0.00969254   0.00169445
  1.64000000   0.59496589   0.34348499   0.00990378   0.00175374
  1.66000000   0.60347926   0.35023736   0.01011292   0.00181391
  1.68000000   0.61162620   0.35694674   0.01031991   0.00187496
  1.70000000   0.61940000   0.36360744   0.01052473   0.00193688
  1.72000000   0.62679548   0.37021379   0.01072738   0.00199966
  1.74000000   0.63380890   0.37676019   0.01092789   0.00206333
  1.76000000   0.64043794   0.38324109   0.01112631   0.00212788
  1.78000000   0.64668165   0.38965104   0.01132274   0.00219331
  1.80000000   0.65254035   0.39598466   0.01151729   0.00225965
  1.82000000   0.65801558   0.40223670   0.01171009   0.00232690
  1.84000000   0.66310998   0.40840202   0.01190131   0.00239508
  1.86000000   0.66782728   0.41447565   0.01209115   0.00246421
  1.88000000   0.67217210   0.42045275   0.01227983   0.00253431
  1.90000000   0.67614994   0.42632867   0.01246758   0.00260541
  1.92000000   0.67976708   0.43209893   0.01265467   0.00267753
  1.94000000   0.68303044   0.43775927   0.01284139   0.00275071
  1.96000000   0.68594753   0.44330562   0.01302805   0.00282496
  1.98000000   0.68852635   0.44873416   0.01321495   0.00290034
  2.00000000   0.69077532   0.45404127   0.01340245   0.00297687
  2.02000000   0.69270318   0.45922361   0.01359089   0.00305459
  2.04000000   0.69431893   0.46427806   0.01378063   0.00313354
  2.06000000   0.69563175   0.46920178   0.01397204   0.00321377
  2.08000000   0.69665097   0.47399220   0.01416550   0.00329532
  2.10000000   0.69738597   0.47864700   0.01436139   0.00337823
  2.12000000   0.69784616   0.48316414   0.01456008   0.00346255
  2.14000000   0.69804092   0.48754187   0.01476195   0.00354832
  2.16000000   0.69797958   0.49177871   0.01496737   0.00363560
  2.18000000   0.69767135   0.49587343   0.01517671   0.00372443
  2.20000000   0.69712535   0.49982512   0.01539033   0.00381486
  2.22000000   0.69635051   0.50363311   0.01560858   0.00390694
  2.24000000   0.69535564   0.50729699   0.01583177   0.00400072
  2.26000000   0.69414934   0.51081663   0.01606023   0.00409625
  2.28000000   0.69274001   0.51419214   0.01629426   0.00419357
  2.30000000   0.69113586   0.51742387   0.01653413   0.00429274
  2.32000000   0.68934491   0.52051242   0.01678009   0.00439380
  2.34000000   0.68737492   0.52345860   0.01703239   0.00449680
  2.36000000   0.68523349   0.52626344   0.01729123   0.00460178
  2.38000000   0.68292796   0.52892818   0.01755680   0.00470879
  2.40000000   0.68046549   0.53145421   0.01782925   0.00481788
  2.42000000   0.67785301   0.53384315   0.01810873   0.00492909
  2.44000000   0.67509726   0.53609675   0.01839534   0.00504246
  2.46000000   0.67220476   0.53821690   0.01868916   0.00515803
  2.48000000   0.66918183   0.54020566   0.01899026   0.00527584
  2.50000000   0.66603462   0.54206518   0.01929867   0.00539593
  2.52000000   0.66276905   0.54379773   0.01961439   0.00551834
  2.54000000   0.65939088   0.54540568   0.01993740   0.00564311
  2.56000000   0.65590569   0.54689146   0.02026768   0.00577027
  2.58000000   0.65231888   0.54825759   0.02060517   0.00589985
  2.60000000   0.64863567   0.54950663   0.02094978   0.00603189
  2.62000000   0.64486112   0.55064118   0.02130142   0.00616642
  2.64000000   0.64100013   0.55166390   0.02165998   0.00630348
  2.66000000   0.63705745   0.55257743   0.02202532   0.00644309
  2.68000000   0.63303765   0.55338444   0.02239731   0.00658528
  2.70000000   0.62894519   0.55408762   0.02277580   0.00673009
  2.72000000   0.62478434   0.55468962   0.02316062   0.00687755
  2.74000000   0.62055926   0.55519308   0.02355160   0.00702768
  2.76000000   0.61627398   0.55560064   0.02394857   0.00718051
  2.78000000   0.61193237   0.55591489   0.02435134   0.00733607
  2.80000000   0.60753818   0.55613839   0.02475973   0.00749439
  2.82000000   0.60309504   0.55627366   0.02517356   0.00765550
  2.84000000   0.59860646   0.55632319   0.02559264   0.00781943
  2.86000000   0.59407582   0.55628939   0.02601679   0.00798620
  2.88000000   0.58950639   0.55617466   0.02644583   0.00815584
  2.90000000   0.58490133   0.55598132   0.02687958   0.00832839
  2.92000000   0.58026369   0.55571164   0.02731788   0.00850387
  2.94000000   0.57559640   0.55536785   0.02776056   0.00868231
  2.96000000   0.57090230   0.55495210   0.02820746   0.00886374
  2.98000000   0.56618413   0.55446651   0.02865844   0.00904819
  3.00000000   0.56144454   0.55391312   0.02911335   0.00923569
  3.02000000   0.55668606   0.55329393   0.02957206   0.00942628
  3.04000000   0.55191114   0.55261088   0.03003446   0.00961998
  3.06000000   0.54712216   0.55186585   0.03050042   0.00981683
  3.08000000   0.54232139   0.55106068   0.03096985   0.01001686
  3.10000000   0.53751101   0.55019714   0.03144265   0.01022010
  3.12000000   0.53269314   0.54927698   0.03191873   0.01042659
  3.14000000   0.52786982   0.54830187   0.03239802   0.01063636
  3.16000000   0.52304298   0.54727344   0.03288046   0.01084945
  3.18000000   0.51821452   0.54619329   0.03336599   0.01106589
  3.20000000   0.51338623   0.54506296   0.03385455   0.01128572
  3.22000000   0.50855986   0.54388396   0.03434611   0.01150898
  3.24000000   0.50373707   0.54265774   0.03484064   0.01173569
  3.26000000   0.49891946   0.54138573   0.03533811   0.01196591
  3.28000000   0.49410857   0.54006932   0.03583850   0.01219967
  3.30000000   0.48930586   0.53870986   0.03634181   0.01243700
  3.32000000   0.48451277   0.53730866   0.03684802   0.01267795
  3.34000000   0.47973063   0.53586701   0.03735714   0.01292256
  3.36000000   0.47496075   0.53438614   0.03786918   0.01317086
  3.38000000   0.47020437   0.53286729   0.03838414   0.01342290
  3.40000000   0.46546269   0.53131164   0.03890204   0.01367872
  3.42000000   0.46073683   0.52972035   0.03942290   0.01393836
  3.44000000   0.45602789   0.52809456   0.03994674   0.01420187
  3.46000000   0.45133690   0.52643536   0.04047359   0.01446928
  3.48000000   0.44666486   0.52474385   0.04100348   0.01474064
  3.50000000   0.44201272   0.52302107   0.04153645   0.01501599
  3.52000000   0.43738138   0.52126806   0.04207252   0.01529539
  3.54000000   0.43277169   0.51948582   0.04261173   0.01557886
  3.56000000   0.42818448   0.51767534   0.04315412   0.01586646
  3.58000000   0.42362053   0.51583758   0.04369973   0.01615823
  3.60000000   0.41908057   0.51397348   0.04424861   0.01645422
  3.62000000   0.41456530   0.51208396   0.04480080   0.01675448
  3.64000000   0.41007540   0.51016992   0.04535634   0.01705905
  3.66000000   0.40561149   0.50823224   0.04591528   0.01736798
  3.68000000   0.40117418   0.50627178   0.04647766   0.01768132
  3.70000000   0.39676402   0.50428938   0.04704353   0.01799912
  3.72000000   0.39238155   0.50228586   0.04761295   0.01832142
  3.74000000   0.38802726   0.50026202   0.04818595   0.01864827
  3.76000000   0.38370164   0.49821865   0.04876259   0.01897974
  3.78000000   0.37940512   0.49615653   0.04934292   0.01931585
  3.80000000   0.37513813   0.49407639   0.04992699   0.01965668
  3.82000000   0.37090104   0.49197898   0.05051485   0.02000226
  3.84000000   0.36669423   0.48986501   0.05110656   0.02035265
  3.86000000   0.36251803   0.48773519   0.05170216   0.02070790
  3.88000000   0.35837275   0.48559020   0.05230170   0.02106807
  3.90000000   0.35425868   0.48343072   0.05290524   0.02143321
  3.92000000   0.35017610   0.48125740   0.05351284   0.02180337
  3.94000000   0.34612525   0.47907088   0.05412454   0.02217861
  3.96000000   0.34210636   0.47687179   0.05474040   0.02255898
  3.98000000   0.33811962   0.47466075   0.05536048   0.02294454
  4.00000000   0.33416523   0.47243835   0.05598482   0.02333535
  4.02000000   0.33024335   0.47020518   0.05661348   0.02373146
  4.04000000   0.32635414   0.46796181   0.05724652   0.02413293
  4.06000000   0.32249772   0.46570880   0.05788400   0.02453981
  4.08000000   0.31867420   0.46344670   0.05852597   0.02495217
  4.10000000   0.31488369   0.46117605   0.05917247   0.02537007
  4.12000000   0.31112627   0.45889736   0.05982359   0.02579356
  4.14000000   0.30740200   0.45661114   0.06047936   0.02622270
  4.16000000   0.30371095   0.45431790   0.06113984   0.02665757
  4.18000000   0.30005314   0.45201812   0.06180510   0.02709821
  4.20000000   0.29642860   0.44971227   0.06247519   0.02754469
  4.22000000   0.29283735   0.44740082   0.06315016   0.02799707
  4.24000000   0.28927939   0.44508423   0.06383009   0.02845542
  4.26000000   0.28575470   0.44276294   0.06451502   0.02891981
  4.28000000   0.28226326   0.44043737   0.06520502   0.02939028
  4.30000000   0.27880505   0.43810796   0.06590014   0.02986692
  4.32000000   0.27538000   0.43577511   0.06660045   0.03034979
  4.34000000   0.27198808   0.43343923   0.06730600   0.03083894
  4.36000000   0.26862921   0.43110071   0.06801687   0.03133447
  4.38000000   0.26530332   0.42875994   0.06873310   0.03183642
  4.40000000   0.26201034   0.42641728   0.06945476   0.03234486
  4.42000000   0.25875016   0.42407311   0.07018192   0.03285988
  4.44000000   0.25552268   0.42172777   0.07091463   0.03338153
  4.46000000   0.25232781   0.41938162   0.07165296   0.03390990
  4.48000000   0.24916543   0.41703500   0.07239697   0.03444504
  4.50000000   0.24603541   0.41468824   0.07314674   0.03498704
  4.52000000   0.24293763   0.41234166   0.07390231   0.03553596
  4.54000000   0.23987195   0.40999558   0.07466376   0.03609189
  4.56000000   0.23683823   0.40765029   0.07543115   0.03665489
  4.58000000   0.23383633   0.40530611   0.07620455   0.03722504
  4.60000000   0.23086608   0.40296332   0.07698402   0.03780241
  4.62000000   0.22792734   0.40062221   0.07776964   0.03838709
  4.64000000   0.22501993   0.39828305   0.07856146   0.03897915
  4.66000000   0.22214369   0.39594612   0.07935957   0.03957867
  4.68000000   0.21929846   0.39361168   0.08016402   0.04018573
  4.70000000   0.21648404   0.39127998   0.08097488   0.04080041
  4.72000000   0.21370026   0.38895127   0.08179223   0.04142279
  4.74000000   0.21094694   0.38662580   0.08261613   0.04205295
  4.76000000   0.20822388   0.38430381   0.08344666   0.04269098
  4.78000000   0.20553089   0.38198551   0.08428389   0.04333695
  4.80000000   0.20286778   0.37967115   0.08512788   0.04399096
  4.82000000   0.20023435   0.37736092   0.08597872   0.04465309
  4.84000000   0.19763039   0.37505506   0.08683647   0.04532342
  4.86000000   0.19505571   0.37275376   0.08770121   0.04600203
  4.88000000   0.19251009   0.37045723   0.08857301   0.04668903
  4.90000000   0.18999333   0.36816566   0.08945195   0.04738450
  4.92000000   0.18750521   0.36587924   0.09033810   0.04808852
  4.94000000   0.18504552   0.36359815   0.09123154   0.04880119
  4.96000000   0.18261405   0.36132258   0.09213234   0.04952260
  4.98000000   0.18021058   0.35905269   0.09304059   0.05025284
  5.00000000   0.17783489   0.35678867   0.09395636   0.05099201
  5.02000000   0.17548675   0.35453066   0.09487972   0.05174020
  5.04000000   0.17316596   0.35227884   0.09581077   0.05249750
  5.06000000   0.17087228   0.35003335   0.09674957   0.05326401
  5.08000000   0.16860549   0.34779435   0.09769621   0.05403983
  5.10000000   0.16636537   0.34556198   0.09865077   0.05482506
  5.12000000   0.16415169   0.34333638   0.09961334   0.05561979
  5.14000000   0.16196423   0.34111769   0.10058399   0.05642413
  5.16000000   0.15980276   0.33890604   0.10156281   0.05723818
  5.18000000   0.15766704   0.33670157   0.10254987   0.05806204
  5.20000000   0.15555686   0.33450438   0.10354528   0.05889581
  5.22000000   0.15347199   0.33231462   0.10454911   0.05973960
  5.24000000   0.15141219   0.33013238   0.10556145   0.06059351
  5.26000000   0.14937725   0.32795779   0.10658238   0.06145765
  5.28000000   0.14736692   0.32579095   0.10761200   0.06233213
  5.30000000   0.14538099   0.32363197   0.10865038   0.06321706
  5.32000000   0.14341922   0.32148095   0.10969763   0.06411255
  5.34000000   0.14148138   0.31933799   0.11075383   0.06501870
  5.36000000   0.13956726   0.31720318   0.11181908   0.06593564
  5.38000000   0.13767661   0.31507662   0.11289345   0.06686347
  5.40000000   0.13580922   0.31295838   0.11397706   0.06780230
  5.42000000   0.13396486   0.31084857   0.11506998   0.06875226
  5.44000000   0.13214329   0.30874725   0.11617231   0.06971347
  5.46000000   0.13034430   0.30665450   0.11728415   0.07068603
  5.48000000   0.12856767   0.30457041   0.11840560   0.07167007
  5.50000000   0.12681316   0.30249504   0.11953675   0.07266571
  5.52000000   0.12508055   0.30042847   0.12067769   0.07367307
  5.54000000   0.12336963   0.29837076   0.12182854   0.07469228
  5.56000000   0.12168016   0.29632197   0.12298937   0.07572345
  5.58000000   0.12001193   0.29428217   0.12416030   0.07676672
  5.60000000   0.11836472   0.29225141   0.12534143   0.07782221
  5.62000000   0.11673831   0.29022976   0.12653286   0.07889005
  5.64000000   0.11513248   0.28821725   0.12773469   0.07997037
  5.66000000   0.11354702   0.28621395   0.12894702   0.08106330
  5.68000000   0.11198171   0.28421991   0.13016996   0.08216897
  5.70000000   0.11043633   0.28223516   0.13140361   0.08328752
  5.72000000   0.10891067   0.28025975   0.13264809   0.08441908
  5.74000000   0.10740452   0.27829373   0.13390349   0.08556379
  5.76000000   0.10591767   0.27633713   0.13516993   0.08672178
  5.78000000   0.10444991   0.27439000   0.13644752   0.08789320
  5.80000000   0.10300103   0.27245236   0.13773637   0.08907818
  5.82000000   0.10157082   0.27052424   0.13903658   0.09027687
  5.84000000   0.10015908   0.26860568   0.14034827   0.09148941
  5.86000000   0.09876559   0.26669672   0.14167156   0.09271595
  5.88000000   0.09739017   0.26479736   0.14300655   0.09395662
  5.90000000   0.09603261   0.26290765   0.14435337   0.09521159
  5.92000000   0.09469270   0.26102759   0.14571213   0.09648100
  5.94000000   0.09337025   0.25915722   0.14708294   0.09776500
  5.96000000   0.09206507   0.25729655   0.14846594   0.09906374
  5.98000000   0.09077694   0.25544560   0.14986122   0.10037738
  6.00000000   0.08950569   0.25360439   0.15126893   0.10170608
  6.02000000   0.08825111   0.25177293   0.15268917   0.10304998
  6.04000000   0.08701302   0.24995122   0.15412208   0.10440926
  6.06000000   0.08579123   0.24813930   0.15556777   0.10578407
  6.08000000   0.08458554   0.24633715   0.15702638   0.10717457
  6.10000000   0.08339576   0.24454480   0.15849802   0.10858092
  6.12000000   0.08222173   0.24276225   0.15998283   0.11000330
  6.14000000   0.08106324   0.24098949   0.16148093   0.11144187
  6.16000000   0.07992012   0.23922655   0.16299245   0.11289680
  6.18000000   0.07879218   0.23747341   0.16451754   0.11436826
  6.20000000   0.07767925   0.23573008   0.16605630   0.11585642
  6.22000000   0.07658116   0.23399656   0.16760890   0.11736145
  6.24000000   0.07549771   0.23227284   0.16917544   0.11888354
  6.26000000   0.07442874   0.23055893   0.17075608   0.12042287
  6.28000000   0.07337407   0.22885482   0.17235095   0.12197960
  6.30000000   0.07233354   0.22716051   0.17396019   0.12355392
  6.32000000   0.07130697   0.22547598   0.17558394   0.12514602
  6.34000000   0.07029419   0.22380123   0.17722233   0.12675608
  6.36000000   0.06929504   0.22213625   0.17887552   0.12838429
  6.38000000   0.06830935   0.22048104   0.18054365   0.13003084
  6.40000000   0.06733696   0.21883557   0.18222685   0.13169591
  6.42000000   0.06637771   0.21719985   0.18392529   0.13337971
  6.44000000   0.06543143   0.21557384   0.18563909   0.13508242
  6.46000000   0.06449796   0.21395755   0.18736843   0.13680425
  6.48000000   0.06357715   0.21235096   0.18911344   0.13854539
  6.50000000   0.06266885   0.21075405   0.19087427   0.14030604
  6.52000000   0.06177289   0.20916680   0.19265109   0.14208641
  6.54000000   0.06088912   0.20758920   0.19444404   0.14388671
  6.56000000   0.06001740   0.20602122   0.19625329   0.14570713
  6.58000000   0.05915756   0.20446285   0.19807899   0.14754790
  6.60000000   0.05830948   0.20291408   0.19992129   0.14940921
  6.62000000   0.05747299   0.20137487   0.20178036   0.15129129
  6.64000000   0.05664795   0.19984520   0.20365637   0.15319435
  6.66000000   0.05583421   0.19832506   0.20554947   0.15511861
  6.68000000   0.05503165   0.19681442   0.20745984   0.15706429
  6.70000000   0.05424010   0.19531326   0.20938763   0.15903161
  6.72000000   0.05345944   0.19382155   0.21133302   0.16102080
  6.74000000   0.05268953   0.19233926   0.21329618   0.16303208
  6.76000000   0.05193023   0.19086638   0.21527727   0.16506569
  6.78000000   0.05118140   0.18940287   0.21727647   0.16712185
  6.80000000   0.05044291   0.18794871   0.21929396   0.16920081
  6.82000000   0.04971463   0.18650387   0.22132992   0.17130279
  6.84000000   0.04899643   0.18506832   0.22338451   0.17342804
  6.86000000   0.04828818   0.18364203   0.22545792   0.17557679
  6.88000000   0.04758975   0.18222498   0.22755034   0.17774930
  6.90000000   0.04690102   0.18081713   0.22966194   0.17994580
  6.92000000   0.04622185   0.17941845   0.23179291   0.18216656
  6.94000000   0.04555213   0.17802892   0.23394344   0.18441181
  6.96000000   0.04489173   0.17664849   0.23611371   0.18668182
  6.98000000   0.04424053   0.17527715   0.23830391   0.18897683
  7.00000000   0.04359842   0.17391485   0.24051424   0.19129712
  7.02000000   0.04296527   0.17256157   0.24274490   0.19364294
  7.04000000   0.04234096   0.17121727   0.24499606   0.19601455
  7.06000000   0.04172539   0.16988192   0.24726794   0.19841223
  7.08000000   0.04111844   0.16855548   0.24956074   0.20083625
  7.10000000   0.04051998   0.16723792   0.25187464   0.20328687
  7.12000000   0.03992993   0.16592921   0.25420986   0.20576437
  7.14000000   0.03934815   0.16462930   0.25656661   0.20826903
  7.16000000   0.03877455   0.16333818   0.25894508   0.21080114
  7.18000000   0.03820901   0.16205579   0.26134549   0.21336097
  7.20000000   0.03765143   0.16078210   0.26376804   0.21594882
  7.22000000   0.03710170   0.15951708   0.26621296   0.21856497
  7.24000000   0.03655972   0.15826069   0.26868045   0.22120972
  7.26000000   0.03602539   0.15701290   0.27117073   0.22388336
  7.28000000   0.03549860   0.15577366   0.27368402   0.22658619
  7.30000000   0.03497926   0.15454294   0.27622054   0.22931852
  7.32000000   0.03446726   0.15332071   0.27878052   0.23208065
  7.34000000   0.03396251   0.15210692   0.28136417   0.23487288
  7.36000000   0.03346490   0.15090153   0.28397173   0.23769553
  7.38000000   0.03297435   0.14970451   0.28660342   0.24054892
  7.40000000   0.03249076   0.14851582   0.28925949   0.24343335
  7.42000000   0.03201404   0.14733543   0.29194015   0.24634916
  7.44000000   0.03154409   0.14616328   0.29464564   0.24929666
  7.46000000   0.03108082   0.14499935   0.29737621   0.25227619
  7.48000000   0.03062414   0.14384359   0.30013210   0.25528807
  7.50000000   0.03017397   0.14269597   0.30291354   0.25833264
  7.52000000   0.02973021   0.14155644   0.30572078   0.26141024
  7.54000000   0.02929278   0.14042497   0.30855407   0.26452120
  7.56000000   0.02886159   0.13930151   0.31141365   0.26766588
  7.58000000   0.02843657   0.13818603   0.31429979   0.27084461
  7.60000000   0.02801761   0.13707849   0.31721273   0.27405776
  7.62000000   0.02760465   0.13597884   0.32015273   0.27730567
  7.64000000   0.02719759   0.13488705   0.32312004   0.28058871
  7.66000000   0.02679637   0.13380307   0.32611494   0.28390723
  7.68000000   0.02640090   0.13272687   0.32913769   0.28726161
  7.70000000   0.02601109   0.13165840   0.33218854   0.29065221
  7.72000000   0.02562688   0.13059763   0.33526777   0.29407940
  7.74000000   0.02524819   0.12954452   0.33837565   0.29754357
  7.76000000   0.02487494   0.12849902   0.34151246   0.30104510
  7.78000000   0.02450706   0.12746109   0.34467847   0.30458436
  7.80000000   0.02414447   0.12643069   0.34787395   0.30816175
  7.82000000   0.02378709   0.12540778   0.35109920   0.31177766
  7.84000000   0.02343487   0.12439233   0.35435450   0.31543249
  7.86000000   0.02308773   0.12338428   0.35764013   0.31912664
  7.88000000   0.02274559   0.12238361   0.36095638   0.32286051
  7.90000000   0.02240839   0.12139026   0.36430355   0.32663451
  7.92000000   0.02207606   0.12040420   0.36768193   0.33044905
  7.94000000   0.02174853   0.11942539   0.37109181   0.33430456
  7.96000000   0.02142574   0.11845378   0.37453351   0.33820145
  7.98000000   0.02110761   0.11748934   0.37800732   0.34214015
  8.00000000   0.02079410   0.11653202   0.38151355   0.34612109
  8.02000000   0.02048512   0.11558179   0.38505251   0.35014470
  8.04000000   0.02018062   0.11463860   0.38862452   0.35421143
  8.06000000   0.01988054   0.11370241   0.39222988   0.35832170
  8.08000000   0.01958481   0.11277318   0.39586891   0.36247598
  8.10000000   0.01929337   0.11185088   0.39954194   0.36667472
  8.12000000   0.01900617   0.11093546   0.40324930   0.37091836
  8.14000000   0.01872314   0.11002687   0.40699130   0.37520738
  8.16000000   0.01844423   0.10912509   0.41076828   0.37954224
  8.18000000   0.01816938   0.10823006   0.41458058   0.38392340
  8.20000000   0.01789853   0.10734175   0.41842852   0.38835135
  8.22000000   0.01763162   0.10646012   0.42231245   0.39282656
  8.24000000   0.01736860   0.10558513   0.42623272   0.39734952
  8.26000000   0.01710942   0.10471674   0.43018966   0.40192072
  8.28000000   0.01685402   0.10385490   0.43418364   0.40654066
  8.30000000   0.01660234   0.10299958   0.43821499   0.41120982
  8.32000000   0.01635435   0.10215074   0.44228408   0.41592873
  8.34000000   0.01610997   0.10130834   0.44639127   0.42069788
  8.36000000   0.01586917   0.10047233   0.45053692   0.42551780
  8.38000000   0.01563189   0.09964269   0.45472140   0.43038900
  8.40000000   0.01539808   0.09881936   0.45894507   0.43531200
  8.42000000   0.01516769   0.09800231   0.46320832   0.44028735
  8.44000000   0.01494068   0.09719150   0.46751150   0.44531557
  8.46000000   0.01471700   0.09638690   0.47185502   0.45039721
  8.48000000   0.01449660   0.09558845   0.47623925   0.45553281
  8.50000000   0.01427942   0.09479613   0.48066458   0.46072292
  8.52000000   0.01406544   0.09400989   0.48513139   0.46596811
  8.54000000   0.01385460   0.09322969   0.48964010   0.47126894
  8.56000000   0.01364685   0.09245550   0.49419108   0.47662597
  8.58000000   0.01344216   0.09168728   0.49878475   0.48203978
  8.60000000   0.01324048   0.09092498   0.50342152   0.48751095
  8.62000000   0.01304176   0.09016857   0.50810179   0.49304008
  8.64000000   0.01284597   0.08941802   0.51282597   0.49862774
  8.66000000   0.01265306   0.08867328   0.51759449   0.50427453
  8.68000000   0.01246300   0.08793432   0.52240776   0.50998108
  8.70000000   0.01227573   0.08720109   0.52726622   0.51574797
  8.72000000   0.01209123   0.08647357   0.53217029   0.52157583
  8.74000000   0.01190944   0.08575170   0.53712040   0.52746529
  8.76000000   0.01173034   0.08503546   0.54211700   0.53341696
  8.78000000   0.01155388   0.08432481   0.54716052   0.53943149
  8.80000000   0.01138003   0.08361971   0.55225141   0.54550951
  8.82000000   0.01120875   0.08292012   0.55739013   0.55165169
  8.84000000   0.01103999   0.08222601   0.56257712   0.55785865
  8.86000000   0.01087374   0.08153734   0.56781284   0.56413108
  8.88000000   0.01070994   0.08085407   0.57309777   0.57046964
  8.90000000   0.01054856   0.08017617   0.57843236   0.57687500
  8.92000000   0.01038958   0.07950360   0.58381709   0.58334784
  8.94000000   0.01023295   0.07883632   0.58925244   0.58988885
  8.96000000   0.01007864   0.07817430   0.59473888   0.59649872
  8.98000000   0.00992662   0.07751750   0.60027690   0.60317816
  9.00000000   0.00977685   0.07686589   0.60586699   0.60992788
  9.02000000   0.00962930   0.07621943   0.61150965   0.61674858
  9.04000000   0.00948395   0.07557808   0.61720537   0.62364100
  9.06000000   0.00934075   0.07494181   0.62295466   0.63060586
  9.08000000   0.00919967   0.07431059   0.62875803   0.63764390
  9.10000000   0.00906070   0.07368438   0.63461599   0.64475586
  9.12000000   0.00892379   0.07306314   0.64052906   0.65194250
  9.14000000   0.00878891   0.07244684   0.64649776   0.65920458
  9.16000000   0.00865604   0.07183545   0.65252262   0.66654286
  9.18000000   0.00852515   0.07122893   0.65860418   0.67395812
  9.20000000   0.00839620   0.07062725   0.66474296   0.68145114
  9.22000000   0.00826918   0.07003037   0.67093953   0.68902270
  9.24000000   0.00814404   0.06943826   0.67719441   0.69667362
  9.26000000   0.00802078   0.06885089   0.68350818   0.70440469
  9.28000000   0.00789934   0.06826822   0.68988138   0.71221673
  9.30000000   0.00777972   0.06769021   0.69631457   0.72011056
  9.32000000   0.00766189   0.06711685   0.70280834   0.72808701
  9.34000000   0.00754581   0.06654808   0.70936325   0.73614692
  9.36000000   0.00743146   0.06598389   0.71597988   0.74429113
  9.38000000   0.00731882   0.06542423   0.72265882   0.75252051
  9.40000000   0.00720787   0.06486908   0.72940066   0.76083592
  9.42000000   0.00709857   0.06431840   0.73620600   0.76923822
  9.44000000   0.00699090   0.06377216   0.74307543   0.77772830
  9.46000000   0.00688485   0.06323033   0.75000957   0.78630705
  9.48000000   0.00678038   0.06269287   0.75700903   0.79497537
  9.50000000   0.00667747   0.06215976   0.76407443   0.80373416
  9.52000000   0.00657610   0.06163096   0.77120639   0.81258434
  9.54000000   0.00647626   0.06110645   0.77840554   0.82152685
  9.56000000   0.00637790   0.06058618   0.78567253   0.83056260
  9.58000000   0.00628102   0.06007013   0.79300799   0.83969255
  9.60000000   0.00618559   0.05955828   0.80041257   0.84891766
  9.62000000   0.00609159   0.05905058   0.80788693   0.85823887
  9.64000000   0.00599900   0.05854701   0.81543172   0.86765718
  9.66000000   0.00590780   0.05804753   0.82304763   0.87717355
  9.68000000   0.00581797   0.05755212   0.83073531   0.88678898
  9.70000000   0.00572948   0.05706075   0.83849545   0.89650447
  9.72000000   0.00564233   0.05657339   0.84632874   0.90632104
  9.74000000   0.00555648   0.05609001   0.85423586   0.91623970
  9.76000000   0.00547192   0.05561057   0.86221753   0.92626149
  9.78000000   0.00538863   0.05513505   0.87027443   0.93638745
  9.80000000   0.00530660   0.05466342   0.87840729   0.94661863
  9.82000000   0.00522579   0.05419566   0.88661683   0.95695609
  9.84000000   0.00514621   0.05373172   0.89490377   0.96740091
  9.86000000   0.00506781   0.05327159   0.90326884   0.97795418
  9.88000000   0.00499060   0.05281523   0.91171278   0.98861698
  9.90000000   0.00491455   0.05236262   0.92023634   0.99939042
  9.92000000   0.00483965   0.05191373   0.92884027   1.01027562
  9.94000000   0.00476587   0.05146853   0.93752534   1.02127371
  9.96000000   0.00469321   0.05102699   0.94629231   1.03238582
  9.98000000   0.00462164   0.05058908   0.95514195   1.04361311
 10.00000000   0.00455114   0.05015479   0.96407505   1.05495673
