In
3.000000 115.000000 3
1.400000 1.700000 2.200000 1.690927 
501 0.020000
  0.00000510   2.94999383  -0.63341933  -0.67785760  -2.47368920
  0.02000000   2.95328724  -0.55346271  -0.81817896  -2.32134972
  0.04000000   2.95468003  -0.55374741  -0.81987199  -2.32434905
  0.06000000   2.95156049  -0.55520872  -0.82227410  -2.32905145
  0.08000000   2.94314768  -0.55797547  -0.82531641  -2.33539089
  0.10000000   2.92920919  -0.56205363  -0.82894231  -2.34327246
  0.12000000   2.90976234  -0.56739566  -0.83310117  -2.35258892
  0.14000000   2.88497829  -0.57392133  -0.83774488  -2.36322339
  0.16000000   2.85510753  -0.58153658  -0.84282865  -2.37505782
  0.18000000   2.82042540  -0.59014797  -0.84831234  -2.38798089
  0.20000000   2.78122573  -0.59966270  -0.85415923  -2.40188599
  0.22000000   2.73781552  -0.60998870  -0.86033516  -2.41667009
  0.24000000   2.69048246  -0.62104399  -0.86681031  -2.43224013
  0.26000000   2.63946822  -0.63276467  -0.87356072  -2.44851865
  0.28000000   2.58496810  -0.64510459  -0.88056801  -2.46544313
  0.30000000   2.52714952  -0.65802901  -0.88781749  -2.48296072
  0.32000000   2.46617565  -0.67150634  -0.89529599  -2.50102154
  0.34000000   2.40222461  -0.68550119  -0.90298997  -2.51957303
  0.36000000   2.33550011  -0.69997008  -0.91088437  -2.53855653
  0.38000000   2.26623237  -0.71486029  -0.91896217  -2.55790616
  0.40000000   2.19467073  -0.73011162  -0.92720477  -2.57755018
  0.42000000   2.12107035  -0.74566034  -0.93559289  -2.59741394
  0.44000000   2.04567659  -0.76144420  -0.94410777  -2.61742377
  0.46000000   1.96871109  -0.77740728  -0.95273231  -2.63751065
  0.48000000   1.89036340  -0.79350306  -0.96145181  -2.65761263
  0.50000000   1.81079125  -0.80969469  -0.97025405  -2.67767500
  0.52000000   1.73012979  -0.82595205  -0.97912847  -2.69764794
  0.54000000   1.64850638  -0.84224653  -0.98806490  -2.71748245
  0.56000000   1.56605513  -0.85854575  -0.99705218  -2.73712622
  0.58000000   1.48292506  -0.87481026  -1.00607728  -2.75652100
  0.60000000   1.39927986  -0.89099336  -1.01512526  -2.77560247
  0.62000000   1.31529064  -0.90704362  -1.02417981  -2.79430220
  0.64000000   1.23112575  -0.92290874  -1.03322422  -2.81255064
  0.66000000   1.14694139  -0.93853935  -1.04224232  -2.83028012
  0.68000000   1.06287499  -0.95389198  -1.05121922  -2.84742716
  0.70000000   0.97904197  -0.96893087  -1.06014174  -2.86393395
  0.72000000   0.89553526  -0.98362879  -1.06899866  -2.87974896
  0.74000000   0.81242690  -0.99796700  -1.07778070  -2.89482702
  0.76000000   0.72977076  -1.01193479  -1.08648042  -2.90912890
  0.78000000   0.64760597  -1.02552859  -1.09509202  -2.92262076
  0.80000000   0.56596041  -1.03875105  -1.10361111  -2.93527342
  0.82000000   0.48485411  -1.05160998  -1.11203446  -2.94706162
  0.84000000   0.40430241  -1.06411738  -1.12035981  -2.95796331
  0.86000000   0.32431866  -1.07628851  -1.12858558  -2.96795898
  0.88000000   0.24491664  -1.08814101  -1.13671074  -2.97703108
  0.90000000   0.16611243  -1.09969420  -1.14473458  -2.98516351
  0.92000000   0.08792601  -1.11096835  -1.15265658  -2.99234117
  0.94000000   0.01038245  -1.12198418  -1.16047631  -2.99854964
  0.96000000  -0.06648726  -1.13276232  -1.16819325  -3.00377486
  0.98000000  -0.14264564  -1.14332300  -1.17580676  -3.00800294
  1.00000000  -0.21804840  -1.15368564  -1.18331601  -3.01122005
  1.02000000  -0.29264439  -1.16386865  -1.19071986  -3.01341225
  1.04000000  -0.36637568  -1.17388919  -1.19801692  -3.01456553
  1.06000000  -0.43917789  -1.18376307  -1.20520540  -3.01466575
  1.08000000  -0.51098055  -1.19350457  -1.21228322  -3.01369872
  1.10000000  -0.58170767  -1.20312644  -1.21924787  -3.01165025
  1.12000000  -0.65127836  -1.21263979  -1.22609650  -3.00850625
  1.14000000  -0.71960748  -1.22205411  -1.23282588  -3.00425288
  1.16000000  -0.78660641  -1.23137725  -1.23943241  -2.99887665
  1.18000000  -0.85218387  -1.24061541  -1.24591213  -2.99236460
  1.20000000  -0.91624667  -1.24977321  -1.25226073  -2.98470448
  1.22000000  -0.97870060  -1.25885367  -1.25847358  -2.97588490
  1.24000000  -1.03945125  -1.26785827  -1.26454573  -2.96589554
  1.26000000  -1.09840486  -1.27678702  -1.27047191  -2.95472736
  1.28000000  -1.15546913  -1.28563843  -1.27624658  -2.94237276
  1.30000000  -1.21055409  -1.29440964  -1.28186395  -2.92882580
  1.32000000  -1.26357288  -1.30309640  -1.28731797  -2.91408241
  1.34000000  -1.31444252  -1.31169318  -1.29260235  -2.89814056
  1.36000000  -1.36308468  -1.32019315  -1.29771064  -2.88100052
  1.38000000  -1.40942638  -1.32858832  -1.30263615  -2.86266496
  1.40000000  -1.45340069  -1.33686949  -1.30737206  -2.84313926
  1.42000000  -1.49494735  -1.34502640  -1.31191139  -2.82243159
  1.44000000  -1.53401336  -1.35304772  -1.31624706  -2.80055314
  1.46000000  -1.57055353  -1.36092113  -1.32037186  -2.77751830
  1.48000000  -1.60453094  -1.36863340  -1.32427851  -2.75334476
  1.50000000  -1.63591738  -1.37617045  -1.32795970  -2.72805373
  1.52000000  -1.66469371  -1.38351737  -1.33140807  -2.70166999
  1.54000000  -1.69085016  -1.39065857  -1.33461627  -2.67422207
  1.56000000  -1.71438650  -1.39757783  -1.33757696  -2.64574230
  1.58000000  -1.73531228  -1.40425835  -1.34028288  -2.61626689
  1.60000000  -1.75364681  -1.41068289  -1.34272684  -2.58583598
  1.62000000  -1.76941923  -1.41683384  -1.34490178  -2.55449366
  1.64000000  -1.78266834  -1.42269334  -1.34680077  -2.52228794
  1.66000000  -1.79344251  -1.42824336  -1.34841709  -2.48927073
  1.68000000  -1.80179938  -1.43346584  -1.34974422  -2.45549775
  1.70000000  -1.80780553  -1.43834276  -1.35077592  -2.42102840
  1.72000000  -1.81153610  -1.44285634  -1.35150623  -2.38592565
  1.74000000  -1.81307422  -1.44698909  -1.35192954  -2.35025581
  1.76000000  -1.81251053  -1.45072397  -1.35204059  -2.31408830
  1.78000000  -1.80994249  -1.45404450  -1.35183457  -2.27749540
  1.80000000  -1.80547366  -1.45693491  -1.35130711  -2.24055191
  1.82000000  -1.79921299  -1.45938027  -1.35045433  -2.20333482
  1.84000000  -1.79127395  -1.46136659  -1.34927290  -2.16592289
  1.86000000  -1.78177372  -1.46288096  -1.34776006  -2.12839626
  1.88000000  -1.77083226  -1.46391169  -1.34591368  -2.09083594
  1.90000000  -1.75857145  -1.46444838  -1.34373226  -2.05332336
  1.92000000  -1.74511409  -1.46448207  -1.34121500  -2.01593985
  1.94000000  -1.73058306  -1.46400532  -1.33836182  -1.97876606
  1.96000000  -1.71510038  -1.46301232  -1.33517340  -1.94188150
  1.98000000  -1.69878629  -1.46149895  -1.33165118  -1.90536389
  2.00000000  -1.68175847  -1.45946286  -1.32779743  -1.86928869
  2.02000000  -1.66413116  -1.45690354  -1.32361522  -1.83372850
  2.04000000  -1.64601450  -1.45382235  -1.31910849  -1.79875255
  2.06000000  -1.62751378  -1.45022254  -1.31428202  -1.76442621
  2.08000000  -1.60872889  -1.44610933  -1.30914144  -1.73081049
  2.10000000  -1.58975375  -1.44148983  -1.30369328  -1.69796164
  2.12000000  -1.57067595  -1.43637307  -1.29794492  -1.66593074
  2.14000000  -1.55157635  -1.43076997  -1.29190459  -1.63476336
  2.16000000  -1.53252887  -1.42469330  -1.28558139  -1.60449930
  2.18000000  -1.51360030  -1.41815759  -1.27898524  -1.57517238
  2.20000000  -1.49485031  -1.41117909  -1.27212687  -1.54681028
  2.22000000  -1.47633141  -1.40377566  -1.26501780  -1.51943444
  2.24000000  -1.45808913  -1.39596666  -1.25767028  -1.49306011
  2.26000000  -1.44016215  -1.38777285  -1.25009729  -1.46769635
  2.28000000  -1.42258264  -1.37921627  -1.24231247  -1.44334618
  2.30000000  -1.40537650  -1.37032004  -1.23433005  -1.42000677
  2.32000000  -1.38856383  -1.36110829  -1.22616487  -1.39766970
  2.34000000  -1.37215928  -1.35160594  -1.21783223  -1.37632128
  2.36000000  -1.35617255  -1.34183858  -1.20934789  -1.35594286
  2.38000000  -1.34060885  -1.33183227  -1.20072800  -1.33651129
  2.40000000  -1.32546936  -1.32161337  -1.19198898  -1.31799934
  2.42000000  -1.31075179  -1.31120839  -1.18314752  -1.30037616
  2.44000000  -1.29645078  -1.30064379  -1.17422044  -1.28360778
  2.46000000  -1.28255844  -1.28994585  -1.16522464  -1.26765759
  2.48000000  -1.26906477  -1.27914046  -1.15617703  -1.25248688
  2.50000000  -1.25595809  -1.26825300  -1.14709445  -1.23805531
  2.52000000  -1.24322540  -1.25730815  -1.13799355  -1.22432142
  2.54000000  -1.23085281  -1.24632980  -1.12889077  -1.21124310
  2.56000000  -1.21882578  -1.23534089  -1.11980221  -1.19877800
  2.58000000  -1.20712946  -1.22436329  -1.11074360  -1.18688404
  2.60000000  -1.19574891  -1.21341772  -1.10173017  -1.17551970
  2.62000000  -1.18466932  -1.20252364  -1.09277664  -1.16464443
  2.64000000  -1.17387617  -1.19169919  -1.08389708  -1.15421893
  2.66000000  -1.16335537  -1.18096112  -1.07510493  -1.14420543
  2.68000000  -1.15309339  -1.17032477  -1.06641285  -1.13456793
  2.70000000  -1.14307729  -1.15980401  -1.05783276  -1.12527233
  2.72000000  -1.13329482  -1.14941125  -1.04937569  -1.11628666
  2.74000000  -1.12373444  -1.13915744  -1.04105183  -1.10758110
  2.76000000  -1.11438531  -1.12905208  -1.03287043  -1.09912807
  2.78000000  -1.10523731  -1.11910325  -1.02483978  -1.09090229
  2.80000000  -1.09628102  -1.10931767  -1.01696723  -1.08288073
  2.82000000  -1.08750769  -1.09970073  -1.00925912  -1.07504258
  2.84000000  -1.07890920  -1.09025656  -1.00172079  -1.06736923
  2.86000000  -1.07047806  -1.08098809  -0.99435658  -1.05984414
  2.88000000  -1.06220731  -1.07189716  -0.98716985  -1.05245276
  2.90000000  -1.05409052  -1.06298456  -0.98016297  -1.04518244
  2.92000000  -1.04612174  -1.05425015  -0.97333734  -1.03802224
  2.94000000  -1.03829545  -1.04569294  -0.96669343  -1.03096283
  2.96000000  -1.03060653  -1.03731117  -0.96023080  -1.02399638
  2.98000000  -1.02305020  -1.02910240  -0.95394814  -1.01711636
  3.00000000  -1.01562202  -1.02106364  -0.94784332  -1.01031743
  3.02000000  -1.00831784  -1.01319136  -0.94191343  -1.00359530
  3.04000000  -1.00113375  -1.00548164  -0.93615484  -0.99694659
  3.06000000  -0.99406609  -0.99793024  -0.93056323  -0.99036869
  3.08000000  -0.98711141  -0.99053263  -0.92513369  -0.98385966
  3.10000000  -0.98026644  -0.98328412  -0.91986077  -0.97741813
  3.12000000  -0.97352809  -0.97617986  -0.91473849  -0.97104315
  3.14000000  -0.96689340  -0.96921498  -0.90976051  -0.96473414
  3.16000000  -0.96035960  -0.96238454  -0.90492009  -0.95849080
  3.18000000  -0.95392399  -0.95568366  -0.90021021  -0.95231302
  3.20000000  -0.94758403  -0.94910753  -0.89562363  -0.94620083
  3.22000000  -0.94133727  -0.94265142  -0.89115297  -0.94015435
  3.24000000  -0.93518137  -0.93631074  -0.88679070  -0.93417374
  3.26000000  -0.92911406  -0.93008104  -0.88252930  -0.92825916
  3.28000000  -0.92313319  -0.92395806  -0.87836124  -0.92241075
  3.30000000  -0.91723666  -0.91793769  -0.87427907  -0.91662859
  3.32000000  -0.91142247  -0.91201603  -0.87027546  -0.91091270
  3.34000000  -0.90568868  -0.90618937  -0.86634326  -0.90526302
  3.36000000  -0.90003341  -0.90045418  -0.86247551  -0.89967941
  3.38000000  -0.89445487  -0.89480713  -0.85866551  -0.89416165
  3.40000000  -0.88895130  -0.88924511  -0.85490686  -0.88870940
  3.42000000  -0.88352103  -0.88376515  -0.85119344  -0.88332227
  3.44000000  -0.87816242  -0.87836448  -0.84751950  -0.87799977
  3.46000000  -0.87287390  -0.87304050  -0.84387964  -0.87274133
  3.48000000  -0.86765393  -0.86779077  -0.84026883  -0.86754633
  3.50000000  -0.86250104  -0.86261300  -0.83668242  -0.86241406
  3.52000000  -0.85741380  -0.85750505  -0.83311617  -0.85734378
  3.54000000  -0.85239083  -0.85246490  -0.82956623  -0.85233469
  3.56000000  -0.84743077  -0.84749066  -0.82602917  -0.84738595
  3.58000000  -0.84253232  -0.84258056  -0.82250191  -0.84249669
  3.60000000  -0.83769423  -0.83773292  -0.81898180  -0.83766601
  3.62000000  -0.83291525  -0.83294617  -0.81546656  -0.83289301
  3.64000000  -0.82819421  -0.82821882  -0.81195425  -0.82817675
  3.66000000  -0.82352995  -0.82354945  -0.80844331  -0.82351630
  3.68000000  -0.81892135  -0.81893674  -0.80493249  -0.81891072
  3.70000000  -0.81436731  -0.81437941  -0.80142089  -0.81435907
  3.72000000  -0.80986678  -0.80987625  -0.79790787  -0.80986042
  3.74000000  -0.80541872  -0.80542611  -0.79439308  -0.80541384
  3.76000000  -0.80102215  -0.80102788  -0.79087641  -0.80101841
  3.78000000  -0.79667608  -0.79668051  -0.78735799  -0.79667324
  3.80000000  -0.79237958  -0.79238299  -0.78383817  -0.79237742
  3.82000000  -0.78813171  -0.78813433  -0.78031745  -0.78813008
  3.84000000  -0.78393159  -0.78393359  -0.77679652  -0.78393037
  3.86000000  -0.77977835  -0.77977987  -0.77327620  -0.77977743
  3.88000000  -0.77567113  -0.77567228  -0.76975742  -0.77567045
  3.90000000  -0.77160911  -0.77160998  -0.76624123  -0.77160861
  3.92000000  -0.76759149  -0.76759214  -0.76272873  -0.76759112
  3.94000000  -0.76361748  -0.76361797  -0.75922111  -0.76361721
  3.96000000  -0.75968632  -0.75968668  -0.75571957  -0.75968612
  3.98000000  -0.75579726  -0.75579753  -0.75222536  -0.75579711
  4.00000000  -0.75194958  -0.75194977  -0.74873974  -0.75194947
  4.02000000  -0.74814257  -0.74814271  -0.74526395  -0.74814249
  4.04000000  -0.74437554  -0.74437564  -0.74179924  -0.74437548
  4.06000000  -0.74064781  -0.74064789  -0.73834682  -0.74064777
  4.08000000  -0.73695874  -0.73695879  -0.73490787  -0.73695871
  4.10000000  -0.73330767  -0.73330771  -0.73148353  -0.73330765
  4.12000000  -0.72969398  -0.72969401  -0.72807489  -0.72969397
  4.14000000  -0.72611707  -0.72611709  -0.72468298  -0.72611706
  4.16000000  -0.72257633  -0.72257635  -0.72130878  -0.72257633
  4.18000000  -0.71907119  -0.71907120  -0.71795320  -0.71907118
  4.20000000  -0.71560107  -0.71560107  -0.71461709  -0.71560106
  4.22000000  -0.71216541  -0.71216541  -0.71130123  -0.71216541
  4.24000000  -0.70876368  -0.70876368  -0.70800634  -0.70876368
  4.26000000  -0.70539534  -0.70539534  -0.70473306  -0.70539534
  4.28000000  -0.70205987  -0.70205987  -0.70148198  -0.70205987
  4.30000000  -0.69875677  -0.69875677  -0.69825361  -0.69875677
  4.32000000  -0.69548553  -0.69548553  -0.69504841  -0.69548553
  4.34000000  -0.69224568  -0.69224568  -0.69186676  -0.69224568
  4.36000000  -0.68903674  -0.68903674  -0.68870899  -0.68903674
  4.38000000  -0.68585824  -0.68585824  -0.68557538  -0.68585824
  4.40000000  -0.68270973  -0.68270973  -0.68246616  -0.68270973
  4.42000000  -0.67959076  -0.67959076  -0.67938150  -0.67959076
  4.44000000  -0.67650090  -0.67650090  -0.67632152  -0.67650090
  4.46000000  -0.67343972  -0.67343972  -0.67328630  -0.67343972
  4.48000000  -0.67040680  -0.67040680  -0.67027588  -0.67040680
  4.50000000  -0.66740174  -0.66740174  -0.66729028  -0.66740174
  4.52000000  -0.66442412  -0.66442412  -0.66432945  -0.66442412
  4.54000000  -0.66147357  -0.66147357  -0.66139335  -0.66147357
  4.56000000  -0.65854970  -0.65854970  -0.65848187  -0.65854970
  4.58000000  -0.65565213  -0.65565213  -0.65559491  -0.65565213
  4.60000000  -0.65278048  -0.65278048  -0.65273234  -0.65278048
  4.62000000  -0.64993440  -0.64993440  -0.64989399  -0.64993440
  4.64000000  -0.64711354  -0.64711354  -0.64707969  -0.64711354
  4.66000000  -0.64431754  -0.64431754  -0.64428926  -0.64431754
  4.68000000  -0.64154607  -0.64154607  -0.64152250  -0.64154607
  4.70000000  -0.63879879  -0.63879879  -0.63877918  -0.63879879
  4.72000000  -0.63607536  -0.63607536  -0.63605911  -0.63607536
  4.74000000  -0.63337548  -0.63337548  -0.63336203  -0.63337548
  4.76000000  -0.63069882  -0.63069882  -0.63068772  -0.63069882
  4.78000000  -0.62804508  -0.62804508  -0.62803594  -0.62804508
  4.80000000  -0.62541395  -0.62541395  -0.62540644  -0.62541395
  4.82000000  -0.62280513  -0.62280513  -0.62279897  -0.62280513
  4.84000000  -0.62021832  -0.62021832  -0.62021330  -0.62021832
  4.86000000  -0.61765325  -0.61765325  -0.61764916  -0.61765325
  4.88000000  -0.61510963  -0.61510963  -0.61510630  -0.61510963
  4.90000000  -0.61258719  -0.61258719  -0.61258448  -0.61258719
  4.92000000  -0.61008564  -0.61008564  -0.61008346  -0.61008564
  4.94000000  -0.60760473  -0.60760473  -0.60760297  -0.60760473
  4.96000000  -0.60514419  -0.60514419  -0.60514277  -0.60514419
  4.98000000  -0.60270376  -0.60270376  -0.60270262  -0.60270376
  5.00000000  -0.60028320  -0.60028320  -0.60028228  -0.60028320
  5.02000000  -0.59788224  -0.59788224  -0.59788151  -0.59788224
  5.04000000  -0.59550065  -0.59550065  -0.59550007  -0.59550065
  5.06000000  -0.59313819  -0.59313819  -0.59313773  -0.59313819
  5.08000000  -0.59079463  -0.59079463  -0.59079426  -0.59079463
  5.10000000  -0.58846972  -0.58846972  -0.58846943  -0.58846972
  5.12000000  -0.58616324  -0.58616324  -0.58616301  -0.58616324
  5.14000000  -0.58387497  -0.58387497  -0.58387479  -0.58387497
  5.16000000  -0.58160468  -0.58160468  -0.58160454  -0.58160468
  5.18000000  -0.57935217  -0.57935217  -0.57935206  -0.57935217
  5.20000000  -0.57711721  -0.57711721  -0.57711713  -0.57711721
  5.22000000  -0.57489961  -0.57489961  -0.57489954  -0.57489961
  5.24000000  -0.57269914  -0.57269914  -0.57269909  -0.57269914
  5.26000000  -0.57051561  -0.57051561  -0.57051557  -0.57051561
  5.28000000  -0.56834882  -0.56834882  -0.56834879  -0.56834882
  5.30000000  -0.56619858  -0.56619858  -0.56619855  -0.56619858
  5.32000000  -0.56406468  -0.56406468  -0.56406466  -0.56406468
  5.34000000  -0.56194695  -0.56194695  -0.56194694  -0.56194695
  5.36000000  -0.55984519  -0.55984519  -0.55984518  -0.55984519
  5.38000000  -0.55775922  -0.55775922  -0.55775921  -0.55775922
  5.40000000  -0.55568886  -0.55568886  -0.55568885  -0.55568886
  5.42000000  -0.55363393  -0.55363393  -0.55363393  -0.55363393
  5.44000000  -0.55159426  -0.55159426  -0.55159426  -0.55159426
  5.46000000  -0.54956967  -0.54956967  -0.54956967  -0.54956967
  5.48000000  -0.54756000  -0.54756000  -0.54755999  -0.54756000
  5.50000000  -0.54556507  -0.54556507  -0.54556506  -0.54556507
  5.52000000  -0.54358472  -0.54358472  -0.54358472  -0.54358472
  5.54000000  -0.54161879  -0.54161879  -0.54161879  -0.54161879
  5.56000000  -0.53966712  -0.53966712  -0.53966712  -0.53966712
  5.58000000  -0.53772956  -0.53772956  -0.53772956  -0.53772956
  5.60000000  -0.53580594  -0.53580594  -0.53580594  -0.53580594
  5.62000000  -0.53389612  -0.53389612  -0.53389612  -0.53389612
  5.64000000  -0.53199995  -0.53199995  -0.53199995  -0.53199995
  5.66000000  -0.53011727  -0.53011727  -0.53011727  -0.53011727
  5.68000000  -0.52824795  -0.52824795  -0.52824795  -0.52824795
  5.70000000  -0.52639183  -0.52639183  -0.52639183  -0.52639183
  5.72000000  -0.52454878  -0.52454878  -0.52454878  -0.52454878
  5.74000000  -0.52271865  -0.52271865  -0.52271865  -0.52271865
  5.76000000  -0.52090132  -0.52090132  -0.52090132  -0.52090132
  5.78000000  -0.51909663  -0.51909663  -0.51909663  -0.51909663
  5.80000000  -0.51730447  -0.51730447  -0.51730447  -0.51730447
  5.82000000  -0.51552470  -0.51552470  -0.51552470  -0.51552470
  5.84000000  -0.51375719  -0.51375719  -0.51375719  -0.51375719
  5.86000000  -0.51200181  -0.51200181  -0.51200181  -0.51200181
  5.88000000  -0.51025844  -0.51025844  -0.51025844  -0.51025844
  5.90000000  -0.50852694  -0.50852694  -0.50852694  -0.50852694
  5.92000000  -0.50680721  -0.50680721  -0.50680721  -0.50680721
  5.94000000  -0.50509911  -0.50509911  -0.50509911  -0.50509911
  5.96000000  -0.50340254  -0.50340254  -0.50340254  -0.50340254
  5.98000000  -0.50171736  -0.50171736  -0.50171736  -0.50171736
  6.00000000  -0.50004347  -0.50004347  -0.50004347  -0.50004347
  6.02000000  -0.49838076  -0.49838076  -0.49838076  -0.49838076
  6.04000000  -0.49672910  -0.49672910  -0.49672910  -0.49672910
  6.06000000  -0.49508839  -0.49508839  -0.49508839  -0.49508839
  6.08000000  -0.49345852  -0.49345852  -0.49345852  -0.49345852
  6.10000000  -0.49183938  -0.49183938  -0.49183938  -0.49183938
  6.12000000  -0.49023086  -0.49023086  -0.49023086  -0.49023086
  6.14000000  -0.48863286  -0.48863286  -0.48863286  -0.48863286
  6.16000000  -0.48704528  -0.48704528  -0.48704528  -0.48704528
  6.18000000  -0.48546801  -0.48546801  -0.48546801  -0.48546801
  6.20000000  -0.48390095  -0.48390095  -0.48390095  -0.48390095
  6.22000000  -0.48234400  -0.48234400  -0.48234400  -0.48234400
  6.24000000  -0.48079706  -0.48079706  -0.48079706  -0.48079706
  6.26000000  -0.47926005  -0.47926005  -0.47926005  -0.47926005
  6.28000000  -0.47773285  -0.47773285  -0.47773285  -0.47773285
  6.30000000  -0.47621538  -0.47621538  -0.47621538  -0.47621538
  6.32000000  -0.47470754  -0.47470754  -0.47470754  -0.47470754
  6.34000000  -0.47320924  -0.47320924  -0.47320924  -0.47320924
  6.36000000  -0.47172039  -0.47172039  -0.47172039  -0.47172039
  6.38000000  -0.47024090  -0.47024090  -0.47024090  -0.47024090
  6.40000000  -0.46877069  -0.46877069  -0.46877069  -0.46877069
  6.42000000  -0.46730965  -0.46730965  -0.46730965  -0.46730965
  6.44000000  -0.46585772  -0.46585772  -0.46585772  -0.46585772
  6.46000000  -0.46441480  -0.46441480  -0.46441480  -0.46441480
  6.48000000  -0.46298080  -0.46298080  -0.46298080  -0.46298080
  6.50000000  -0.46155565  -0.46155565  -0.46155565  -0.46155565
  6.52000000  -0.46013926  -0.46013926  -0.46013926  -0.46013926
  6.54000000  -0.45873156  -0.45873156  -0.45873156  -0.45873156
  6.56000000  -0.45733246  -0.45733246  -0.45733246  -0.45733246
  6.58000000  -0.45594187  -0.45594187  -0.45594187  -0.45594187
  6.60000000  -0.45455974  -0.45455974  -0.45455974  -0.45455974
  6.62000000  -0.45318597  -0.45318597  -0.45318597  -0.45318597
  6.64000000  -0.45182049  -0.45182049  -0.45182049  -0.45182049
  6.66000000  -0.45046323  -0.45046323  -0.45046323  -0.45046323
  6.68000000  -0.44911412  -0.44911412  -0.44911412  -0.44911412
  6.70000000  -0.44777307  -0.44777307  -0.44777307  -0.44777307
  6.72000000  -0.44644001  -0.44644001  -0.44644001  -0.44644001
  6.74000000  -0.44511488  -0.44511488  -0.44511488  -0.44511488
  6.76000000  -0.44379761  -0.44379761  -0.44379761  -0.44379761
  6.78000000  -0.44248812  -0.44248812  -0.44248812  -0.44248812
  6.80000000  -0.44118634  -0.44118634  -0.44118634  -0.44118634
  6.82000000  -0.43989221  -0.43989221  -0.43989221  -0.43989221
  6.84000000  -0.43860566  -0.43860566  -0.43860566  -0.43860566
  6.86000000  -0.43732662  -0.43732662  -0.43732662  -0.43732662
  6.88000000  -0.43605502  -0.43605502  -0.43605502  -0.43605502
  6.90000000  -0.43479081  -0.43479081  -0.43479081  -0.43479081
  6.92000000  -0.43353392  -0.43353392  -0.43353392  -0.43353392
  6.94000000  -0.43228428  -0.43228428  -0.43228428  -0.43228428
  6.96000000  -0.43104183  -0.43104183  -0.43104183  -0.43104183
  6.98000000  -0.42980651  -0.42980651  -0.42980651  -0.42980651
  7.00000000  -0.42857825  -0.42857825  -0.42857825  -0.42857825
  7.02000000  -0.42735700  -0.42735700  -0.42735700  -0.42735700
  7.04000000  -0.42614270  -0.42614270  -0.42614270  -0.42614270
  7.06000000  -0.42493529  -0.42493529  -0.42493529  -0.42493529
  7.08000000  -0.42373470  -0.42373470  -0.42373470  -0.42373470
  7.10000000  -0.42254088  -0.42254088  -0.42254088  -0.42254088
  7.12000000  -0.42135378  -0.42135378  -0.42135378  -0.42135378
  7.14000000  -0.42017334  -0.42017334  -0.42017334  -0.42017334
  7.16000000  -0.41899949  -0.41899949  -0.41899949  -0.41899949
  7.18000000  -0.41783219  -0.41783219  -0.41783219  -0.41783219
  7.20000000  -0.41667138  -0.41667138  -0.41667138  -0.41667138
  7.22000000  -0.41551701  -0.41551701  -0.41551701  -0.41551701
  7.24000000  -0.41436902  -0.41436902  -0.41436902  -0.41436902
  7.26000000  -0.41322736  -0.41322736  -0.41322736  -0.41322736
  7.28000000  -0.41209198  -0.41209198  -0.41209198  -0.41209198
  7.30000000  -0.41096283  -0.41096283  -0.41096283  -0.41096283
  7.32000000  -0.40983985  -0.40983985  -0.40983985  -0.40983985
  7.34000000  -0.40872299  -0.40872299  -0.40872299  -0.40872299
  7.36000000  -0.40761221  -0.40761221  -0.40761221  -0.40761221
  7.38000000  -0.40650745  -0.40650745  -0.40650745  -0.40650745
  7.40000000  -0.40540867  -0.40540867  -0.40540867  -0.40540867
  7.42000000  -0.40431581  -0.40431581  -0.40431581  -0.40431581
  7.44000000  -0.40322884  -0.40322884  -0.40322884  -0.40322884
  7.46000000  -0.40214769  -0.40214769  -0.40214769  -0.40214769
  7.48000000  -0.40107234  -0.40107234  -0.40107234  -0.40107234
  7.50000000  -0.40000271  -0.40000271  -0.40000271  -0.40000271
  7.52000000  -0.39893879  -0.39893879  -0.39893879  -0.39893879
  7.54000000  -0.39788051  -0.39788051  -0.39788051  -0.39788051
  7.56000000  -0.39682783  -0.39682783  -0.39682783  -0.39682783
  7.58000000  -0.39578071  -0.39578071  -0.39578071  -0.39578071
  7.60000000  -0.39473910  -0.39473910  -0.39473910  -0.39473910
  7.62000000  -0.39370296  -0.39370296  -0.39370296  -0.39370296
  7.64000000  -0.39267226  -0.39267226  -0.39267226  -0.39267226
  7.66000000  -0.39164693  -0.39164693  -0.39164693  -0.39164693
  7.68000000  -0.39062695  -0.39062695  -0.39062695  -0.39062695
  7.70000000  -0.38961227  -0.38961227  -0.38961227  -0.38961227
  7.72000000  -0.38860285  -0.38860285  -0.38860285  -0.38860285
  7.74000000  -0.38759865  -0.38759865  -0.38759865  -0.38759865
  7.76000000  -0.38659962  -0.38659962  -0.38659962  -0.38659962
  7.78000000  -0.38560574  -0.38560574  -0.38560574  -0.38560574
  7.80000000  -0.38461695  -0.38461695  -0.38461695  -0.38461695
  7.82000000  -0.38363322  -0.38363322  -0.38363322  -0.38363322
  7.84000000  -0.38265451  -0.38265451  -0.38265451  -0.38265451
  7.86000000  -0.38168079  -0.38168079  -0.38168079  -0.38168079
  7.88000000  -0.38071201  -0.38071201  -0.38071201  -0.38071201
  7.90000000  -0.37974814  -0.37974814  -0.37974814  -0.37974814
  7.92000000  -0.37878913  -0.37878913  -0.37878913  -0.37878913
  7.94000000  -0.37783496  -0.37783496  -0.37783496  -0.37783496
  7.96000000  -0.37688559  -0.37688559  -0.37688559  -0.37688559
  7.98000000  -0.37594097  -0.37594097  -0.37594097  -0.37594097
  8.00000000  -0.37500108  -0.37500108  -0.37500108  -0.37500108
  8.02000000  -0.37406588  -0.37406588  -0.37406588  -0.37406588
  8.04000000  -0.37313533  -0.37313533  -0.37313533  -0.37313533
  8.06000000  -0.37220941  -0.37220941  -0.37220941  -0.37220941
  8.08000000  -0.37128806  -0.37128806  -0.37128806  -0.37128806
  8.10000000  -0.37037127  -0.37037127  -0.37037127  -0.37037127
  8.12000000  -0.36945900  -0.36945900  -0.36945900  -0.36945900
  8.14000000  -0.36855121  -0.36855121  -0.36855121  -0.36855121
  8.16000000  -0.36764787  -0.36764787  -0.36764787  -0.36764787
  8.18000000  -0.36674894  -0.36674894  -0.36674894  -0.36674894
  8.20000000  -0.36585441  -0.36585441  -0.36585441  -0.36585441
  8.22000000  -0.36496423  -0.36496423  -0.36496423  -0.36496423
  8.24000000  -0.36407837  -0.36407837  -0.36407837  -0.36407837
  8.26000000  -0.36319680  -0.36319680  -0.36319680  -0.36319680
  8.28000000  -0.36231949  -0.36231949  -0.36231949  -0.36231949
  8.30000000  -0.36144641  -0.36144641  -0.36144641  -0.36144641
  8.32000000  -0.36057752  -0.36057752  -0.36057752  -0.36057752
  8.34000000  -0.35971281  -0.35971281  -0.35971281  -0.35971281
  8.36000000  -0.35885223  -0.35885223  -0.35885223  -0.35885223
  8.38000000  -0.35799577  -0.35799577  -0.35799577  -0.35799577
  8.40000000  -0.35714338  -0.35714338  -0.35714338  -0.35714338
  8.42000000  -0.35629504  -0.35629504  -0.35629504  -0.35629504
  8.44000000  -0.35545072  -0.35545072  -0.35545072  -0.35545072
  8.46000000  -0.35461039  -0.35461039  -0.35461039  -0.35461039
  8.48000000  -0.35377403  -0.35377403  -0.35377403  -0.35377403
  8.50000000  -0.35294161  -0.35294161  -0.35294161  -0.35294161
  8.52000000  -0.35211309  -0.35211309  -0.35211309  -0.35211309
  8.54000000  -0.35128846  -0.35128846  -0.35128846  -0.35128846
  8.56000000  -0.35046768  -0.35046768  -0.35046768  -0.35046768
  8.58000000  -0.34965072  -0.34965072  -0.34965072  -0.34965072
  8.60000000  -0.34883757  -0.34883757  -0.34883757  -0.34883757
  8.62000000  -0.34802819  -0.34802819  -0.34802819  -0.34802819
  8.64000000  -0.34722256  -0.34722256  -0.34722256  -0.34722256
  8.66000000  -0.34642065  -0.34642065  -0.34642065  -0.34642065
  8.68000000  -0.34562243  -0.34562243  -0.34562243  -0.34562243
  8.70000000  -0.34482789  -0.34482789  -0.34482789  -0.34482789
  8.72000000  -0.34403699  -0.34403699  -0.34403699  -0.34403699
  8.74000000  -0.34324971  -0.34324971  -0.34324971  -0.34324971
  8.76000000  -0.34246602  -0.34246602  -0.34246602  -0.34246602
  8.78000000  -0.34168591  -0.34168591  -0.34168591  -0.34168591
  8.80000000  -0.34090934  -0.34090934  -0.34090934  -0.34090934
  8.82000000  -0.34013630  -0.34013630  -0.34013630  -0.34013630
  8.84000000  -0.33936675  -0.33936675  -0.33936675  -0.33936675
  8.86000000  -0.33860068  -0.33860068  -0.33860068  -0.33860068
  8.88000000  -0.33783805  -0.33783805  -0.33783805  -0.33783805
  8.90000000  -0.33707886  -0.33707886  -0.33707886  -0.33707886
  8.92000000  -0.33632307  -0.33632307  -0.33632307  -0.33632307
  8.94000000  -0.33557066  -0.33557066  -0.33557066  -0.33557066
  8.96000000  -0.33482162  -0.33482162  -0.33482162  -0.33482162
  8.98000000  -0.33407590  -0.33407590  -0.33407590  -0.33407590
  9.00000000  -0.33333351  -0.33333351  -0.33333351  -0.33333351
  9.02000000  -0.33259440  -0.33259440  -0.33259440  -0.33259440
  9.04000000  -0.33185857  -0.33185857  -0.33185857  -0.33185857
  9.06000000  -0.33112598  -0.33112598  -0.33112598  -0.33112598
  9.08000000  -0.33039663  -0.33039663  -0.33039663  -0.33039663
  9.10000000  -0.32967047  -0.32967047  -0.32967047  -0.32967047
  9.12000000  -0.32894751  -0.32894751  -0.32894751  -0.32894751
  9.14000000  -0.32822771  -0.32822771  -0.32822771  -0.32822771
  9.16000000  -0.32751105  -0.32751105  -0.32751105  -0.32751105
  9.18000000  -0.32679751  -0.32679751  -0.32679751  -0.32679751
  9.20000000  -0.32608708  -0.32608708  -0.32608708  -0.32608708
  9.22000000  -0.32537973  -0.32537973  -0.32537973  -0.32537973
  9.24000000  -0.32467544  -0.32467544  -0.32467544  -0.32467544
  9.26000000  -0.32397419  -0.32397419  -0.32397419  -0.32397419
  9.28000000  -0.32327597  -0.32327597  -0.32327597  -0.32327597
  9.30000000  -0.32258075  -0.32258075  -0.32258075  -0.32258075
  9.32000000  -0.32188851  -0.32188851  -0.32188851  -0.32188851
  9.34000000  -0.32119924  -0.32119924  -0.32119924  -0.32119924
  9.36000000  -0.32051291  -0.32051291  -0.32051291  -0.32051291
  9.38000000  -0.31982951  -0.31982951  -0.31982951  -0.31982951
  9.40000000  -0.31914902  -0.31914902  -0.31914902  -0.31914902
  9.42000000  -0.31847142  -0.31847142  -0.31847142  -0.31847142
  9.44000000  -0.31779669  -0.31779669  -0.31779669  -0.31779669
  9.46000000  -0.31712481  -0.31712481  -0.31712481  -0.31712481
  9.48000000  -0.31645577  -0.31645577  -0.31645577  -0.31645577
  9.50000000  -0.31578954  -0.31578954  -0.31578954  -0.31578954
  9.52000000  -0.31512612  -0.31512612  -0.31512612  -0.31512612
  9.54000000  -0.31446547  -0.31446547  -0.31446547  -0.31446547
  9.56000000  -0.31380759  -0.31380759  -0.31380759  -0.31380759
  9.58000000  -0.31315246  -0.31315246  -0.31315246  -0.31315246
  9.60000000  -0.31250006  -0.31250006  -0.31250006  -0.31250006
  9.62000000  -0.31185037  -0.31185037  -0.31185037  -0.31185037
  9.64000000  -0.31120337  -0.31120337  -0.31120337  -0.31120337
  9.66000000  -0.31055906  -0.31055906  -0.31055906  -0.31055906
  9.68000000  -0.30991741  -0.30991741  -0.30991741  -0.30991741
  9.70000000  -0.30927840  -0.30927840  -0.30927840  -0.30927840
  9.72000000  -0.30864202  -0.30864202  -0.30864202  -0.30864202
  9.74000000  -0.30800826  -0.30800826  -0.30800826  -0.30800826
  9.76000000  -0.30737709  -0.30737709  -0.30737709  -0.30737709
  9.78000000  -0.30674851  -0.30674851  -0.30674851  -0.30674851
  9.80000000  -0.30612249  -0.30612249  -0.30612249  -0.30612249
  9.82000000  -0.30549902  -0.30549902  -0.30549902  -0.30549902
  9.84000000  -0.30487809  -0.30487809  -0.30487809  -0.30487809
  9.86000000  -0.30425967  -0.30425967  -0.30425967  -0.30425967
  9.88000000  -0.30364376  -0.30364376  -0.30364376  -0.30364376
  9.90000000  -0.30303034  -0.30303034  -0.30303034  -0.30303034
  9.92000000  -0.30241939  -0.30241939  -0.30241939  -0.30241939
  9.94000000  -0.30181090  -0.30181090  -0.30181090  -0.30181090
  9.96000000  -0.30120485  -0.30120485  -0.30120485  -0.30120485
  9.98000000  -0.30060123  -0.30060123  -0.30060123  -0.30060123
 10.00000000  -0.30000003  -0.30000003  -0.30000003  -0.30000003
  0.00000510   0.00000053   0.00000000   0.00000000   0.00000000
  0.02000000   0.00208509   0.00005209   0.00000001   0.00000000
  0.04000000   0.00417738   0.00020837   0.00000011   0.00000000
  0.06000000   0.00628411   0.00046895   0.00000036   0.00000001
  0.08000000   0.00841253   0.00083397   0.00000086   0.00000002
  0.10000000   0.01056993   0.00130364   0.00000169   0.00000004
  0.12000000   0.01276362   0.00187821   0.00000292   0.00000009
  0.14000000   0.01500091   0.00255801   0.00000463   0.00000017
  0.16000000   0.01728916   0.00334339   0.00000692   0.00000028
  0.18000000   0.01963570   0.00423477   0.00000985   0.00000045
  0.20000000   0.02204788   0.00523259   0.00001352   0.00000069
  0.22000000   0.02453304   0.00633735   0.00001800   0.00000101
  0.24000000   0.02709855   0.00754957   0.00002337   0.00000143
  0.26000000   0.02975174   0.00886978   0.00002973   0.00000196
  0.28000000   0.03249995   0.01029857   0.00003715   0.00000264
  0.30000000   0.03535048   0.01183650   0.00004571   0.00000347
  0.32000000   0.03831063   0.01348418   0.00005550   0.00000448
  0.34000000   0.04138765   0.01524220   0.00006660   0.00000570
  0.36000000   0.04458874   0.01711114   0.00007910   0.00000715
  0.38000000   0.04792104   0.01909161   0.00009307   0.00000885
  0.40000000   0.05139161   0.02118415   0.00010861   0.00001084
  0.42000000   0.05500744   0.02338933   0.00012579   0.00001315
  0.44000000   0.05877539   0.02570764   0.00014471   0.00001579
  0.46000000   0.06270223   0.02813957   0.00016544   0.00001881
  0.48000000   0.06679459   0.03068557   0.00018807   0.00002223
  0.50000000   0.07105892   0.03334602   0.00021268   0.00002609
  0.52000000   0.07550155   0.03612128   0.00023935   0.00003042
  0.54000000   0.08012857   0.03901161   0.00026818   0.00003524
  0.56000000   0.08494588   0.04201724   0.00029923   0.00004060
  0.58000000   0.08995909   0.04513833   0.00033261   0.00004653
  0.60000000   0.09517359   0.04837494   0.00036838   0.00005307
  0.62000000   0.10059444   0.05172709   0.00040663   0.00006024
  0.64000000   0.10622638   0.05519468   0.00044745   0.00006808
  0.66000000   0.11207381   0.05877754   0.00049090   0.00007662
  0.68000000   0.11814076   0.06247543   0.00053708   0.00008590
  0.70000000   0.12443085   0.06628799   0.00058607   0.00009595
  0.72000000   0.13094729   0.07021480   0.00063793   0.00010681
  0.74000000   0.13769283   0.07425533   0.00069275   0.00011850
  0.76000000   0.14466975   0.07840895   0.00075061   0.00013105
  0.78000000   0.15187980   0.08267496   0.00081158   0.00014451
  0.80000000   0.15932421   0.08705254   0.00087573   0.00015888
  0.82000000   0.16700358   0.09154078   0.00094314   0.00017422
  0.84000000   0.17491795   0.09613867   0.00101388   0.00019053
  0.86000000   0.18306667   0.10084510   0.00108801   0.00020785
  0.88000000   0.19144842   0.10565885   0.00116561   0.00022620
  0.90000000   0.20006115   0.11057860   0.00124675   0.00024560
  0.92000000   0.20890204   0.11560292   0.00133148   0.00026608
  0.94000000   0.21796749   0.12073026   0.00141987   0.00028765
  0.96000000   0.22725309   0.12595897   0.00151198   0.00031034
  0.98000000   0.23675356   0.13128728   0.00160786   0.00033415
  1.00000000   0.24646274   0.13671328   0.00170758   0.00035910
  1.02000000   0.25637359   0.14223497   0.00181119   0.00038521
  1.04000000   0.26647815   0.14785020   0.00191873   0.00041248
  1.06000000   0.27676753   0.15355670   0.00203026   0.00044092
  1.08000000   0.28723191   0.15935207   0.00214582   0.00047054
  1.10000000   0.29786055   0.16523378   0.00226546   0.00050135
  1.12000000   0.30864177   0.17119916   0.00238921   0.00053334
  1.14000000   0.31956298   0.17724539   0.00251710   0.00056652
  1.16000000   0.33061071   0.18336955   0.00264919   0.00060088
  1.18000000   0.34177062   0.18956853   0.00278548   0.00063643
  1.20000000   0.35302754   0.19583912   0.00292602   0.00067315
  1.22000000   0.36436554   0.20217793   0.00307082   0.00071104
  1.24000000   0.37576792   0.20858145   0.00321991   0.00075009
  1.26000000   0.38721734   0.21504603   0.00337329   0.00079030
  1.28000000   0.39869582   0.22156786   0.00353100   0.00083164
  1.30000000   0.41018487   0.22814300   0.00369302   0.00087412
  1.32000000   0.42166553   0.23476736   0.00385938   0.00091770
  1.34000000   0.43311847   0.24143673   0.00403007   0.00096239
  1.36000000   0.44452409   0.24814675   0.00420509   0.00100816
  1.38000000   0.45586258   0.25489293   0.00438444   0.00105501
  1.40000000   0.46711407   0.26167065   0.00456810   0.00110290
  1.42000000   0.47825869   0.26847517   0.00475607   0.00115183
  1.44000000   0.48927667   0.27530164   0.00494832   0.00120177
  1.46000000   0.50014850   0.28214509   0.00514485   0.00125272
  1.48000000   0.51085498   0.28900045   0.00534562   0.00130465
  1.50000000   0.52137732   0.29586254   0.00555061   0.00135754
  1.52000000   0.53169730   0.30272612   0.00575979   0.00141139
  1.54000000   0.54179730   0.30958582   0.00597312   0.00146618
  1.56000000   0.55166044   0.31643627   0.00619057   0.00152189
  1.58000000   0.56127063   0.32327197   0.00641210   0.00157851
  1.60000000   0.57061270   0.33008742   0.00663767   0.00163604
  1.62000000   0.57967244   0.33687706   0.00686723   0.00169445
  1.64000000   0.58843665   0.34363532   0.00710073   0.00175374
  1.66000000   0.59689324   0.35035660   0.00733812   0.00181391
  1.68000000   0.60503128   0.35703532   0.00757934   0.00187496
  1.70000000   0.61284097   0.36366591   0.00782435   0.00193688
  1.72000000   0.62031377   0.37024282   0.00807309   0.00199966
  1.74000000   0.62744234   0.37676055   0.00832549   0.00206333
  1.76000000   0.63422057   0.38321368   0.00858150   0.00212788
  1.78000000   0.64064361   0.38959683   0.00884104   0.00219331
  1.80000000   0.64670780   0.39590474   0.00910407   0.00225965
  1.82000000   0.65241071   0.40213222   0.00937052   0.00232690
  1.84000000   0.65775108   0.40827424   0.00964031   0.00239508
  1.86000000   0.66272877   0.41432588   0.00991339   0.00246421
  1.88000000   0.66734474   0.42028237   0.01018969   0.00253431
  1.90000000   0.67160098   0.42613912   0.01046915   0.00260541
  1.92000000   0.67550048   0.43189169   0.01075170   0.00267753
  1.94000000   0.67904712   0.43753585   0.01103728   0.00275071
  1.96000000   0.68224564   0.44306758   0.01132582   0.00282496
  1.98000000   0.68510155   0.44848304   0.01161726   0.00290034
  2.00000000   0.68762107   0.45377865   0.01191155   0.00297687
  2.02000000   0.68981105   0.45895104   0.01220862   0.00305459
  2.04000000   0.69167889   0.46399710   0.01250842   0.00313354
  2.06000000   0.69323248   0.46891397   0.01281090   0.00321377
  2.08000000   0.69448011   0.47369902   0.01311600   0.00329532
  2.10000000   0.69543041   0.47834993   0.01342366   0.00337823
  2.12000000   0.69609228   0.48286459   0.01373386   0.00346255
  2.14000000   0.69647483   0.48724121   0.01404654   0.00354832
  2.16000000   0.69658731   0.49147824   0.01436166   0.00363560
  2.18000000   0.69643906   0.49557440   0.01467919   0.00372443
  2.20000000   0.69603945   0.49952869   0.01499909   0.00381486
  2.22000000   0.69539784   0.50334036   0.01532134   0.00390694
  2.24000000   0.69452355   0.50700895   0.01564591   0.00400072
  2.26000000   0.69342579   0.51053422   0.01597277   0.00409625
  2.28000000   0.69211364   0.51391620   0.01630192   0.00419357
  2.30000000   0.69059605   0.51715518   0.01663333   0.00429274
  2.32000000   0.68888178   0.52025163   0.01696699   0.00439380
  2.34000000   0.68697938   0.52320631   0.01730291   0.00449680
  2.36000000   0.68489719   0.52602014   0.01764108   0.00460178
  2.38000000   0.68264334   0.52869428   0.01798149   0.00470879
  2.40000000   0.68022571   0.53123005   0.01832417   0.00481788
  2.42000000   0.67765194   0.53362897   0.01866912   0.00492909
  2.44000000   0.67492942   0.53589272   0.01901635   0.00504246
  2.46000000   0.67206532   0.53802314   0.01936589   0.00515803
  2.48000000   0.66906652   0.54002219   0.01971775   0.00527584
  2.50000000   0.66593971   0.54189197   0.02007195   0.00539593
  2.52000000   0.66269131   0.54363469   0.02042854   0.00551834
  2.54000000   0.65932751   0.54525266   0.02078753   0.00564311
  2.56000000   0.65585428   0.54674827   0.02114897   0.00577027
  2.58000000   0.65227737   0.54812399   0.02151289   0.00589985
  2.60000000   0.64860232   0.54938234   0.02187932   0.00603189
  2.62000000   0.64483446   0.55052590   0.02224832   0.00616642
  2.64000000   0.64097892   0.55155727   0.02261993   0.00630348
  2.66000000   0.63704066   0.55247911   0.02299419   0.00644309
  2.68000000   0.63302443   0.55329404   0.02337114   0.00658528
  2.70000000   0.62893482   0.55400475   0.02375084   0.00673009
  2.72000000   0.62477626   0.55461387   0.02413334   0.00687755
  2.74000000   0.62055300   0.55512405   0.02451868   0.00702768
  2.76000000   0.61626914   0.55553792   0.02490692   0.00718051
  2.78000000   0.61192865   0.55585807   0.02529810   0.00733607
  2.80000000   0.60753534   0.55608707   0.02569228   0.00749439
  2.82000000   0.60309289   0.55622745   0.02608951   0.00765550
  2.84000000   0.59860484   0.55628170   0.02648984   0.00781943
  2.86000000   0.59407460   0.55625226   0.02689331   0.00798620
  2.88000000   0.58950548   0.55614152   0.02729997   0.00815584
  2.90000000   0.58490065   0.55595184   0.02770988   0.00832839
  2.92000000   0.58026318   0.55568550   0.02812307   0.00850387
  2.94000000   0.57559603   0.55534474   0.02853960   0.00868231
  2.96000000   0.57090203   0.55493173   0.02895950   0.00886374
  2.98000000   0.56618394   0.55444861   0.02938281   0.00904819
  3.00000000   0.56144440   0.55389745   0.02980958   0.00923569
  3.02000000   0.55668596   0.55328025   0.03023984   0.00942628
  3.04000000   0.55191107   0.55259897   0.03067363   0.00961998
  3.06000000   0.54712211   0.55185552   0.03111098   0.00981683
  3.08000000   0.54232135   0.55105175   0.03155192   0.01001686
  3.10000000   0.53751098   0.55018945   0.03199648   0.01022010
  3.12000000   0.53269313   0.54927037   0.03244469   0.01042659
  3.14000000   0.52786980   0.54829621   0.03289658   0.01063636
  3.16000000   0.52304297   0.54726861   0.03335216   0.01084945
  3.18000000   0.51821451   0.54618918   0.03381146   0.01106589
  3.20000000   0.51338623   0.54505948   0.03427450   0.01128572
  3.22000000   0.50855986   0.54388102   0.03474129   0.01150898
  3.24000000   0.50373707   0.54265527   0.03521186   0.01173569
  3.26000000   0.49891946   0.54138366   0.03568621   0.01196591
  3.28000000   0.49410856   0.54006759   0.03616437   0.01219967
  3.30000000   0.48930586   0.53870842   0.03664633   0.01243700
  3.32000000   0.48451277   0.53730746   0.03713212   0.01267795
  3.34000000   0.47973063   0.53586601   0.03762173   0.01292256
  3.36000000   0.47496075   0.53438532   0.03811519   0.01317086
  3.38000000   0.47020437   0.53286662   0.03861250   0.01342290
  3.40000000   0.46546269   0.53131109   0.03911366   0.01367872
  3.42000000   0.46073683   0.52971990   0.03961868   0.01393836
  3.44000000   0.45602789   0.52809419   0.04012758   0.01420187
  3.46000000   0.45133690   0.52643507   0.04064035   0.01446928
  3.48000000   0.44666486   0.52474361   0.04115701   0.01474064
  3.50000000   0.44201272   0.52302088   0.04167756   0.01501599
  3.52000000   0.43738138   0.52126791   0.04220200   0.01529539
  3.54000000   0.43277169   0.51948570   0.04273035   0.01557886
  3.56000000   0.42818448   0.51767524   0.04326262   0.01586646
  3.58000000   0.42362053   0.51583750   0.04379881   0.01615823
  3.60000000   0.41908057   0.51397342   0.04433894   0.01645422
  3.62000000   0.41456530   0.51208391   0.04488301   0.01675448
  3.64000000   0.41007540   0.51016989   0.04543104   0.01705905
  3.66000000   0.40561149   0.50823221   0.04598305   0.01736798
  3.68000000   0.40117418   0.50627176   0.04653904   0.01768132
  3.70000000   0.39676402   0.50428936   0.04709903   0.01799912
  3.72000000   0.39238155   0.50228584   0.04766305   0.01832142
  3.74000000   0.38802726   0.50026201   0.04823110   0.01864827
  3.76000000   0.38370164   0.49821865   0.04880321   0.01897974
  3.78000000   0.37940512   0.49615652   0.04937941   0.01931585
  3.80000000   0.37513813   0.49407639   0.04995971   0.01965668
  3.82000000   0.37090104   0.49197898   0.05054414   0.02000226
  3.84000000   0.36669423   0.48986501   0.05113273   0.02035265
  3.86000000   0.36251803   0.48773519   0.05172551   0.02070790
  3.88000000   0.35837275   0.48559020   0.05232250   0.02106807
  3.90000000   0.35425868   0.48343072   0.05292374   0.02143321
  3.92000000   0.35017610   0.48125740   0.05352925   0.02180337
  3.94000000   0.34612525   0.47907088   0.05413909   0.02217861
  3.96000000   0.34210636   0.47687179   0.05475327   0.02255898
  3.98000000   0.33811962   0.47466075   0.05537184   0.02294454
  4.00000000   0.33416523   0.47243835   0.05599483   0.02333535
  4.02000000   0.33024335   0.47020518   0.05662230   0.02373146
  4.04000000   0.32635414   0.46796181   0.05725427   0.02413293
  4.06000000   0.32249772   0.46570880   0.05789079   0.02453981
  4.08000000   0.31867420   0.46344670   0.05853191   0.02495217
  4.10000000   0.31488369   0.46117605   0.05917767   0.02537007
  4.12000000   0.31112627   0.45889736   0.05982812   0.02579356
  4.14000000   0.30740200   0.45661114   0.06048331   0.02622270
  4.16000000   0.30371095   0.45431790   0.06114328   0.02665757
  4.18000000   0.30005314   0.45201812   0.06180808   0.02709821
  4.20000000   0.29642860   0.44971227   0.06247778   0.02754469
  4.22000000   0.29283735   0.44740082   0.06315241   0.02799707
  4.24000000   0.28927939   0.44508423   0.06383203   0.02845542
  4.26000000   0.28575470   0.44276294   0.06451669   0.02891981
  4.28000000   0.28226326   0.44043737   0.06520646   0.02939028
  4.30000000   0.27880505   0.43810796   0.06590138   0.02986692
  4.32000000   0.27538000   0.43577511   0.06660152   0.03034979
  4.34000000   0.27198808   0.43343923   0.06730693   0.03083894
  4.36000000   0.26862921   0.43110071   0.06801766   0.03133447
  4.38000000   0.26530332   0.42875994   0.06873378   0.03183642
  4.40000000   0.26201034   0.42641728   0.06945535   0.03234486
  4.42000000   0.25875015   0.42407311   0.07018242   0.03285988
  4.44000000   0.25552268   0.42172777   0.07091506   0.03338153
  4.46000000   0.25232781   0.41938162   0.07165334   0.03390990
  4.48000000   0.24916543   0.41703500   0.07239730   0.03444504
  4.50000000   0.24603541   0.41468824   0.07314702   0.03498704
  4.52000000   0.24293763   0.41234166   0.07390255   0.03553596
  4.54000000   0.23987195   0.40999558   0.07466397   0.03609189
  4.56000000   0.23683823   0.40765029   0.07543133   0.03665489
  4.58000000   0.23383633   0.40530611   0.07620471   0.03722504
  4.60000000   0.23086608   0.40296332   0.07698417   0.03780241
  4.62000000   0.22792734   0.40062221   0.07776977   0.03838709
  4.64000000   0.22501993   0.39828305   0.07856158   0.03897915
  4.66000000   0.22214369   0.39594612   0.07935967   0.03957867
  4.68000000   0.21929846   0.39361168   0.08016411   0.04018573
  4.70000000   0.21648404   0.39127998   0.08097497   0.04080041
  4.72000000   0.21370026   0.38895127   0.08179231   0.04142279
  4.74000000   0.21094694   0.38662580   0.08261621   0.04205295
  4.76000000   0.20822388   0.38430381   0.08344673   0.04269098
  4.78000000   0.20553089   0.38198551   0.08428395   0.04333695
  4.80000000   0.20286778   0.37967115   0.08512794   0.04399096
  4.82000000   0.20023435   0.37736092   0.08597878   0.04465309
  4.84000000   0.19763039   0.37505506   0.08683653   0.04532342
  4.86000000   0.19505571   0.37275376   0.08770126   0.04600203
  4.88000000   0.19251009   0.37045723   0.08857306   0.04668903
  4.90000000   0.18999333   0.36816566   0.08945200   0.04738450
  4.92000000   0.18750521   0.36587924   0.09033815   0.04808852
  4.94000000   0.18504552   0.36359815   0.09123159   0.04880119
  4.96000000   0.18261405   0.36132258   0.09213239   0.04952260
  4.98000000   0.18021058   0.35905269   0.09304064   0.05025284
  5.00000000   0.17783489   0.35678867   0.09395640   0.05099201
  5.02000000   0.17548675   0.35453066   0.09487977   0.05174020
  5.04000000   0.17316596   0.35227884   0.09581081   0.05249750
  5.06000000   0.17087228   0.35003335   0.09674961   0.05326401
  5.08000000   0.16860549   0.34779435   0.09769626   0.05403983
  5.10000000   0.16636537   0.34556198   0.09865082   0.05482506
  5.12000000   0.16415169   0.34333638   0.09961338   0.05561979
  5.14000000   0.16196423   0.34111769   0.10058403   0.05642413
  5.16000000   0.15980276   0.33890604   0.10156285   0.05723818
  5.18000000   0.15766704   0.33670157   0.10254992   0.05806204
  5.20000000   0.15555686   0.33450438   0.10354532   0.05889581
  5.22000000   0.15347199   0.33231462   0.10454915   0.05973960
  5.24000000   0.15141219   0.33013238   0.10556149   0.06059351
  5.26000000   0.14937725   0.32795779   0.10658242   0.06145765
  5.28000000   0.14736692   0.32579095   0.10761204   0.06233213
  5.30000000   0.14538099   0.32363197   0.10865042   0.06321706
  5.32000000   0.14341922   0.32148095   0.10969767   0.06411255
  5.34000000   0.14148138   0.31933799   0.11075387   0.06501870
  5.36000000   0.13956726   0.31720318   0.11181911   0.06593564
  5.38000000   0.13767661   0.31507662   0.11289349   0.06686347
  5.40000000   0.13580922   0.31295838   0.11397709   0.06780230
  5.42000000   0.13396486   0.31084857   0.11507001   0.06875226
  5.44000000   0.13214329   0.30874725   0.11617235   0.06971347
  5.46000000   0.13034430   0.30665450   0.11728419   0.07068603
  5.48000000   0.12856767   0.30457041   0.11840564   0.07167007
  5.50000000   0.12681316   0.30249504   0.11953678   0.07266571
  5.52000000   0.12508055   0.30042847   0.12067773   0.07367307
  5.54000000   0.12336963   0.29837076   0.12182857   0.07469228
  5.56000000   0.12168016   0.29632197   0.12298941   0.07572345
  5.58000000   0.12001193   0.29428217   0.12416034   0.07676672
  5.60000000   0.11836472   0.29225141   0.12534147   0.07782221
  5.62000000   0.11673831   0.29022976   0.12653289   0.07889005
  5.64000000   0.11513248   0.28821725   0.12773472   0.07997037
  5.66000000   0.11354702   0.28621395   0.12894705   0.08106330
  5.68000000   0.11198171   0.28421991   0.13016999   0.08216897
  5.70000000   0.11043633   0.28223516   0.13140364   0.08328752
  5.72000000   0.10891067   0.28025975   0.13264812   0.08441908
  5.74000000   0.10740452   0.27829373   0.13390352   0.08556379
  5.76000000   0.10591767   0.27633713   0.13516996   0.08672178
  5.78000000   0.10444991   0.27439000   0.13644755   0.08789320
  5.80000000   0.10300103   0.27245236   0.13773640   0.08907818
  5.82000000   0.10157082   0.27052424   0.13903661   0.09027687
  5.84000000   0.10015908   0.26860568   0.14034830   0.09148941
  5.86000000   0.09876559   0.26669672   0.14167159   0.09271595
  5.88000000   0.09739017   0.26479736   0.14300658   0.09395662
  5.90000000   0.09603261   0.26290765   0.14435340   0.09521159
  5.92000000   0.09469270   0.26102759   0.14571216   0.09648100
  5.94000000   0.09337025   0.25915722   0.14708297   0.09776500
  5.96000000   0.09206507   0.25729655   0.14846596   0.09906374
  5.98000000   0.09077694   0.25544560   0.14986125   0.10037738
  6.00000000   0.08950569   0.25360439   0.15126896   0.10170608
  6.02000000   0.08825111   0.25177293   0.15268920   0.10304998
  6.04000000   0.08701302   0.24995122   0.15412211   0.10440926
  6.06000000   0.08579123   0.24813930   0.15556780   0.10578407
  6.08000000   0.08458554   0.24633715   0.15702640   0.10717457
  6.10000000   0.08339576   0.24454480   0.15849804   0.10858092
  6.12000000   0.08222173   0.24276225   0.15998285   0.11000330
  6.14000000   0.08106324   0.24098949   0.16148095   0.11144187
  6.16000000   0.07992012   0.23922655   0.16299248   0.11289680
  6.18000000   0.07879218   0.23747341   0.16451756   0.11436826
  6.20000000   0.07767925   0.23573008   0.16605633   0.11585642
  6.22000000   0.07658116   0.23399656   0.16760892   0.11736145
  6.24000000   0.07549771   0.23227284   0.16917547   0.11888354
  6.26000000   0.07442874   0.23055893   0.17075611   0.12042287
  6.28000000   0.07337407   0.22885482   0.17235097   0.12197960
  6.30000000   0.07233354   0.22716051   0.17396021   0.12355392
  6.32000000   0.07130697   0.22547598   0.17558396   0.12514602
  6.34000000   0.07029419   0.22380123   0.17722236   0.12675608
  6.36000000   0.06929504   0.22213625   0.17887554   0.12838429
  6.38000000   0.06830935   0.22048104   0.18054367   0.13003084
  6.40000000   0.06733696   0.21883557   0.18222687   0.13169591
  6.42000000   0.06637771   0.21719985   0.18392531   0.13337971
  6.44000000   0.06543143   0.21557384   0.18563911   0.13508242
  6.46000000   0.06449796   0.21395755   0.18736845   0.13680425
  6.48000000   0.06357715   0.21235096   0.18911346   0.13854539
  6.50000000   0.06266885   0.21075405   0.19087429   0.14030604
  6.52000000   0.06177289   0.20916680   0.19265111   0.14208641
  6.54000000   0.06088912   0.20758920   0.19444406   0.14388671
  6.56000000   0.06001740   0.20602122   0.19625331   0.14570713
  6.58000000   0.05915756   0.20446285   0.19807900   0.14754790
  6.60000000   0.05830948   0.20291408   0.19992131   0.14940921
  6.62000000   0.05747299   0.20137487   0.20178038   0.15129129
  6.64000000   0.05664795   0.19984520   0.20365639   0.15319435
  6.66000000   0.05583421   0.19832506   0.20554949   0.15511861
  6.68000000   0.05503165   0.19681442   0.20745986   0.15706429
  6.70000000   0.05424010   0.19531326   0.20938765   0.15903161
  6.72000000   0.05345944   0.19382155   0.21133304   0.16102080
  6.74000000   0.05268953   0.19233926   0.21329619   0.16303208
  6.76000000   0.05193023   0.19086638   0.21527728   0.16506569
  6.78000000   0.05118140   0.18940287   0.21727649   0.16712185
  6.80000000   0.05044291   0.18794871   0.21929398   0.16920081
  6.82000000   0.04971463   0.18650387   0.22132993   0.17130279
  6.84000000   0.04899643   0.18506832   0.22338453   0.17342804
  6.86000000   0.04828818   0.18364203   0.22545794   0.17557679
  6.88000000   0.04758975   0.18222498   0.22755035   0.17774930
  6.90000000   0.04690102   0.18081713   0.22966195   0.17994580
  6.92000000   0.04622185   0.17941845   0.23179292   0.18216656
  6.94000000   0.04555213   0.17802892   0.23394345   0.18441181
  6.96000000   0.04489173   0.17664849   0.23611372   0.18668182
  6.98000000   0.04424053   0.17527715   0.23830393   0.18897683
  7.00000000   0.04359842   0.17391485   0.24051426   0.19129712
  7.02000000   0.04296527   0.17256157   0.24274491   0.19364294
  7.04000000   0.04234096   0.17121727   0.24499608   0.19601455
  7.06000000   0.04172539   0.16988192   0.24726796   0.19841223
  7.08000000   0.04111844   0.16855548   0.24956075   0.20083625
  7.10000000   0.04051998   0.16723792   0.25187465   0.20328687
  7.12000000   0.03992993   0.16592921   0.25420988   0.20576437
  7.14000000   0.03934815   0.16462930   0.25656662   0.20826903
  7.16000000   0.03877455   0.16333818   0.25894509   0.21080114
  7.18000000   0.03820901   0.16205579   0.26134550   0.21336097
  7.20000000   0.03765143   0.16078210   0.26376805   0.21594882
  7.22000000   0.03710170   0.15951708   0.26621297   0.21856497
  7.24000000   0.03655972   0.15826069   0.26868046   0.22120972
  7.26000000   0.03602539   0.15701290   0.27117074   0.22388336
  7.28000000   0.03549860   0.15577366   0.27368403   0.22658619
  7.30000000   0.03497926   0.15454294   0.27622055   0.22931852
  7.32000000   0.03446726   0.15332071   0.27878053   0.23208065
  7.34000000   0.03396251   0.15210692   0.28136418   0.23487288
  7.36000000   0.03346490   0.15090153   0.28397174   0.23769553
  7.38000000   0.03297435   0.14970451   0.28660343   0.24054892
  7.40000000   0.03249076   0.14851582   0.28925949   0.24343335
  7.42000000   0.03201404   0.14733543   0.29194015   0.24634916
  7.44000000   0.03154409   0.14616328   0.29464565   0.24929666
  7.46000000   0.03108082   0.14499935   0.29737622   0.25227619
  7.48000000   0.03062414   0.14384359   0.30013210   0.25528807
  7.50000000   0.03017397   0.14269597   0.30291354   0.25833264
  7.52000000   0.02973021   0.14155644   0.30572078   0.26141024
  7.54000000   0.02929278   0.14042497   0.30855407   0.26452120
  7.56000000   0.02886159   0.13930151   0.31141366   0.26766588
  7.58000000   0.02843657   0.13818603   0.31429980   0.27084461
  7.60000000   0.02801761   0.13707849   0.31721273   0.27405776
  7.62000000   0.02760465   0.13597884   0.32015273   0.27730567
  7.64000000   0.02719759   0.13488705   0.32312005   0.28058871
  7.66000000   0.02679637   0.13380307   0.32611495   0.28390723
  7.68000000   0.02640090   0.13272687   0.32913769   0.28726161
  7.70000000   0.02601109   0.13165840   0.33218854   0.29065221
  7.72000000   0.02562688   0.13059763   0.33526777   0.29407940
  7.74000000   0.02524819   0.12954452   0.33837566   0.29754357
  7.76000000   0.02487494   0.12849902   0.34151246   0.30104510
  7.78000000   0.02450706   0.12746109   0.34467847   0.30458436
  7.80000000   0.02414447   0.12643069   0.34787396   0.30816175
  7.82000000   0.02378709   0.12540778   0.35109921   0.31177766
  7.84000000   0.02343487   0.12439233   0.35435450   0.31543249
  7.86000000   0.02308773   0.12338428   0.35764013   0.31912664
  7.88000000   0.02274559   0.12238361   0.36095638   0.32286051
  7.90000000   0.02240839   0.12139026   0.36430355   0.32663451
  7.92000000   0.02207606   0.12040420   0.36768193   0.33044905
  7.94000000   0.02174853   0.11942539   0.37109182   0.33430456
  7.96000000   0.02142574   0.11845378   0.37453351   0.33820145
  7.98000000   0.02110761   0.11748934   0.37800732   0.34214015
  8.00000000   0.02079410   0.11653202   0.38151356   0.34612109
  8.02000000   0.02048512   0.11558179   0.38505252   0.35014470
  8.04000000   0.02018062   0.11463860   0.38862452   0.35421143
  8.06000000   0.01988054   0.11370241   0.39222988   0.35832170
  8.08000000   0.01958481   0.11277318   0.39586891   0.36247598
  8.10000000   0.01929337   0.11185088   0.39954195   0.36667472
  8.12000000   0.01900617   0.11093546   0.40324930   0.37091836
  8.14000000   0.01872314   0.11002687   0.40699130   0.37520738
  8.16000000   0.01844423   0.10912509   0.41076828   0.37954224
  8.18000000   0.01816938   0.10823006   0.41458058   0.38392340
  8.20000000   0.01789853   0.10734175   0.41842852   0.38835135
  8.22000000   0.01763162   0.10646012   0.42231245   0.39282656
  8.24000000   0.01736860   0.10558513   0.42623272   0.39734952
  8.26000000   0.01710942   0.10471674   0.43018966   0.40192072
  8.28000000   0.01685402   0.10385490   0.43418364   0.40654066
  8.30000000   0.01660234   0.10299958   0.43821499   0.41120982
  8.32000000   0.01635435   0.10215074   0.44228408   0.41592873
  8.34000000   0.01610997   0.10130834   0.44639127   0.42069788
  8.36000000   0.01586917   0.10047233   0.45053692   0.42551780
  8.38000000   0.01563189   0.09964269   0.45472140   0.43038900
  8.40000000   0.01539808   0.09881936   0.45894507   0.43531200
  8.42000000   0.01516769   0.09800231   0.46320831   0.44028735
  8.44000000   0.01494068   0.09719150   0.46751150   0.44531557
  8.46000000   0.01471700   0.09638690   0.47185502   0.45039721
  8.48000000   0.01449660   0.09558845   0.47623925   0.45553281
  8.50000000   0.01427942   0.09479613   0.48066457   0.46072292
  8.52000000   0.01406544   0.09400989   0.48513139   0.46596811
  8.54000000   0.01385460   0.09322969   0.48964009   0.47126894
  8.56000000   0.01364685   0.09245550   0.49419108   0.47662597
  8.58000000   0.01344216   0.09168728   0.49878475   0.48203978
  8.60000000   0.01324048   0.09092498   0.50342151   0.48751095
  8.62000000   0.01304176   0.09016857   0.50810178   0.49304008
  8.64000000   0.01284597   0.08941802   0.51282597   0.49862774
  8.66000000   0.01265306   0.08867328   0.51759448   0.50427453
  8.68000000   0.01246300   0.08793432   0.52240776   0.50998108
  8.70000000   0.01227573   0.08720109   0.52726621   0.51574797
  8.72000000   0.01209123   0.08647357   0.53217028   0.52157583
  8.74000000   0.01190944   0.08575170   0.53712039   0.52746529
  8.76000000   0.01173034   0.08503546   0.54211699   0.53341696
  8.78000000   0.01155388   0.08432481   0.54716051   0.53943149
  8.80000000   0.01138003   0.08361971   0.55225140   0.54550951
  8.82000000   0.01120875   0.08292012   0.55739012   0.55165169
  8.84000000   0.01103999   0.08222601   0.56257711   0.55785865
  8.86000000   0.01087374   0.08153734   0.56781284   0.56413108
  8.88000000   0.01070994   0.08085407   0.57309776   0.57046964
  8.90000000   0.01054856   0.08017617   0.57843235   0.57687500
  8.92000000   0.01038958   0.07950360   0.58381708   0.58334784
  8.94000000   0.01023295   0.07883632   0.58925243   0.58988885
  8.96000000   0.01007864   0.07817430   0.59473887   0.59649872
  8.98000000   0.00992662   0.07751750   0.60027689   0.60317816
  9.00000000   0.00977685   0.07686589   0.60586698   0.60992788
  9.02000000   0.00962930   0.07621943   0.61150964   0.61674858
  9.04000000   0.00948395   0.07557808   0.61720536   0.62364100
  9.06000000   0.00934075   0.07494181   0.62295465   0.63060586
  9.08000000   0.00919967   0.07431059   0.62875802   0.63764390
  9.10000000   0.00906070   0.07368438   0.63461598   0.64475586
  9.12000000   0.00892379   0.07306314   0.64052905   0.65194250
  9.14000000   0.00878891   0.07244684   0.64649775   0.65920458
  9.16000000   0.00865604   0.07183545   0.65252261   0.66654286
  9.18000000   0.00852515   0.07122893   0.65860417   0.67395812
  9.20000000   0.00839620   0.07062725   0.66474295   0.68145114
  9.22000000   0.00826918   0.07003037   0.67093952   0.68902270
  9.24000000   0.00814404   0.06943826   0.67719440   0.69667362
  9.26000000   0.00802078   0.06885089   0.68350816   0.70440469
  9.28000000   0.00789934   0.06826822   0.68988136   0.71221673
  9.30000000   0.00777972   0.06769021   0.69631456   0.72011056
  9.32000000   0.00766189   0.06711685   0.70280833   0.72808701
  9.34000000   0.00754581   0.06654808   0.70936324   0.73614692
  9.36000000   0.00743146   0.06598389   0.71597987   0.74429113
  9.38000000   0.00731882   0.06542423   0.72265881   0.75252051
  9.40000000   0.00720787   0.06486908   0.72940065   0.76083592
  9.42000000   0.00709857   0.06431840   0.73620599   0.76923822
  9.44000000   0.00699090   0.06377216   0.74307542   0.77772830
  9.46000000   0.00688485   0.06323033   0.75000956   0.78630705
  9.48000000   0.00678038   0.06269287   0.75700902   0.79497537
  9.50000000   0.00667747   0.06215976   0.76407441   0.80373416
  9.52000000   0.00657610   0.06163096   0.77120637   0.81258434
  9.54000000   0.00647626   0.06110645   0.77840553   0.82152685
  9.56000000   0.00637790   0.06058618   0.78567251   0.83056260
  9.58000000   0.00628102   0.06007013   0.79300797   0.83969255
  9.60000000   0.00618559   0.05955828   0.80041255   0.84891766
  9.62000000   0.00609159   0.05905058   0.80788691   0.85823887
  9.64000000   0.00599900   0.05854701   0.81543171   0.86765718
  9.66000000   0.00590780   0.05804753   0.82304761   0.87717355
  9.68000000   0.00581797   0.05755212   0.83073529   0.88678898
  9.70000000   0.00572948   0.05706075   0.83849543   0.89650447
  9.72000000   0.00564233   0.05657339   0.84632872   0.90632104
  9.74000000   0.00555648   0.05609001   0.85423584   0.91623970
  9.76000000   0.00547192   0.05561057   0.86221751   0.92626149
  9.78000000   0.00538863   0.05513505   0.87027441   0.93638745
  9.80000000   0.00530660   0.05466342   0.87840727   0.94661863
  9.82000000   0.00522579   0.05419566   0.88661681   0.95695609
  9.84000000   0.00514621   0.05373172   0.89490375   0.96740091
  9.86000000   0.00506781   0.05327159   0.90326881   0.97795418
  9.88000000   0.00499060   0.05281523   0.91171276   0.98861698
  9.90000000   0.00491455   0.05236262   0.92023632   0.99939042
  9.92000000   0.00483965   0.05191373   0.92884025   1.01027562
  9.94000000   0.00476587   0.05146853   0.93752532   1.02127371
  9.96000000   0.00469321   0.05102699   0.94629228   1.03238582
  9.98000000   0.00462164   0.05058908   0.95514193   1.04361311
 10.00000000   0.00455114   0.05015479   0.96407503   1.05495673
