O
   6.     16.00     2     1
  0.515471  0.319391  0.515471
   501   0.020
   0.0007813  -1.3076237 -23.8004742 -12.2855161
   0.0200000  -1.2673830 -23.9335157 -12.2986353
   0.0400000  -1.1983029 -24.2159015 -12.3234717
   0.0600000  -1.1232908 -24.6235507 -12.3630155
   0.0800000  -1.0560481 -25.1373567 -12.4214005
   0.1000000  -1.0065142 -25.7289903 -12.5008288
   0.1200000  -0.9821656 -26.3595350 -12.6014764
   0.1400000  -0.9888890 -26.9796447 -12.7218938
   0.1600000  -1.0315034 -27.5306071 -12.8593634
   0.1800000  -1.1140056 -27.9466418 -13.0101297
   0.2000000  -1.2396349 -28.1588915 -13.1695432
   0.2200000  -1.4108332 -28.1014060 -13.3321703
   0.2400000  -1.6291504 -27.7190717 -13.4919071
   0.2600000  -1.8951265 -26.9769059 -13.6421204
   0.2800000  -2.2081730 -25.8694185 -13.7758263
   0.3000000  -2.5664653 -24.4279822 -13.8859115
   0.3200000  -2.9668565 -22.7235621 -13.9653902
   0.3400000  -3.4048208 -20.8622647 -14.0076879
   0.3600000  -3.8744378 -18.9723435 -14.0069387
   0.3800000  -4.3684288 -17.1838465 -13.9582859
   0.4000000  -4.8782675 -15.6052079 -13.8581713
   0.4200000  -5.3943722 -14.3035261 -13.7046022
   0.4400000  -5.9063879 -13.2951215 -13.4973743
   0.4600000  -6.4035467 -12.5497013 -13.2382260
   0.4800000  -6.8750919 -12.0061871 -12.9308943
   0.5000000  -7.3107389 -11.5937110 -12.5810482
   0.5200000  -7.7011490 -11.2500944 -12.1960884
   0.5400000  -8.0383872 -10.9324604 -11.7848018
   0.5600000  -8.3163188 -10.6187265 -11.3568883
   0.5800000  -8.5309440 -10.3028865 -10.9223911
   0.6000000  -8.6805865  -9.9877995 -10.4910741
   0.6200000  -8.7659783  -9.6791312 -10.0718045
   0.6400000  -8.7901660  -9.3817471  -9.6720173
   0.6600000  -8.7582688  -9.0984820  -9.2973213
   0.6800000  -8.6771110  -8.8303047  -8.9512755
   0.7000000  -8.5547282  -8.5769898  -8.6353874
   0.7200000  -8.3998114  -8.3377307  -8.3493059
   0.7400000  -8.2211384  -8.1115262  -8.0911685
   0.7600000  -8.0270420  -7.8973709  -7.8580494
   0.7800000  -7.8249664  -7.6943276  -7.6464395
   0.8000000  -7.6211511  -7.5015443  -7.4526922
   0.8200000  -7.4204615  -7.3182519  -7.2733828
   0.8400000  -7.2263669  -7.1437566  -7.1055537
   0.8600000  -7.0410440  -6.9774312  -6.9468387
   0.8800000  -6.8655734  -6.8187075  -6.7954806
   0.9000000  -6.7001870  -6.6670701  -6.6502709
   0.9200000  -6.5445269  -6.5220497  -6.5104418
   0.9400000  -6.3978826  -6.3832185  -6.3755426
   0.9600000  -6.2593839  -6.2501858  -6.2453234
   0.9800000  -6.1281405  -6.1225934  -6.1196413
   1.0000000  -6.0033283  -6.0001125  -5.9983943
   1.0200000  -5.8842321  -5.8824407  -5.8814821
   1.0400000  -5.7702572  -5.7692993  -5.7687869
   1.0600000  -5.6609222  -5.6604308  -5.6601686
   1.0800000  -5.5558390  -5.5555972  -5.5554687
   1.1000000  -5.4546921  -5.4545780  -5.4545177
   1.1200000  -5.3572196  -5.3571681  -5.3571411
   1.1400000  -5.2631995  -5.2631774  -5.2631658
   1.1600000  -5.1724380  -5.1724288  -5.1724241
   1.1800000  -5.0847609  -5.0847573  -5.0847555
   1.2000000  -5.0000100  -5.0000086  -5.0000080
   1.2200000  -4.9180397  -4.9180392  -4.9180390
   1.2400000  -4.8387146  -4.8387144  -4.8387144
   1.2600000  -4.7619081  -4.7619081  -4.7619081
   1.2800000  -4.6875022  -4.6875022  -4.6875022
   1.3000000  -4.6153861  -4.6153860  -4.6153860
   1.3200000  -4.5454552  -4.5454552  -4.5454552
   1.3400000  -4.4776121  -4.4776121  -4.4776121
   1.3600000  -4.4117645  -4.4117645  -4.4117645
   1.3800000  -4.3478255  -4.3478255  -4.3478255
   1.4000000  -4.2857135  -4.2857135  -4.2857135
   1.4200000  -4.2253510  -4.2253510  -4.2253510
   1.4400000  -4.1666655  -4.1666655  -4.1666655
   1.4600000  -4.1095877  -4.1095877  -4.1095877
   1.4800000  -4.0540527  -4.0540527  -4.0540527
   1.5000000  -3.9999986  -3.9999986  -3.9999986
   1.5200000  -3.9473669  -3.9473669  -3.9473669
   1.5400000  -3.8961024  -3.8961024  -3.8961024
   1.5600000  -3.8461523  -3.8461523  -3.8461523
   1.5800000  -3.7974668  -3.7974668  -3.7974668
   1.6000000  -3.7499984  -3.7499984  -3.7499984
   1.6200000  -3.7037022  -3.7037022  -3.7037022
   1.6400000  -3.6585350  -3.6585350  -3.6585350
   1.6600000  -3.6144564  -3.6144564  -3.6144564
   1.6800000  -3.5714270  -3.5714270  -3.5714270
   1.7000000  -3.5294103  -3.5294103  -3.5294103
   1.7200000  -3.4883706  -3.4883706  -3.4883706
   1.7400000  -3.4482745  -3.4482745  -3.4482745
   1.7600000  -3.4090895  -3.4090895  -3.4090895
   1.7800000  -3.3707851  -3.3707851  -3.3707851
   1.8000000  -3.3333320  -3.3333320  -3.3333320
   1.8200000  -3.2967020  -3.2967020  -3.2967020
   1.8400000  -3.2608683  -3.2608683  -3.2608683
   1.8600000  -3.2258051  -3.2258051  -3.2258051
   1.8800000  -3.1914881  -3.1914881  -3.1914881
   1.9000000  -3.1578935  -3.1578935  -3.1578935
   1.9200000  -3.1249988  -3.1249988  -3.1249988
   1.9400000  -3.0927823  -3.0927823  -3.0927823
   1.9600000  -3.0612233  -3.0612233  -3.0612233
   1.9800000  -3.0303019  -3.0303019  -3.0303019
   2.0000000  -2.9999989  -2.9999989  -2.9999989
   2.0200000  -2.9702960  -2.9702960  -2.9702960
   2.0400000  -2.9411754  -2.9411754  -2.9411754
   2.0600000  -2.9126203  -2.9126203  -2.9126203
   2.0800000  -2.8846144  -2.8846144  -2.8846144
   2.1000000  -2.8571418  -2.8571418  -2.8571418
   2.1200000  -2.8301877  -2.8301877  -2.8301877
   2.1400000  -2.8037373  -2.8037373  -2.8037373
   2.1600000  -2.7777768  -2.7777768  -2.7777768
   2.1800000  -2.7522927  -2.7522927  -2.7522927
   2.2000000  -2.7272718  -2.7272718  -2.7272718
   2.2200000  -2.7027019  -2.7027019  -2.7027019
   2.2400000  -2.6785706  -2.6785706  -2.6785706
   2.2600000  -2.6548664  -2.6548664  -2.6548664
   2.2800000  -2.6315782  -2.6315782  -2.6315782
   2.3000000  -2.6086948  -2.6086948  -2.6086948
   2.3200000  -2.5862061  -2.5862061  -2.5862061
   2.3400000  -2.5641018  -2.5641018  -2.5641018
   2.3600000  -2.5423721  -2.5423721  -2.5423721
   2.3800000  -2.5210077  -2.5210077  -2.5210077
   2.4000000  -2.4999993  -2.4999993  -2.4999993
   2.4200000  -2.4793381  -2.4793381  -2.4793381
   2.4400000  -2.4590157  -2.4590157  -2.4590157
   2.4600000  -2.4390237  -2.4390237  -2.4390237
   2.4800000  -2.4193542  -2.4193542  -2.4193542
   2.5000000  -2.3999994  -2.3999994  -2.3999994
   2.5200000  -2.3809518  -2.3809518  -2.3809518
   2.5400000  -2.3622041  -2.3622041  -2.3622041
   2.5600000  -2.3437494  -2.3437494  -2.3437494
   2.5800000  -2.3255808  -2.3255808  -2.3255808
   2.6000000  -2.3076917  -2.3076917  -2.3076917
   2.6200000  -2.2900758  -2.2900758  -2.2900758
   2.6400000  -2.2727267  -2.2727267  -2.2727267
   2.6600000  -2.2556385  -2.2556385  -2.2556385
   2.6800000  -2.2388054  -2.2388054  -2.2388054
   2.7000000  -2.2222217  -2.2222217  -2.2222217
   2.7200000  -2.2058818  -2.2058818  -2.2058818
   2.7400000  -2.1897805  -2.1897805  -2.1897805
   2.7600000  -2.1739126  -2.1739126  -2.1739126
   2.7800000  -2.1582729  -2.1582729  -2.1582729
   2.8000000  -2.1428566  -2.1428566  -2.1428566
   2.8200000  -2.1276591  -2.1276591  -2.1276591
   2.8400000  -2.1126756  -2.1126756  -2.1126756
   2.8600000  -2.0979016  -2.0979016  -2.0979016
   2.8800000  -2.0833329  -2.0833329  -2.0833329
   2.9000000  -2.0689651  -2.0689651  -2.0689651
   2.9200000  -2.0547941  -2.0547941  -2.0547941
   2.9400000  -2.0408159  -2.0408159  -2.0408159
   2.9600000  -2.0270266  -2.0270266  -2.0270266
   2.9800000  -2.0134224  -2.0134224  -2.0134224
   3.0000000  -1.9999996  -1.9999996  -1.9999996
   3.0200000  -1.9867546  -1.9867546  -1.9867546
   3.0400000  -1.9736838  -1.9736838  -1.9736838
   3.0600000  -1.9607840  -1.9607840  -1.9607840
   3.0800000  -1.9480516  -1.9480516  -1.9480516
   3.1000000  -1.9354835  -1.9354835  -1.9354835
   3.1200000  -1.9230766  -1.9230766  -1.9230766
   3.1400000  -1.9108277  -1.9108277  -1.9108277
   3.1600000  -1.8987338  -1.8987338  -1.8987338
   3.1800000  -1.8867921  -1.8867921  -1.8867921
   3.2000000  -1.8749997  -1.8749997  -1.8749997
   3.2200000  -1.8633537  -1.8633537  -1.8633537
   3.2400000  -1.8518515  -1.8518515  -1.8518515
   3.2600000  -1.8404905  -1.8404905  -1.8404905
   3.2800000  -1.8292680  -1.8292680  -1.8292680
   3.3000000  -1.8181815  -1.8181815  -1.8181815
   3.3200000  -1.8072286  -1.8072286  -1.8072286
   3.3400000  -1.7964069  -1.7964069  -1.7964069
   3.3600000  -1.7857140  -1.7857140  -1.7857140
   3.3800000  -1.7751477  -1.7751477  -1.7751477
   3.4000000  -1.7647056  -1.7647056  -1.7647056
   3.4200000  -1.7543857  -1.7543857  -1.7543857
   3.4400000  -1.7441858  -1.7441858  -1.7441858
   3.4600000  -1.7341038  -1.7341038  -1.7341038
   3.4800000  -1.7241377  -1.7241377  -1.7241377
   3.5000000  -1.7142855  -1.7142855  -1.7142855
   3.5200000  -1.7045452  -1.7045452  -1.7045452
   3.5400000  -1.6949150  -1.6949150  -1.6949150
   3.5600000  -1.6853930  -1.6853930  -1.6853930
   3.5800000  -1.6759774  -1.6759774  -1.6759774
   3.6000000  -1.6666664  -1.6666664  -1.6666664
   3.6200000  -1.6574584  -1.6574584  -1.6574584
   3.6400000  -1.6483514  -1.6483514  -1.6483514
   3.6600000  -1.6393440  -1.6393440  -1.6393440
   3.6800000  -1.6304346  -1.6304346  -1.6304346
   3.7000000  -1.6216214  -1.6216214  -1.6216214
   3.7200000  -1.6129031  -1.6129031  -1.6129031
   3.7400000  -1.6042779  -1.6042779  -1.6042779
   3.7600000  -1.5957445  -1.5957445  -1.5957445
   3.7800000  -1.5873014  -1.5873014  -1.5873014
   3.8000000  -1.5789472  -1.5789472  -1.5789472
   3.8200000  -1.5706805  -1.5706805  -1.5706805
   3.8400000  -1.5624998  -1.5624998  -1.5624998
   3.8600000  -1.5544040  -1.5544040  -1.5544040
   3.8800000  -1.5463916  -1.5463916  -1.5463916
   3.9000000  -1.5384614  -1.5384614  -1.5384614
   3.9200000  -1.5306121  -1.5306121  -1.5306121
   3.9400000  -1.5228425  -1.5228425  -1.5228425
   3.9600000  -1.5151514  -1.5151514  -1.5151514
   3.9800000  -1.5075376  -1.5075376  -1.5075376
   4.0000000  -1.4999999  -1.4999999  -1.4999999
   4.0200000  -1.4925372  -1.4925372  -1.4925372
   4.0400000  -1.4851484  -1.4851484  -1.4851484
   4.0600000  -1.4778324  -1.4778324  -1.4778324
   4.0800000  -1.4705881  -1.4705881  -1.4705881
   4.1000000  -1.4634145  -1.4634145  -1.4634145
   4.1200000  -1.4563106  -1.4563106  -1.4563106
   4.1400000  -1.4492752  -1.4492752  -1.4492752
   4.1600000  -1.4423076  -1.4423076  -1.4423076
   4.1800000  -1.4354066  -1.4354066  -1.4354066
   4.2000000  -1.4285713  -1.4285713  -1.4285713
   4.2200000  -1.4218008  -1.4218008  -1.4218008
   4.2400000  -1.4150942  -1.4150942  -1.4150942
   4.2600000  -1.4084506  -1.4084506  -1.4084506
   4.2800000  -1.4018691  -1.4018691  -1.4018691
   4.3000000  -1.3953488  -1.3953488  -1.3953488
   4.3200000  -1.3888888  -1.3888888  -1.3888888
   4.3400000  -1.3824884  -1.3824884  -1.3824884
   4.3600000  -1.3761467  -1.3761467  -1.3761467
   4.3800000  -1.3698629  -1.3698629  -1.3698629
   4.4000000  -1.3636363  -1.3636363  -1.3636363
   4.4200000  -1.3574660  -1.3574660  -1.3574660
   4.4400000  -1.3513513  -1.3513513  -1.3513513
   4.4600000  -1.3452914  -1.3452914  -1.3452914
   4.4800000  -1.3392856  -1.3392856  -1.3392856
   4.5000000  -1.3333333  -1.3333333  -1.3333333
   4.5200000  -1.3274336  -1.3274336  -1.3274336
   4.5400000  -1.3215858  -1.3215858  -1.3215858
   4.5600000  -1.3157894  -1.3157894  -1.3157894
   4.5800000  -1.3100436  -1.3100436  -1.3100436
   4.6000000  -1.3043478  -1.3043478  -1.3043478
   4.6200000  -1.2987012  -1.2987012  -1.2987012
   4.6400000  -1.2931034  -1.2931034  -1.2931034
   4.6600000  -1.2875536  -1.2875536  -1.2875536
   4.6800000  -1.2820512  -1.2820512  -1.2820512
   4.7000000  -1.2765957  -1.2765957  -1.2765957
   4.7200000  -1.2711864  -1.2711864  -1.2711864
   4.7400000  -1.2658227  -1.2658227  -1.2658227
   4.7600000  -1.2605042  -1.2605042  -1.2605042
   4.7800000  -1.2552301  -1.2552301  -1.2552301
   4.8000000  -1.2499999  -1.2499999  -1.2499999
   4.8200000  -1.2448132  -1.2448132  -1.2448132
   4.8400000  -1.2396694  -1.2396694  -1.2396694
   4.8600000  -1.2345679  -1.2345679  -1.2345679
   4.8800000  -1.2295082  -1.2295082  -1.2295082
   4.9000000  -1.2244897  -1.2244897  -1.2244897
   4.9200000  -1.2195121  -1.2195121  -1.2195121
   4.9400000  -1.2145749  -1.2145749  -1.2145749
   4.9600000  -1.2096774  -1.2096774  -1.2096774
   4.9800000  -1.2048193  -1.2048193  -1.2048193
   5.0000000  -1.2000000  -1.2000000  -1.2000000
   5.0200000  -1.1952191  -1.1952191  -1.1952191
   5.0400000  -1.1904761  -1.1904761  -1.1904761
   5.0600000  -1.1857707  -1.1857707  -1.1857707
   5.0800000  -1.1811023  -1.1811023  -1.1811023
   5.1000000  -1.1764706  -1.1764706  -1.1764706
   5.1200000  -1.1718750  -1.1718750  -1.1718750
   5.1400000  -1.1673151  -1.1673151  -1.1673151
   5.1600000  -1.1627907  -1.1627907  -1.1627907
   5.1800000  -1.1583011  -1.1583011  -1.1583011
   5.2000000  -1.1538461  -1.1538461  -1.1538461
   5.2200000  -1.1494253  -1.1494253  -1.1494253
   5.2400000  -1.1450382  -1.1450382  -1.1450382
   5.2600000  -1.1406844  -1.1406844  -1.1406844
   5.2800000  -1.1363636  -1.1363636  -1.1363636
   5.3000000  -1.1320754  -1.1320754  -1.1320754
   5.3200000  -1.1278195  -1.1278195  -1.1278195
   5.3400000  -1.1235955  -1.1235955  -1.1235955
   5.3600000  -1.1194030  -1.1194030  -1.1194030
   5.3800000  -1.1152416  -1.1152416  -1.1152416
   5.4000000  -1.1111111  -1.1111111  -1.1111111
   5.4200000  -1.1070111  -1.1070111  -1.1070111
   5.4400000  -1.1029412  -1.1029412  -1.1029412
   5.4600000  -1.0989011  -1.0989011  -1.0989011
   5.4800000  -1.0948905  -1.0948905  -1.0948905
   5.5000000  -1.0909091  -1.0909091  -1.0909091
   5.5200000  -1.0869565  -1.0869565  -1.0869565
   5.5400000  -1.0830325  -1.0830325  -1.0830325
   5.5600000  -1.0791367  -1.0791367  -1.0791367
   5.5800000  -1.0752688  -1.0752688  -1.0752688
   5.6000000  -1.0714286  -1.0714286  -1.0714286
   5.6200000  -1.0676157  -1.0676157  -1.0676157
   5.6400000  -1.0638298  -1.0638298  -1.0638298
   5.6600000  -1.0600707  -1.0600707  -1.0600707
   5.6800000  -1.0563380  -1.0563380  -1.0563380
   5.7000000  -1.0526316  -1.0526316  -1.0526316
   5.7200000  -1.0489510  -1.0489510  -1.0489510
   5.7400000  -1.0452962  -1.0452962  -1.0452962
   5.7600000  -1.0416667  -1.0416667  -1.0416667
   5.7800000  -1.0380623  -1.0380623  -1.0380623
   5.8000000  -1.0344828  -1.0344828  -1.0344828
   5.8200000  -1.0309278  -1.0309278  -1.0309278
   5.8400000  -1.0273973  -1.0273973  -1.0273973
   5.8600000  -1.0238908  -1.0238908  -1.0238908
   5.8800000  -1.0204082  -1.0204082  -1.0204082
   5.9000000  -1.0169492  -1.0169492  -1.0169492
   5.9200000  -1.0135135  -1.0135135  -1.0135135
   5.9400000  -1.0101010  -1.0101010  -1.0101010
   5.9600000  -1.0067114  -1.0067114  -1.0067114
   5.9800000  -1.0033445  -1.0033445  -1.0033445
   6.0000000  -1.0000000  -1.0000000  -1.0000000
   6.0200000  -0.9966778  -0.9966778  -0.9966778
   6.0400000  -0.9933775  -0.9933775  -0.9933775
   6.0600000  -0.9900990  -0.9900990  -0.9900990
   6.0800000  -0.9868421  -0.9868421  -0.9868421
   6.1000000  -0.9836066  -0.9836066  -0.9836066
   6.1200000  -0.9803922  -0.9803922  -0.9803922
   6.1400000  -0.9771987  -0.9771987  -0.9771987
   6.1600000  -0.9740260  -0.9740260  -0.9740260
   6.1800000  -0.9708738  -0.9708738  -0.9708738
   6.2000000  -0.9677420  -0.9677420  -0.9677420
   6.2200000  -0.9646303  -0.9646303  -0.9646303
   6.2400000  -0.9615385  -0.9615385  -0.9615385
   6.2600000  -0.9584665  -0.9584665  -0.9584665
   6.2800000  -0.9554140  -0.9554140  -0.9554140
   6.3000000  -0.9523810  -0.9523810  -0.9523810
   6.3200000  -0.9493671  -0.9493671  -0.9493671
   6.3400000  -0.9463723  -0.9463723  -0.9463723
   6.3600000  -0.9433963  -0.9433963  -0.9433963
   6.3800000  -0.9404389  -0.9404389  -0.9404389
   6.4000000  -0.9375000  -0.9375000  -0.9375000
   6.4200000  -0.9345795  -0.9345795  -0.9345795
   6.4400000  -0.9316770  -0.9316770  -0.9316770
   6.4600000  -0.9287926  -0.9287926  -0.9287926
   6.4800000  -0.9259260  -0.9259260  -0.9259260
   6.5000000  -0.9230770  -0.9230770  -0.9230770
   6.5200000  -0.9202454  -0.9202454  -0.9202454
   6.5400000  -0.9174312  -0.9174312  -0.9174312
   6.5600000  -0.9146342  -0.9146342  -0.9146342
   6.5800000  -0.9118541  -0.9118541  -0.9118541
   6.6000000  -0.9090909  -0.9090909  -0.9090909
   6.6200000  -0.9063444  -0.9063444  -0.9063444
   6.6400000  -0.9036145  -0.9036145  -0.9036145
   6.6600000  -0.9009009  -0.9009009  -0.9009009
   6.6800000  -0.8982036  -0.8982036  -0.8982036
   6.7000000  -0.8955224  -0.8955224  -0.8955224
   6.7200000  -0.8928572  -0.8928572  -0.8928572
   6.7400000  -0.8902077  -0.8902077  -0.8902077
   6.7600000  -0.8875740  -0.8875740  -0.8875740
   6.7800000  -0.8849558  -0.8849558  -0.8849558
   6.8000000  -0.8823530  -0.8823530  -0.8823530
   6.8200000  -0.8797654  -0.8797654  -0.8797654
   6.8400000  -0.8771930  -0.8771930  -0.8771930
   6.8600000  -0.8746356  -0.8746356  -0.8746356
   6.8800000  -0.8720930  -0.8720930  -0.8720930
   6.9000000  -0.8695652  -0.8695652  -0.8695652
   6.9200000  -0.8670520  -0.8670520  -0.8670520
   6.9400000  -0.8645533  -0.8645533  -0.8645533
   6.9600000  -0.8620690  -0.8620690  -0.8620690
   6.9800000  -0.8595989  -0.8595989  -0.8595989
   7.0000000  -0.8571429  -0.8571429  -0.8571429
   7.0200000  -0.8547009  -0.8547009  -0.8547009
   7.0400000  -0.8522728  -0.8522728  -0.8522728
   7.0600000  -0.8498584  -0.8498584  -0.8498584
   7.0800000  -0.8474576  -0.8474576  -0.8474576
   7.1000000  -0.8450704  -0.8450704  -0.8450704
   7.1200000  -0.8426967  -0.8426967  -0.8426967
   7.1400000  -0.8403362  -0.8403362  -0.8403362
   7.1600000  -0.8379889  -0.8379889  -0.8379889
   7.1800000  -0.8356546  -0.8356546  -0.8356546
   7.2000000  -0.8333334  -0.8333334  -0.8333334
   7.2200000  -0.8310250  -0.8310250  -0.8310250
   7.2400000  -0.8287293  -0.8287293  -0.8287293
   7.2600000  -0.8264463  -0.8264463  -0.8264463
   7.2800000  -0.8241758  -0.8241758  -0.8241758
   7.3000000  -0.8219178  -0.8219178  -0.8219178
   7.3200000  -0.8196722  -0.8196722  -0.8196722
   7.3400000  -0.8174387  -0.8174387  -0.8174387
   7.3600000  -0.8152174  -0.8152174  -0.8152174
   7.3800000  -0.8130082  -0.8130082  -0.8130082
   7.4000000  -0.8108108  -0.8108108  -0.8108108
   7.4200000  -0.8086254  -0.8086254  -0.8086254
   7.4400000  -0.8064516  -0.8064516  -0.8064516
   7.4600000  -0.8042896  -0.8042896  -0.8042896
   7.4800000  -0.8021391  -0.8021391  -0.8021391
   7.5000000  -0.8000000  -0.8000000  -0.8000000
   7.5200000  -0.7978724  -0.7978724  -0.7978724
   7.5400000  -0.7957560  -0.7957560  -0.7957560
   7.5600000  -0.7936508  -0.7936508  -0.7936508
   7.5800000  -0.7915568  -0.7915568  -0.7915568
   7.6000000  -0.7894737  -0.7894737  -0.7894737
   7.6200000  -0.7874016  -0.7874016  -0.7874016
   7.6400000  -0.7853403  -0.7853403  -0.7853403
   7.6600000  -0.7832898  -0.7832898  -0.7832898
   7.6800000  -0.7812500  -0.7812500  -0.7812500
   7.7000000  -0.7792208  -0.7792208  -0.7792208
   7.7200000  -0.7772021  -0.7772021  -0.7772021
   7.7400000  -0.7751938  -0.7751938  -0.7751938
   7.7600000  -0.7731959  -0.7731959  -0.7731959
   7.7800000  -0.7712083  -0.7712083  -0.7712083
   7.8000000  -0.7692308  -0.7692308  -0.7692308
   7.8200000  -0.7672634  -0.7672634  -0.7672634
   7.8400000  -0.7653061  -0.7653061  -0.7653061
   7.8600000  -0.7633588  -0.7633588  -0.7633588
   7.8800000  -0.7614214  -0.7614214  -0.7614214
   7.9000000  -0.7594937  -0.7594937  -0.7594937
   7.9200000  -0.7575758  -0.7575758  -0.7575758
   7.9400000  -0.7556675  -0.7556675  -0.7556675
   7.9600000  -0.7537689  -0.7537689  -0.7537689
   7.9800000  -0.7518797  -0.7518797  -0.7518797
   8.0000000  -0.7500000  -0.7500000  -0.7500000
   8.0200000  -0.7481297  -0.7481297  -0.7481297
   8.0400000  -0.7462687  -0.7462687  -0.7462687
   8.0600000  -0.7444169  -0.7444169  -0.7444169
   8.0800000  -0.7425743  -0.7425743  -0.7425743
   8.1000000  -0.7407408  -0.7407408  -0.7407408
   8.1200000  -0.7389163  -0.7389163  -0.7389163
   8.1400000  -0.7371008  -0.7371008  -0.7371008
   8.1600000  -0.7352941  -0.7352941  -0.7352941
   8.1800000  -0.7334964  -0.7334964  -0.7334964
   8.2000000  -0.7317073  -0.7317073  -0.7317073
   8.2200000  -0.7299270  -0.7299270  -0.7299270
   8.2400000  -0.7281554  -0.7281554  -0.7281554
   8.2600000  -0.7263923  -0.7263923  -0.7263923
   8.2800000  -0.7246377  -0.7246377  -0.7246377
   8.3000000  -0.7228916  -0.7228916  -0.7228916
   8.3200000  -0.7211539  -0.7211539  -0.7211539
   8.3400000  -0.7194245  -0.7194245  -0.7194245
   8.3600000  -0.7177034  -0.7177034  -0.7177034
   8.3800000  -0.7159905  -0.7159905  -0.7159905
   8.4000000  -0.7142857  -0.7142857  -0.7142857
   8.4200000  -0.7125891  -0.7125891  -0.7125891
   8.4400000  -0.7109005  -0.7109005  -0.7109005
   8.4600000  -0.7092199  -0.7092199  -0.7092199
   8.4800000  -0.7075472  -0.7075472  -0.7075472
   8.5000000  -0.7058824  -0.7058824  -0.7058824
   8.5200000  -0.7042254  -0.7042254  -0.7042254
   8.5400000  -0.7025761  -0.7025761  -0.7025761
   8.5600000  -0.7009346  -0.7009346  -0.7009346
   8.5800000  -0.6993007  -0.6993007  -0.6993007
   8.6000000  -0.6976744  -0.6976744  -0.6976744
   8.6200000  -0.6960557  -0.6960557  -0.6960557
   8.6400000  -0.6944445  -0.6944445  -0.6944445
   8.6600000  -0.6928407  -0.6928407  -0.6928407
   8.6800000  -0.6912443  -0.6912443  -0.6912443
   8.7000000  -0.6896552  -0.6896552  -0.6896552
   8.7200000  -0.6880734  -0.6880734  -0.6880734
   8.7400000  -0.6864989  -0.6864989  -0.6864989
   8.7600000  -0.6849315  -0.6849315  -0.6849315
   8.7800000  -0.6833713  -0.6833713  -0.6833713
   8.8000000  -0.6818182  -0.6818182  -0.6818182
   8.8200000  -0.6802721  -0.6802721  -0.6802721
   8.8400000  -0.6787330  -0.6787330  -0.6787330
   8.8600000  -0.6772009  -0.6772009  -0.6772009
   8.8800000  -0.6756757  -0.6756757  -0.6756757
   8.9000000  -0.6741573  -0.6741573  -0.6741573
   8.9200000  -0.6726458  -0.6726458  -0.6726458
   8.9400000  -0.6711410  -0.6711410  -0.6711410
   8.9600000  -0.6696429  -0.6696429  -0.6696429
   8.9800000  -0.6681515  -0.6681515  -0.6681515
   9.0000000  -0.6666667  -0.6666667  -0.6666667
   9.0200000  -0.6651885  -0.6651885  -0.6651885
   9.0400000  -0.6637168  -0.6637168  -0.6637168
   9.0600000  -0.6622517  -0.6622517  -0.6622517
   9.0800000  -0.6607930  -0.6607930  -0.6607930
   9.1000000  -0.6593407  -0.6593407  -0.6593407
   9.1200000  -0.6578948  -0.6578948  -0.6578948
   9.1400000  -0.6564552  -0.6564552  -0.6564552
   9.1600000  -0.6550219  -0.6550219  -0.6550219
   9.1800000  -0.6535948  -0.6535948  -0.6535948
   9.2000000  -0.6521739  -0.6521739  -0.6521739
   9.2200000  -0.6507592  -0.6507592  -0.6507592
   9.2400000  -0.6493507  -0.6493507  -0.6493507
   9.2600000  -0.6479482  -0.6479482  -0.6479482
   9.2800000  -0.6465517  -0.6465517  -0.6465517
   9.3000000  -0.6451613  -0.6451613  -0.6451613
   9.3200000  -0.6437768  -0.6437768  -0.6437768
   9.3400000  -0.6423983  -0.6423983  -0.6423983
   9.3600000  -0.6410257  -0.6410257  -0.6410257
   9.3800000  -0.6396589  -0.6396589  -0.6396589
   9.4000000  -0.6382979  -0.6382979  -0.6382979
   9.4200000  -0.6369427  -0.6369427  -0.6369427
   9.4400000  -0.6355932  -0.6355932  -0.6355932
   9.4600000  -0.6342495  -0.6342495  -0.6342495
   9.4800000  -0.6329114  -0.6329114  -0.6329114
   9.5000000  -0.6315790  -0.6315790  -0.6315790
   9.5200000  -0.6302521  -0.6302521  -0.6302521
   9.5400000  -0.6289308  -0.6289308  -0.6289308
   9.5600000  -0.6276151  -0.6276151  -0.6276151
   9.5800000  -0.6263048  -0.6263048  -0.6263048
   9.6000000  -0.6250000  -0.6250000  -0.6250000
   9.6200000  -0.6237006  -0.6237006  -0.6237006
   9.6400000  -0.6224067  -0.6224067  -0.6224067
   9.6600000  -0.6211180  -0.6211180  -0.6211180
   9.6800000  -0.6198347  -0.6198347  -0.6198347
   9.7000000  -0.6185567  -0.6185567  -0.6185567
   9.7200000  -0.6172840  -0.6172840  -0.6172840
   9.7400000  -0.6160164  -0.6160164  -0.6160164
   9.7600000  -0.6147541  -0.6147541  -0.6147541
   9.7800000  -0.6134969  -0.6134969  -0.6134969
   9.8000000  -0.6122449  -0.6122449  -0.6122449
   9.8200000  -0.6109980  -0.6109980  -0.6109980
   9.8400000  -0.6097561  -0.6097561  -0.6097561
   9.8600000  -0.6085193  -0.6085193  -0.6085193
   9.8800000  -0.6072875  -0.6072875  -0.6072875
   9.9000000  -0.6060606  -0.6060606  -0.6060606
   9.9200000  -0.6048387  -0.6048387  -0.6048387
   9.9400000  -0.6036217  -0.6036217  -0.6036217
   9.9600000  -0.6024096  -0.6024096  -0.6024096
   9.9800000  -0.6012024  -0.6012024  -0.6012024
  10.0000000  -0.6000000  -0.6000000  -0.6000000
   0.0007813   0.0007442   0.0000049   0.0000000
   0.0200000   0.0190644   0.0031844   0.0000000
   0.0400000   0.0382142   0.0126834   0.0000000
   0.0600000   0.0575362   0.0283325   0.0000000
   0.0800000   0.0771189   0.0498511   0.0000001
   0.1000000   0.0970522   0.0768350   0.0000001
   0.1200000   0.1174262   0.1087513   0.0000002
   0.1400000   0.1383309   0.1449359   0.0000003
   0.1600000   0.1598541   0.1845999   0.0000004
   0.1800000   0.1820803   0.2268459   0.0000006
   0.2000000   0.2050883   0.2706985   0.0000008
   0.2200000   0.2289492   0.3151482   0.0000011
   0.2400000   0.2537233   0.3592089   0.0000014
   0.2600000   0.2794575   0.4019816   0.0000018
   0.2800000   0.3061821   0.4427177   0.0000022
   0.3000000   0.3339074   0.4808713   0.0000026
   0.3200000   0.3626205   0.5161290   0.0000032
   0.3400000   0.3922822   0.5484115   0.0000037
   0.3600000   0.4228243   0.5778423   0.0000044
   0.3800000   0.4541479   0.6046911   0.0000050
   0.4000000   0.4861219   0.6293015   0.0000058
   0.4200000   0.5185839   0.6520187   0.0000065
   0.4400000   0.5513409   0.6731332   0.0000074
   0.4600000   0.5841734   0.6928491   0.0000082
   0.4800000   0.6168399   0.7112798   0.0000091
   0.5000000   0.6490833   0.7284655   0.0000101
   0.5200000   0.6806388   0.7444013   0.0000111
   0.5400000   0.7112424   0.7590662   0.0000121
   0.5600000   0.7406400   0.7724440   0.0000132
   0.5800000   0.7685964   0.7845352   0.0000143
   0.6000000   0.7949029   0.7953587   0.0000154
   0.6200000   0.8193844   0.8049491   0.0000166
   0.6400000   0.8419038   0.8133520   0.0000178
   0.6600000   0.8623648   0.8206189   0.0000191
   0.6800000   0.8807122   0.8268043   0.0000204
   0.7000000   0.8969301   0.8319631   0.0000217
   0.7200000   0.9110382   0.8361501   0.0000231
   0.7400000   0.9230866   0.8394188   0.0000245
   0.7600000   0.9331496   0.8418216   0.0000260
   0.7800000   0.9413198   0.8434091   0.0000275
   0.8000000   0.9477019   0.8442302   0.0000291
   0.8200000   0.9524071   0.8443321   0.0000307
   0.8400000   0.9555487   0.8437601   0.0000324
   0.8600000   0.9572383   0.8425577   0.0000341
   0.8800000   0.9575841   0.8407665   0.0000359
   0.9000000   0.9566886   0.8384261   0.0000377
   0.9200000   0.9546483   0.8355744   0.0000396
   0.9400000   0.9515534   0.8322472   0.0000416
   0.9600000   0.9474881   0.8284788   0.0000435
   0.9800000   0.9425309   0.8243016   0.0000456
   1.0000000   0.9367549   0.8197462   0.0000477
   1.0200000   0.9302287   0.8148418   0.0000498
   1.0400000   0.9230165   0.8096157   0.0000520
   1.0600000   0.9151784   0.8040939   0.0000543
   1.0800000   0.9067710   0.7983009   0.0000566
   1.1000000   0.8978474   0.7922597   0.0000590
   1.1200000   0.8884573   0.7859920   0.0000615
   1.1400000   0.8786476   0.7795183   0.0000640
   1.1600000   0.8684623   0.7728578   0.0000666
   1.1800000   0.8579423   0.7660286   0.0000692
   1.2000000   0.8471263   0.7590475   0.0000719
   1.2200000   0.8360504   0.7519306   0.0000747
   1.2400000   0.8247481   0.7446928   0.0000775
   1.2600000   0.8132511   0.7373480   0.0000804
   1.2800000   0.8015886   0.7299094   0.0000834
   1.3000000   0.7897879   0.7223893   0.0000864
   1.3200000   0.7778746   0.7147992   0.0000896
   1.3400000   0.7658723   0.7071498   0.0000928
   1.3600000   0.7538030   0.6994511   0.0000960
   1.3800000   0.7416872   0.6917126   0.0000994
   1.4000000   0.7295436   0.6839430   0.0001028
   1.4200000   0.7173900   0.6761506   0.0001063
   1.4400000   0.7052423   0.6683429   0.0001099
   1.4600000   0.6931156   0.6605270   0.0001136
   1.4800000   0.6810236   0.6527097   0.0001174
   1.5000000   0.6689790   0.6448969   0.0001212
   1.5200000   0.6569935   0.6370946   0.0001252
   1.5400000   0.6450777   0.6293080   0.0001292
   1.5600000   0.6332414   0.6215421   0.0001333
   1.5800000   0.6214935   0.6138015   0.0001375
   1.6000000   0.6098423   0.6060904   0.0001418
   1.6200000   0.5982949   0.5984127   0.0001462
   1.6400000   0.5868582   0.5907722   0.0001507
   1.6600000   0.5755381   0.5831721   0.0001553
   1.6800000   0.5643402   0.5756157   0.0001600
   1.7000000   0.5532692   0.5681056   0.0001648
   1.7200000   0.5423296   0.5606447   0.0001698
   1.7400000   0.5315251   0.5532353   0.0001748
   1.7600000   0.5208591   0.5458797   0.0001799
   1.7800000   0.5103346   0.5385797   0.0001851
   1.8000000   0.4999541   0.5313374   0.0001905
   1.8200000   0.4897198   0.5241543   0.0001960
   1.8400000   0.4796334   0.5170321   0.0002016
   1.8600000   0.4696967   0.5099720   0.0002073
   1.8800000   0.4599106   0.5029754   0.0002131
   1.9000000   0.4502761   0.4960433   0.0002190
   1.9200000   0.4407940   0.4891767   0.0002251
   1.9400000   0.4314646   0.4823765   0.0002313
   1.9600000   0.4222881   0.4756435   0.0002377
   1.9800000   0.4132645   0.4689783   0.0002441
   2.0000000   0.4043937   0.4623815   0.0002507
   2.0200000   0.3956753   0.4558537   0.0002575
   2.0400000   0.3871087   0.4493952   0.0002644
   2.0600000   0.3786933   0.4430063   0.0002714
   2.0800000   0.3704283   0.4366874   0.0002786
   2.1000000   0.3623127   0.4304386   0.0002859
   2.1200000   0.3543455   0.4242600   0.0002933
   2.1400000   0.3465255   0.4181518   0.0003010
   2.1600000   0.3388515   0.4121139   0.0003087
   2.1800000   0.3313222   0.4061463   0.0003167
   2.2000000   0.3239362   0.4002490   0.0003248
   2.2200000   0.3166919   0.3944217   0.0003330
   2.2400000   0.3095878   0.3886644   0.0003415
   2.2600000   0.3026224   0.3829768   0.0003501
   2.2800000   0.2957939   0.3773588   0.0003588
   2.3000000   0.2891007   0.3718099   0.0003678
   2.3200000   0.2825411   0.3663300   0.0003769
   2.3400000   0.2761132   0.3609187   0.0003862
   2.3600000   0.2698153   0.3555756   0.0003957
   2.3800000   0.2636455   0.3503004   0.0004054
   2.4000000   0.2576021   0.3450926   0.0004153
   2.4200000   0.2516831   0.3399518   0.0004254
   2.4400000   0.2458867   0.3348776   0.0004356
   2.4600000   0.2402109   0.3298695   0.0004461
   2.4800000   0.2346539   0.3249270   0.0004568
   2.5000000   0.2292138   0.3200496   0.0004677
   2.5200000   0.2238887   0.3152368   0.0004788
   2.5400000   0.2186767   0.3104881   0.0004901
   2.5600000   0.2135759   0.3058030   0.0005017
   2.5800000   0.2085843   0.3011808   0.0005134
   2.6000000   0.2037002   0.2966211   0.0005254
   2.6200000   0.1989216   0.2921233   0.0005377
   2.6400000   0.1942466   0.2876867   0.0005502
   2.6600000   0.1896734   0.2833109   0.0005629
   2.6800000   0.1852002   0.2789952   0.0005758
   2.7000000   0.1808251   0.2747391   0.0005891
   2.7200000   0.1765464   0.2705419   0.0006025
   2.7400000   0.1723621   0.2664031   0.0006163
   2.7600000   0.1682706   0.2623220   0.0006303
   2.7800000   0.1642700   0.2582980   0.0006445
   2.8000000   0.1603587   0.2543306   0.0006591
   2.8200000   0.1565348   0.2504191   0.0006739
   2.8400000   0.1527968   0.2465629   0.0006890
   2.8600000   0.1491428   0.2427615   0.0007044
   2.8800000   0.1455713   0.2390141   0.0007201
   2.9000000   0.1420807   0.2353202   0.0007361
   2.9200000   0.1386692   0.2316791   0.0007524
   2.9400000   0.1353352   0.2280904   0.0007690
   2.9600000   0.1320773   0.2245532   0.0007859
   2.9800000   0.1288939   0.2210671   0.0008031
   3.0000000   0.1257834   0.2176315   0.0008207
   3.0200000   0.1227443   0.2142456   0.0008386
   3.0400000   0.1197752   0.2109090   0.0008569
   3.0600000   0.1168745   0.2076211   0.0008754
   3.0800000   0.1140409   0.2043811   0.0008944
   3.1000000   0.1112730   0.2011886   0.0009137
   3.1200000   0.1085693   0.1980430   0.0009334
   3.1400000   0.1059285   0.1949436   0.0009534
   3.1600000   0.1033492   0.1918899   0.0009738
   3.1800000   0.1008302   0.1888813   0.0009946
   3.2000000   0.0983701   0.1859172   0.0010158
   3.2200000   0.0959676   0.1829971   0.0010374
   3.2400000   0.0936215   0.1801203   0.0010594
   3.2600000   0.0913306   0.1772864   0.0010818
   3.2800000   0.0890937   0.1744948   0.0011046
   3.3000000   0.0869096   0.1717449   0.0011279
   3.3200000   0.0847771   0.1690361   0.0011516
   3.3400000   0.0826951   0.1663679   0.0011757
   3.3600000   0.0806624   0.1637399   0.0012003
   3.3800000   0.0786780   0.1611513   0.0012254
   3.4000000   0.0767408   0.1586018   0.0012509
   3.4200000   0.0748498   0.1560908   0.0012769
   3.4400000   0.0730038   0.1536177   0.0013034
   3.4600000   0.0712020   0.1511821   0.0013304
   3.4800000   0.0694432   0.1487834   0.0013578
   3.5000000   0.0677266   0.1464211   0.0013858
   3.5200000   0.0660511   0.1440948   0.0014144
   3.5400000   0.0644159   0.1418039   0.0014434
   3.5600000   0.0628200   0.1395479   0.0014730
   3.5800000   0.0612625   0.1373264   0.0015031
   3.6000000   0.0597426   0.1351389   0.0015338
   3.6200000   0.0582593   0.1329848   0.0015651
   3.6400000   0.0568119   0.1308638   0.0015969
   3.6600000   0.0553994   0.1287754   0.0016293
   3.6800000   0.0540212   0.1267191   0.0016624
   3.7000000   0.0526764   0.1246944   0.0016960
   3.7200000   0.0513643   0.1227009   0.0017303
   3.7400000   0.0500840   0.1207382   0.0017652
   3.7600000   0.0488348   0.1188058   0.0018007
   3.7800000   0.0476161   0.1169033   0.0018369
   3.8000000   0.0464271   0.1150302   0.0018738
   3.8200000   0.0452670   0.1131862   0.0019114
   3.8400000   0.0441353   0.1113708   0.0019496
   3.8600000   0.0430313   0.1095835   0.0019886
   3.8800000   0.0419542   0.1078241   0.0020282
   3.9000000   0.0409036   0.1060921   0.0020686
   3.9200000   0.0398787   0.1043870   0.0021098
   3.9400000   0.0388789   0.1027085   0.0021517
   3.9600000   0.0379037   0.1010563   0.0021943
   3.9800000   0.0369524   0.0994298   0.0022378
   4.0000000   0.0360246   0.0978288   0.0022820
   4.0200000   0.0351196   0.0962528   0.0023271
   4.0400000   0.0342368   0.0947016   0.0023730
   4.0600000   0.0333759   0.0931747   0.0024197
   4.0800000   0.0325362   0.0916717   0.0024673
   4.1000000   0.0317172   0.0901924   0.0025158
   4.1200000   0.0309185   0.0887363   0.0025652
   4.1400000   0.0301395   0.0873031   0.0026154
   4.1600000   0.0293798   0.0858925   0.0026666
   4.1800000   0.0286389   0.0845041   0.0027187
   4.2000000   0.0279164   0.0831377   0.0027718
   4.2200000   0.0272118   0.0817928   0.0028258
   4.2400000   0.0265247   0.0804692   0.0028808
   4.2600000   0.0258546   0.0791665   0.0029369
   4.2800000   0.0252012   0.0778844   0.0029939
   4.3000000   0.0245641   0.0766226   0.0030520
   4.3200000   0.0239428   0.0753808   0.0031112
   4.3400000   0.0233370   0.0741587   0.0031714
   4.3600000   0.0227463   0.0729560   0.0032328
   4.3800000   0.0221703   0.0717724   0.0032952
   4.4000000   0.0216087   0.0706076   0.0033588
   4.4200000   0.0210611   0.0694613   0.0034236
   4.4400000   0.0205271   0.0683333   0.0034895
   4.4600000   0.0200066   0.0672232   0.0035567
   4.4800000   0.0194990   0.0661308   0.0036250
   4.5000000   0.0190041   0.0650559   0.0036946
   4.5200000   0.0185217   0.0639980   0.0037655
   4.5400000   0.0180513   0.0629571   0.0038376
   4.5600000   0.0175927   0.0619328   0.0039111
   4.5800000   0.0171456   0.0609248   0.0039859
   4.6000000   0.0167097   0.0599330   0.0040621
   4.6200000   0.0162848   0.0589571   0.0041396
   4.6400000   0.0158705   0.0579968   0.0042186
   4.6600000   0.0154666   0.0570518   0.0042989
   4.6800000   0.0150729   0.0561220   0.0043808
   4.7000000   0.0146891   0.0552071   0.0044641
   4.7200000   0.0143150   0.0543069   0.0045489
   4.7400000   0.0139503   0.0534211   0.0046353
   4.7600000   0.0135947   0.0525496   0.0047232
   4.7800000   0.0132481   0.0516921   0.0048128
   4.8000000   0.0129103   0.0508483   0.0049039
   4.8200000   0.0125809   0.0500181   0.0049967
   4.8400000   0.0122599   0.0492013   0.0050912
   4.8600000   0.0119470   0.0483977   0.0051874
   4.8800000   0.0116420   0.0476069   0.0052853
   4.9000000   0.0113447   0.0468289   0.0053850
   4.9200000   0.0110549   0.0460635   0.0054865
   4.9400000   0.0107724   0.0453104   0.0055898
   4.9600000   0.0104971   0.0445695   0.0056950
   4.9800000   0.0102288   0.0438405   0.0058021
   5.0000000   0.0099672   0.0431233   0.0059111
   5.0200000   0.0097123   0.0424177   0.0060221
   5.0400000   0.0094638   0.0417234   0.0061351
   5.0600000   0.0092216   0.0410405   0.0062502
   5.0800000   0.0089856   0.0403685   0.0063673
   5.1000000   0.0087555   0.0397075   0.0064865
   5.1200000   0.0085313   0.0390571   0.0066079
   5.1400000   0.0083127   0.0384173   0.0067314
   5.1600000   0.0080998   0.0377878   0.0068572
   5.1800000   0.0078922   0.0371685   0.0069852
   5.2000000   0.0076899   0.0365593   0.0071155
   5.2200000   0.0074927   0.0359600   0.0072482
   5.2400000   0.0073006   0.0353703   0.0073833
   5.2600000   0.0071133   0.0347903   0.0075208
   5.2800000   0.0069308   0.0342196   0.0076608
   5.3000000   0.0067529   0.0336583   0.0078032
   5.3200000   0.0065796   0.0331060   0.0079483
   5.3400000   0.0064107   0.0325628   0.0080959
   5.3600000   0.0062461   0.0320283   0.0082462
   5.3800000   0.0060856   0.0315026   0.0083992
   5.4000000   0.0059293   0.0309854   0.0085550
   5.4200000   0.0057769   0.0304766   0.0087135
   5.4400000   0.0056285   0.0299761   0.0088749
   5.4600000   0.0054838   0.0294838   0.0090391
   5.4800000   0.0053428   0.0289995   0.0092063
   5.5000000   0.0052054   0.0285230   0.0093766
   5.5200000   0.0050715   0.0280543   0.0095498
   5.5400000   0.0049410   0.0275933   0.0097262
   5.5600000   0.0048139   0.0271398   0.0099057
   5.5800000   0.0046900   0.0266937   0.0100884
   5.6000000   0.0045693   0.0262548   0.0102744
   5.6200000   0.0044516   0.0258232   0.0104637
   5.6400000   0.0043370   0.0253985   0.0106564
   5.6600000   0.0042253   0.0249808   0.0108526
   5.6800000   0.0041164   0.0245699   0.0110522
   5.7000000   0.0040104   0.0241658   0.0112555
   5.7200000   0.0039070   0.0237682   0.0114623
   5.7400000   0.0038063   0.0233771   0.0116729
   5.7600000   0.0037082   0.0229925   0.0118872
   5.7800000   0.0036125   0.0226141   0.0121053
   5.8000000   0.0035193   0.0222419   0.0123273
   5.8200000   0.0034285   0.0218758   0.0125533
   5.8400000   0.0033401   0.0215156   0.0127833
   5.8600000   0.0032539   0.0211614   0.0130175
   5.8800000   0.0031699   0.0208130   0.0132558
   5.9000000   0.0030881   0.0204703   0.0134983
   5.9200000   0.0030083   0.0201332   0.0137452
   5.9400000   0.0029306   0.0198016   0.0139964
   5.9600000   0.0028549   0.0194754   0.0142522
   5.9800000   0.0027811   0.0191546   0.0145124
   6.0000000   0.0027092   0.0188390   0.0147774
   6.0200000   0.0026392   0.0185287   0.0150470
   6.0400000   0.0025710   0.0182234   0.0153214
   6.0600000   0.0025045   0.0179231   0.0156008
   6.0800000   0.0024397   0.0176277   0.0158850
   6.1000000   0.0023765   0.0173372   0.0161744
   6.1200000   0.0023150   0.0170514   0.0164688
   6.1400000   0.0022551   0.0167704   0.0167685
   6.1600000   0.0021967   0.0164939   0.0170736
   6.1800000   0.0021398   0.0162220   0.0173840
   6.2000000   0.0020844   0.0159546   0.0177000
   6.2200000   0.0020304   0.0156915   0.0180216
   6.2400000   0.0019777   0.0154328   0.0183488
   6.2600000   0.0019265   0.0151783   0.0186819
   6.2800000   0.0018765   0.0149280   0.0190209
   6.3000000   0.0018278   0.0146818   0.0193659
   6.3200000   0.0017804   0.0144396   0.0197171
   6.3400000   0.0017342   0.0142014   0.0200744
   6.3600000   0.0016892   0.0139672   0.0204381
   6.3800000   0.0016453   0.0137368   0.0208082
   6.4000000   0.0016025   0.0135102   0.0211849
   6.4200000   0.0015609   0.0132873   0.0215682
   6.4400000   0.0015203   0.0130680   0.0219584
   6.4600000   0.0014807   0.0128524   0.0223554
   6.4800000   0.0014422   0.0126403   0.0227595
   6.5000000   0.0014047   0.0124318   0.0231708
   6.5200000   0.0013681   0.0122266   0.0235892
   6.5400000   0.0013324   0.0120248   0.0240151
   6.5600000   0.0012977   0.0118264   0.0244486
   6.5800000   0.0012639   0.0116312   0.0248897
   6.6000000   0.0012309   0.0114392   0.0253386
   6.6200000   0.0011988   0.0112504   0.0257954
   6.6400000   0.0011675   0.0110647   0.0262603
   6.6600000   0.0011370   0.0108820   0.0267334
   6.6800000   0.0011072   0.0107024   0.0272149
   6.7000000   0.0010783   0.0105257   0.0277048
   6.7200000   0.0010500   0.0103519   0.0282034
   6.7400000   0.0010225   0.0101810   0.0287108
   6.7600000   0.0009957   0.0100129   0.0292272
   6.7800000   0.0009696   0.0098476   0.0297527
   6.8000000   0.0009441   0.0096850   0.0302874
   6.8200000   0.0009193   0.0095251   0.0308316
   6.8400000   0.0008952   0.0093678   0.0313853
   6.8600000   0.0008716   0.0092131   0.0319489
   6.8800000   0.0008487   0.0090610   0.0325223
   6.9000000   0.0008263   0.0089113   0.0331058
   6.9200000   0.0008045   0.0087642   0.0336997
   6.9400000   0.0007832   0.0086194   0.0343039
   6.9600000   0.0007625   0.0084771   0.0349189
   6.9800000   0.0007423   0.0083371   0.0355447
   7.0000000   0.0007226   0.0081994   0.0361814
   7.0200000   0.0007035   0.0080639   0.0368294
   7.0400000   0.0006848   0.0079308   0.0374887
   7.0600000   0.0006665   0.0077998   0.0381597
   7.0800000   0.0006488   0.0076709   0.0388424
   7.1000000   0.0006314   0.0075442   0.0395372
   7.1200000   0.0006146   0.0074196   0.0402442
   7.1400000   0.0005981   0.0072970   0.0409636
   7.1600000   0.0005821   0.0071765   0.0416957
   7.1800000   0.0005664   0.0070579   0.0424406
   7.2000000   0.0005512   0.0069413   0.0431986
   7.2200000   0.0005363   0.0068267   0.0439698
   7.2400000   0.0005218   0.0067139   0.0447547
   7.2600000   0.0005076   0.0066030   0.0455533
   7.2800000   0.0004938   0.0064939   0.0463659
   7.3000000   0.0004804   0.0063866   0.0471928
   7.3200000   0.0004673   0.0062811   0.0480342
   7.3400000   0.0004545   0.0061773   0.0488904
   7.3600000   0.0004420   0.0060753   0.0497616
   7.3800000   0.0004298   0.0059749   0.0506480
   7.4000000   0.0004179   0.0058762   0.0515499
   7.4200000   0.0004063   0.0057791   0.0524677
   7.4400000   0.0003950   0.0056836   0.0534016
   7.4600000   0.0003839   0.0055897   0.0543518
   7.4800000   0.0003732   0.0054973   0.0553187
   7.5000000   0.0003626   0.0054065   0.0563025
   7.5200000   0.0003524   0.0053172   0.0573036
   7.5400000   0.0003423   0.0052293   0.0583221
   7.5600000   0.0003326   0.0051429   0.0593585
   7.5800000   0.0003230   0.0050580   0.0604130
   7.6000000   0.0003137   0.0049744   0.0614859
   7.6200000   0.0003045   0.0048922   0.0625777
   7.6400000   0.0002956   0.0048114   0.0636885
   7.6600000   0.0002869   0.0047319   0.0648188
   7.6800000   0.0002784   0.0046537   0.0659688
   7.7000000   0.0002701   0.0045768   0.0671390
   7.7200000   0.0002620   0.0045012   0.0683296
   7.7400000   0.0002540   0.0044268   0.0695409
   7.7600000   0.0002463   0.0043536   0.0707734
   7.7800000   0.0002387   0.0042817   0.0720275
   7.8000000   0.0002312   0.0042109   0.0733034
   7.8200000   0.0002240   0.0041414   0.0746017
   7.8400000   0.0002168   0.0040729   0.0759226
   7.8600000   0.0002099   0.0040056   0.0772666
   7.8800000   0.0002031   0.0039395   0.0786341
   7.9000000   0.0001964   0.0038744   0.0800254
   7.9200000   0.0001898   0.0038104   0.0814410
   7.9400000   0.0001834   0.0037474   0.0828812
   7.9600000   0.0001771   0.0036855   0.0843465
   7.9800000   0.0001710   0.0036246   0.0858374
   8.0000000   0.0001649   0.0035647   0.0873543
   8.0200000   0.0001590   0.0035058   0.0888977
   8.0400000   0.0001532   0.0034479   0.0904680
   8.0600000   0.0001474   0.0033909   0.0920656
   8.0800000   0.0001418   0.0033349   0.0936912
   8.1000000   0.0001363   0.0032798   0.0953450
   8.1200000   0.0001309   0.0032256   0.0970275
   8.1400000   0.0001256   0.0031723   0.0987394
   8.1600000   0.0001203   0.0031199   0.1004810
   8.1800000   0.0001151   0.0030683   0.1022529
   8.2000000   0.0001101   0.0030176   0.1040558
   8.2200000   0.0001051   0.0029678   0.1058900
   8.2400000   0.0001001   0.0029187   0.1077562
   8.2600000   0.0000953   0.0028705   0.1096548
   8.2800000   0.0000905   0.0028231   0.1115865
   8.3000000   0.0000857   0.0027764   0.1135518
   8.3200000   0.0000811   0.0027306   0.1155512
   8.3400000   0.0000765   0.0026854   0.1175852
   8.3600000   0.0000719   0.0026411   0.1196546
   8.3800000   0.0000674   0.0025974   0.1217600
   8.4000000   0.0000629   0.0025545   0.1239020
   8.4200000   0.0000585   0.0025123   0.1260813
   8.4400000   0.0000541   0.0024708   0.1282985
   8.4600000   0.0000498   0.0024300   0.1305542
   8.4800000   0.0000454   0.0023899   0.1328492
   8.5000000   0.0000412   0.0023504   0.1351839
   8.5200000   0.0000369   0.0023115   0.1375592
   8.5400000   0.0000327   0.0022734   0.1399756
   8.5600000   0.0000285   0.0022358   0.1424339
   8.5800000   0.0000243   0.0021989   0.1449348
   8.6000000   0.0000201   0.0021625   0.1474792
   8.6200000   0.0000160   0.0021268   0.1500678
   8.6400000   0.0000118   0.0020917   0.1527013
   8.6600000   0.0000077   0.0020571   0.1553805
   8.6800000   0.0000036   0.0020231   0.1581062
   8.7000000  -0.0000005   0.0019897   0.1608791
   8.7200000  -0.0000047   0.0019568   0.1637000
   8.7400000  -0.0000088   0.0019245   0.1665696
   8.7600000  -0.0000129   0.0018927   0.1694889
   8.7800000  -0.0000171   0.0018615   0.1724587
   8.8000000  -0.0000212   0.0018307   0.1754800
   8.8200000  -0.0000254   0.0018005   0.1785537
   8.8400000  -0.0000296   0.0017707   0.1816808
   8.8600000  -0.0000338   0.0017415   0.1848622
   8.8800000  -0.0000380   0.0017127   0.1880988
   8.9000000  -0.0000423   0.0016844   0.1913915
   8.9200000  -0.0000466   0.0016566   0.1947413
   8.9400000  -0.0000509   0.0016292   0.1981491
   8.9600000  -0.0000553   0.0016023   0.2016159
   8.9800000  -0.0000597   0.0015758   0.2051427
   9.0000000  -0.0000641   0.0015498   0.2087304
   9.0200000  -0.0000686   0.0015242   0.2123803
   9.0400000  -0.0000731   0.0014990   0.2160932
   9.0600000  -0.0000777   0.0014743   0.2198702
   9.0800000  -0.0000823   0.0014499   0.2237124
   9.1000000  -0.0000870   0.0014260   0.2276208
   9.1200000  -0.0000918   0.0014024   0.2315965
   9.1400000  -0.0000966   0.0013792   0.2356404
   9.1600000  -0.0001014   0.0013565   0.2397537
   9.1800000  -0.0001064   0.0013341   0.2439373
   9.2000000  -0.0001114   0.0013120   0.2481929
   9.2200000  -0.0001165   0.0012903   0.2525219
   9.2400000  -0.0001217   0.0012690   0.2569258
   9.2600000  -0.0001270   0.0012481   0.2614063
   9.2800000  -0.0001323   0.0012274   0.2659649
   9.3000000  -0.0001378   0.0012072   0.2706031
   9.3200000  -0.0001433   0.0011872   0.2753224
   9.3400000  -0.0001490   0.0011676   0.2801246
   9.3600000  -0.0001547   0.0011483   0.2850110
   9.3800000  -0.0001606   0.0011294   0.2899832
   9.4000000  -0.0001666   0.0011107   0.2950428
   9.4200000  -0.0001727   0.0010923   0.3001908
   9.4400000  -0.0001789   0.0010743   0.3054281
   9.4600000  -0.0001853   0.0010566   0.3107554
   9.4800000  -0.0001917   0.0010391   0.3161737
   9.5000000  -0.0001983   0.0010219   0.3216836
   9.5200000  -0.0002051   0.0010050   0.3272861
   9.5400000  -0.0002119   0.0009884   0.3329818
   9.5600000  -0.0002190   0.0009721   0.3387717
   9.5800000  -0.0002261   0.0009560   0.3446565
   9.6000000  -0.0002334   0.0009402   0.3506370
   9.6200000  -0.0002409   0.0009247   0.3567141
   9.6400000  -0.0002485   0.0009094   0.3628893
   9.6600000  -0.0002563   0.0008944   0.3691669
   9.6800000  -0.0002643   0.0008796   0.3755518
   9.7000000  -0.0002724   0.0008651   0.3820488
   9.7200000  -0.0002807   0.0008508   0.3886627
   9.7400000  -0.0002893   0.0008367   0.3953984
   9.7600000  -0.0002981   0.0008229   0.4022607
   9.7800000  -0.0003071   0.0008093   0.4092545
   9.8000000  -0.0003163   0.0007959   0.4163847
   9.8200000  -0.0003258   0.0007827   0.4236561
   9.8400000  -0.0003356   0.0007698   0.4310734
   9.8600000  -0.0003456   0.0007571   0.4386417
   9.8800000  -0.0003559   0.0007446   0.4463623
   9.9000000  -0.0003665   0.0007323   0.4542284
   9.9200000  -0.0003773   0.0007202   0.4622322
   9.9400000  -0.0003884   0.0007083   0.4703655
   9.9600000  -0.0003998   0.0006966   0.4786205
   9.9800000  -0.0004113   0.0006851   0.4869892
  10.0000000  -0.0004231   0.0006738   0.4954635
