O
   6.     16.00     2     1
   .700000   .700000   .700000
   501    .020
    .0007813  -6.6774813 -11.8689500  -9.3518356
    .0200000  -6.6661900 -11.8839258  -9.3595574
    .0400000  -6.6477867 -11.9121738  -9.3752874
    .0600000  -6.6275429 -11.9502046  -9.3980478
    .0800000  -6.6076545 -11.9969099  -9.4276678
    .1000000  -6.5894577 -12.0515280  -9.4639719
    .1200000  -6.5738731 -12.1133703  -9.5067122
    .1400000  -6.5615683 -12.1817166  -9.5555400
    .1600000  -6.5530254 -12.2557540  -9.6099799
    .1800000  -6.5485726 -12.3345385  -9.6694106
    .2000000  -6.5484041 -12.4169707  -9.7330531
    .2200000  -6.5526004 -12.5017867  -9.7999694
    .2400000  -6.5611504 -12.5875590  -9.8690704
    .2600000  -6.5739776 -12.6727068  -9.9391323
    .2800000  -6.5909660 -12.7555113 -10.0088187
    .3000000  -6.6119844 -12.8341350 -10.0767046
    .3200000  -6.6369029 -12.9066384 -10.1413002
    .3400000  -6.6655988 -12.9709952 -10.2010697
    .3600000  -6.6979495 -13.0251012 -10.2544456
    .3800000  -6.7338151 -13.0667820 -10.2998389
    .4000000  -6.7730154 -13.0938006 -10.3356493
    .4200000  -6.8153074 -13.1038727 -10.3602813
    .4400000  -6.8603685 -13.0946912 -10.3721698
    .4600000  -6.9077880 -13.0639632 -10.3698143
    .4800000  -6.9570641 -13.0094577 -10.3518232
    .5000000  -7.0076050 -12.9290634 -10.3169612
    .5200000  -7.0587325 -12.8208535 -10.2642002
    .5400000  -7.1096845 -12.6831572 -10.1927673
    .5600000  -7.1596189 -12.5146348 -10.1021881
    .5800000  -7.2076170 -12.3143594  -9.9923268
    .6000000  -7.2526896 -12.0818959  -9.8634131
    .6200000  -7.2937853 -11.8173858  -9.7160636
    .6400000  -7.3298029 -11.5216230  -9.5512882
    .6600000  -7.3596089 -11.1961214  -9.3704822
    .6800000  -7.3820605 -10.8431730  -9.1754064
    .7000000  -7.3960340 -10.4658788  -8.9681490
    .7200000  -7.4004585 -10.0681512  -8.7510715
    .7400000  -7.3943535  -9.6546796  -8.5267415
    .7600000  -7.3768698  -9.2308525  -8.2978527
    .7800000  -7.3473299  -8.8026289  -8.0671356
    .8000000  -7.3052682  -8.3763589  -7.8372640
    .8200000  -7.2504645  -7.9585559  -7.6107614
    .8400000  -7.1829718  -7.5556313  -7.3899145
    .8600000  -7.1031328  -7.1736040  -7.1766978
    .8800000  -7.0115843  -6.8178069  -6.9727155
    .9000000  -6.9092483  -6.4926146  -6.7791638
    .9200000  -6.7973076  -6.2012155  -6.5968153
    .9400000  -6.6771684  -5.9454535  -6.4260281
    .9600000  -6.5504088  -5.7257590  -6.2667756
    .9800000  -6.4187186  -5.5411779  -6.1186959
   1.0000000  -6.2838322  -5.3894982  -5.9811553
   1.0200000  -6.1474608  -5.2674601  -5.8533187
   1.0400000  -6.0112281  -5.1710221  -5.7342219
   1.0600000  -5.8766092  -5.0956649  -5.6228418
   1.0800000  -5.7448822  -5.0367193  -5.5181613
   1.1000000  -5.6170976  -4.9896551  -5.4192185
   1.1200000  -5.4940633  -4.9503088  -5.3251422
   1.1400000  -5.3763350  -4.9150794  -5.2351785
   1.1600000  -5.2642278  -4.8810578  -5.1487037
   1.1800000  -5.1578488  -4.8460358  -5.0652175
   1.2000000  -5.0571264  -4.8084927  -4.9843357
   1.2200000  -4.9618394  -4.7675726  -4.9057813
   1.2400000  -4.8716692  -4.7229340  -4.8293578
   1.2600000  -4.7862316  -4.6746445  -4.7549323
   1.2800000  -4.7051088  -4.6230909  -4.6824213
   1.3000000  -4.6278825  -4.5688269  -4.6117691
   1.3200000  -4.5541485  -4.5125036  -4.5429386
   1.3400000  -4.4835387  -4.4547823  -4.4759005
   1.3600000  -4.4157224  -4.3962836  -4.4106266
   1.3800000  -4.3504135  -4.3375558  -4.3470863
   1.4000000  -4.2873709  -4.2790469  -4.2852440
   1.4200000  -4.2263889  -4.2211219  -4.2250600
   1.4400000  -4.1673020  -4.1640407  -4.1664891
   1.4600000  -4.1099690  -4.1079970  -4.1094835
   1.4800000  -4.0542761  -4.0531104  -4.0539925
   1.5000000  -4.0001265  -3.9994536  -3.9999647
   1.5200000  -3.9474385  -3.9470594  -3.9473483
   1.5400000  -3.8961416  -3.8959329  -3.8960925
   1.5600000  -3.8461732  -3.8460614  -3.8461472
   1.5800000  -3.7974778  -3.7974192  -3.7974643
   1.6000000  -3.7500040  -3.7499742  -3.7499972
   1.6200000  -3.7037051  -3.7036902  -3.7037017
   1.6400000  -3.6585365  -3.6585293  -3.6585349
   1.6600000  -3.6144571  -3.6144537  -3.6144564
   1.6800000  -3.5714275  -3.5714259  -3.5714271
   1.7000000  -3.5294106  -3.5294099  -3.5294105
   1.7200000  -3.4883708  -3.4883705  -3.4883707
   1.7400000  -3.4482746  -3.4482745  -3.4482746
   1.7600000  -3.4090896  -3.4090896  -3.4090896
   1.7800000  -3.3707853  -3.3707853  -3.3707853
   1.8000000  -3.3333321  -3.3333321  -3.3333321
   1.8200000  -3.2967021  -3.2967021  -3.2967021
   1.8400000  -3.2608684  -3.2608684  -3.2608684
   1.8600000  -3.2258053  -3.2258053  -3.2258053
   1.8800000  -3.1914883  -3.1914883  -3.1914883
   1.9000000  -3.1578936  -3.1578936  -3.1578936
   1.9200000  -3.1249990  -3.1249990  -3.1249990
   1.9400000  -3.0927824  -3.0927824  -3.0927824
   1.9600000  -3.0612235  -3.0612235  -3.0612235
   1.9800000  -3.0303020  -3.0303020  -3.0303020
   2.0000000  -2.9999990  -2.9999990  -2.9999990
   2.0200000  -2.9702961  -2.9702961  -2.9702961
   2.0400000  -2.9411755  -2.9411755  -2.9411755
   2.0600000  -2.9126205  -2.9126205  -2.9126205
   2.0800000  -2.8846145  -2.8846145  -2.8846145
   2.1000000  -2.8571420  -2.8571420  -2.8571420
   2.1200000  -2.8301879  -2.8301879  -2.8301879
   2.1400000  -2.8037375  -2.8037375  -2.8037375
   2.1600000  -2.7777770  -2.7777770  -2.7777770
   2.1800000  -2.7522928  -2.7522928  -2.7522928
   2.2000000  -2.7272719  -2.7272719  -2.7272719
   2.2200000  -2.7027020  -2.7027020  -2.7027020
   2.2400000  -2.6785707  -2.6785707  -2.6785707
   2.2600000  -2.6548665  -2.6548665  -2.6548665
   2.2800000  -2.6315783  -2.6315783  -2.6315783
   2.3000000  -2.6086949  -2.6086949  -2.6086949
   2.3200000  -2.5862062  -2.5862062  -2.5862062
   2.3400000  -2.5641019  -2.5641019  -2.5641019
   2.3600000  -2.5423722  -2.5423722  -2.5423722
   2.3800000  -2.5210078  -2.5210078  -2.5210078
   2.4000000  -2.4999994  -2.4999994  -2.4999994
   2.4200000  -2.4793382  -2.4793382  -2.4793382
   2.4400000  -2.4590158  -2.4590158  -2.4590158
   2.4600000  -2.4390238  -2.4390238  -2.4390238
   2.4800000  -2.4193542  -2.4193542  -2.4193542
   2.5000000  -2.3999994  -2.3999994  -2.3999994
   2.5200000  -2.3809519  -2.3809519  -2.3809519
   2.5400000  -2.3622042  -2.3622042  -2.3622042
   2.5600000  -2.3437495  -2.3437495  -2.3437495
   2.5800000  -2.3255809  -2.3255809  -2.3255809
   2.6000000  -2.3076918  -2.3076918  -2.3076918
   2.6200000  -2.2900758  -2.2900758  -2.2900758
   2.6400000  -2.2727268  -2.2727268  -2.2727268
   2.6600000  -2.2556386  -2.2556386  -2.2556386
   2.6800000  -2.2388055  -2.2388055  -2.2388055
   2.7000000  -2.2222218  -2.2222218  -2.2222218
   2.7200000  -2.2058819  -2.2058819  -2.2058819
   2.7400000  -2.1897806  -2.1897806  -2.1897806
   2.7600000  -2.1739126  -2.1739126  -2.1739126
   2.7800000  -2.1582730  -2.1582730  -2.1582730
   2.8000000  -2.1428567  -2.1428567  -2.1428567
   2.8200000  -2.1276592  -2.1276592  -2.1276592
   2.8400000  -2.1126757  -2.1126757  -2.1126757
   2.8600000  -2.0979017  -2.0979017  -2.0979017
   2.8800000  -2.0833330  -2.0833330  -2.0833330
   2.9000000  -2.0689652  -2.0689652  -2.0689652
   2.9200000  -2.0547942  -2.0547942  -2.0547942
   2.9400000  -2.0408160  -2.0408160  -2.0408160
   2.9600000  -2.0270267  -2.0270267  -2.0270267
   2.9800000  -2.0134225  -2.0134225  -2.0134225
   3.0000000  -1.9999997  -1.9999997  -1.9999997
   3.0200000  -1.9867546  -1.9867546  -1.9867546
   3.0400000  -1.9736839  -1.9736839  -1.9736839
   3.0600000  -1.9607840  -1.9607840  -1.9607840
   3.0800000  -1.9480517  -1.9480517  -1.9480517
   3.1000000  -1.9354836  -1.9354836  -1.9354836
   3.1200000  -1.9230767  -1.9230767  -1.9230767
   3.1400000  -1.9108278  -1.9108278  -1.9108278
   3.1600000  -1.8987339  -1.8987339  -1.8987339
   3.1800000  -1.8867922  -1.8867922  -1.8867922
   3.2000000  -1.8749998  -1.8749998  -1.8749998
   3.2200000  -1.8633538  -1.8633538  -1.8633538
   3.2400000  -1.8518516  -1.8518516  -1.8518516
   3.2600000  -1.8404906  -1.8404906  -1.8404906
   3.2800000  -1.8292681  -1.8292681  -1.8292681
   3.3000000  -1.8181816  -1.8181816  -1.8181816
   3.3200000  -1.8072287  -1.8072287  -1.8072287
   3.3400000  -1.7964070  -1.7964070  -1.7964070
   3.3600000  -1.7857141  -1.7857141  -1.7857141
   3.3800000  -1.7751477  -1.7751477  -1.7751477
   3.4000000  -1.7647057  -1.7647057  -1.7647057
   3.4200000  -1.7543858  -1.7543858  -1.7543858
   3.4400000  -1.7441859  -1.7441859  -1.7441859
   3.4600000  -1.7341039  -1.7341039  -1.7341039
   3.4800000  -1.7241378  -1.7241378  -1.7241378
   3.5000000  -1.7142855  -1.7142855  -1.7142855
   3.5200000  -1.7045453  -1.7045453  -1.7045453
   3.5400000  -1.6949151  -1.6949151  -1.6949151
   3.5600000  -1.6853931  -1.6853931  -1.6853931
   3.5800000  -1.6759775  -1.6759775  -1.6759775
   3.6000000  -1.6666665  -1.6666665  -1.6666665
   3.6200000  -1.6574584  -1.6574584  -1.6574584
   3.6400000  -1.6483515  -1.6483515  -1.6483515
   3.6600000  -1.6393441  -1.6393441  -1.6393441
   3.6800000  -1.6304346  -1.6304346  -1.6304346
   3.7000000  -1.6216215  -1.6216215  -1.6216215
   3.7200000  -1.6129031  -1.6129031  -1.6129031
   3.7400000  -1.6042780  -1.6042780  -1.6042780
   3.7600000  -1.5957446  -1.5957446  -1.5957446
   3.7800000  -1.5873015  -1.5873015  -1.5873015
   3.8000000  -1.5789473  -1.5789473  -1.5789473
   3.8200000  -1.5706805  -1.5706805  -1.5706805
   3.8400000  -1.5624999  -1.5624999  -1.5624999
   3.8600000  -1.5544040  -1.5544040  -1.5544040
   3.8800000  -1.5463917  -1.5463917  -1.5463917
   3.9000000  -1.5384615  -1.5384615  -1.5384615
   3.9200000  -1.5306122  -1.5306122  -1.5306122
   3.9400000  -1.5228425  -1.5228425  -1.5228425
   3.9600000  -1.5151514  -1.5151514  -1.5151514
   3.9800000  -1.5075376  -1.5075376  -1.5075376
   4.0000000  -1.4999999  -1.4999999  -1.4999999
   4.0200000  -1.4925372  -1.4925372  -1.4925372
   4.0400000  -1.4851484  -1.4851484  -1.4851484
   4.0600000  -1.4778324  -1.4778324  -1.4778324
   4.0800000  -1.4705882  -1.4705882  -1.4705882
   4.1000000  -1.4634146  -1.4634146  -1.4634146
   4.1200000  -1.4563106  -1.4563106  -1.4563106
   4.1400000  -1.4492753  -1.4492753  -1.4492753
   4.1600000  -1.4423076  -1.4423076  -1.4423076
   4.1800000  -1.4354067  -1.4354067  -1.4354067
   4.2000000  -1.4285714  -1.4285714  -1.4285714
   4.2200000  -1.4218009  -1.4218009  -1.4218009
   4.2400000  -1.4150943  -1.4150943  -1.4150943
   4.2600000  -1.4084507  -1.4084507  -1.4084507
   4.2800000  -1.4018691  -1.4018691  -1.4018691
   4.3000000  -1.3953488  -1.3953488  -1.3953488
   4.3200000  -1.3888889  -1.3888889  -1.3888889
   4.3400000  -1.3824884  -1.3824884  -1.3824884
   4.3600000  -1.3761467  -1.3761467  -1.3761467
   4.3800000  -1.3698630  -1.3698630  -1.3698630
   4.4000000  -1.3636364  -1.3636364  -1.3636364
   4.4200000  -1.3574660  -1.3574660  -1.3574660
   4.4400000  -1.3513513  -1.3513513  -1.3513513
   4.4600000  -1.3452914  -1.3452914  -1.3452914
   4.4800000  -1.3392857  -1.3392857  -1.3392857
   4.5000000  -1.3333333  -1.3333333  -1.3333333
   4.5200000  -1.3274336  -1.3274336  -1.3274336
   4.5400000  -1.3215859  -1.3215859  -1.3215859
   4.5600000  -1.3157894  -1.3157894  -1.3157894
   4.5800000  -1.3100436  -1.3100436  -1.3100436
   4.6000000  -1.3043478  -1.3043478  -1.3043478
   4.6200000  -1.2987013  -1.2987013  -1.2987013
   4.6400000  -1.2931035  -1.2931035  -1.2931035
   4.6600000  -1.2875536  -1.2875536  -1.2875536
   4.6800000  -1.2820513  -1.2820513  -1.2820513
   4.7000000  -1.2765957  -1.2765957  -1.2765957
   4.7200000  -1.2711864  -1.2711864  -1.2711864
   4.7400000  -1.2658228  -1.2658228  -1.2658228
   4.7600000  -1.2605042  -1.2605042  -1.2605042
   4.7800000  -1.2552301  -1.2552301  -1.2552301
   4.8000000  -1.2500000  -1.2500000  -1.2500000
   4.8200000  -1.2448133  -1.2448133  -1.2448133
   4.8400000  -1.2396694  -1.2396694  -1.2396694
   4.8600000  -1.2345679  -1.2345679  -1.2345679
   4.8800000  -1.2295082  -1.2295082  -1.2295082
   4.9000000  -1.2244898  -1.2244898  -1.2244898
   4.9200000  -1.2195122  -1.2195122  -1.2195122
   4.9400000  -1.2145749  -1.2145749  -1.2145749
   4.9600000  -1.2096774  -1.2096774  -1.2096774
   4.9800000  -1.2048193  -1.2048193  -1.2048193
   5.0000000  -1.2000000  -1.2000000  -1.2000000
   5.0200000  -1.1952191  -1.1952191  -1.1952191
   5.0400000  -1.1904762  -1.1904762  -1.1904762
   5.0600000  -1.1857708  -1.1857708  -1.1857708
   5.0800000  -1.1811024  -1.1811024  -1.1811024
   5.1000000  -1.1764706  -1.1764706  -1.1764706
   5.1200000  -1.1718750  -1.1718750  -1.1718750
   5.1400000  -1.1673152  -1.1673152  -1.1673152
   5.1600000  -1.1627907  -1.1627907  -1.1627907
   5.1800000  -1.1583012  -1.1583012  -1.1583012
   5.2000000  -1.1538462  -1.1538462  -1.1538462
   5.2200000  -1.1494253  -1.1494253  -1.1494253
   5.2400000  -1.1450382  -1.1450382  -1.1450382
   5.2600000  -1.1406844  -1.1406844  -1.1406844
   5.2800000  -1.1363637  -1.1363637  -1.1363637
   5.3000000  -1.1320755  -1.1320755  -1.1320755
   5.3200000  -1.1278196  -1.1278196  -1.1278196
   5.3400000  -1.1235955  -1.1235955  -1.1235955
   5.3600000  -1.1194030  -1.1194030  -1.1194030
   5.3800000  -1.1152417  -1.1152417  -1.1152417
   5.4000000  -1.1111111  -1.1111111  -1.1111111
   5.4200000  -1.1070111  -1.1070111  -1.1070111
   5.4400000  -1.1029412  -1.1029412  -1.1029412
   5.4600000  -1.0989011  -1.0989011  -1.0989011
   5.4800000  -1.0948906  -1.0948906  -1.0948906
   5.5000000  -1.0909091  -1.0909091  -1.0909091
   5.5200000  -1.0869566  -1.0869566  -1.0869566
   5.5400000  -1.0830325  -1.0830325  -1.0830325
   5.5600000  -1.0791367  -1.0791367  -1.0791367
   5.5800000  -1.0752689  -1.0752689  -1.0752689
   5.6000000  -1.0714286  -1.0714286  -1.0714286
   5.6200000  -1.0676157  -1.0676157  -1.0676157
   5.6400000  -1.0638298  -1.0638298  -1.0638298
   5.6600000  -1.0600707  -1.0600707  -1.0600707
   5.6800000  -1.0563381  -1.0563381  -1.0563381
   5.7000000  -1.0526316  -1.0526316  -1.0526316
   5.7200000  -1.0489511  -1.0489511  -1.0489511
   5.7400000  -1.0452962  -1.0452962  -1.0452962
   5.7600000  -1.0416667  -1.0416667  -1.0416667
   5.7800000  -1.0380623  -1.0380623  -1.0380623
   5.8000000  -1.0344828  -1.0344828  -1.0344828
   5.8200000  -1.0309279  -1.0309279  -1.0309279
   5.8400000  -1.0273973  -1.0273973  -1.0273973
   5.8600000  -1.0238908  -1.0238908  -1.0238908
   5.8800000  -1.0204082  -1.0204082  -1.0204082
   5.9000000  -1.0169492  -1.0169492  -1.0169492
   5.9200000  -1.0135136  -1.0135136  -1.0135136
   5.9400000  -1.0101011  -1.0101011  -1.0101011
   5.9600000  -1.0067115  -1.0067115  -1.0067115
   5.9800000  -1.0033445  -1.0033445  -1.0033445
   6.0000000  -1.0000000  -1.0000000  -1.0000000
   6.0200000   -.9966778   -.9966778   -.9966778
   6.0400000   -.9933775   -.9933775   -.9933775
   6.0600000   -.9900991   -.9900991   -.9900991
   6.0800000   -.9868422   -.9868422   -.9868422
   6.1000000   -.9836066   -.9836066   -.9836066
   6.1200000   -.9803922   -.9803922   -.9803922
   6.1400000   -.9771987   -.9771987   -.9771987
   6.1600000   -.9740260   -.9740260   -.9740260
   6.1800000   -.9708738   -.9708738   -.9708738
   6.2000000   -.9677420   -.9677420   -.9677420
   6.2200000   -.9646303   -.9646303   -.9646303
   6.2400000   -.9615385   -.9615385   -.9615385
   6.2600000   -.9584665   -.9584665   -.9584665
   6.2800000   -.9554141   -.9554141   -.9554141
   6.3000000   -.9523810   -.9523810   -.9523810
   6.3200000   -.9493671   -.9493671   -.9493671
   6.3400000   -.9463723   -.9463723   -.9463723
   6.3600000   -.9433963   -.9433963   -.9433963
   6.3800000   -.9404389   -.9404389   -.9404389
   6.4000000   -.9375001   -.9375001   -.9375001
   6.4200000   -.9345795   -.9345795   -.9345795
   6.4400000   -.9316771   -.9316771   -.9316771
   6.4600000   -.9287926   -.9287926   -.9287926
   6.4800000   -.9259260   -.9259260   -.9259260
   6.5000000   -.9230770   -.9230770   -.9230770
   6.5200000   -.9202455   -.9202455   -.9202455
   6.5400000   -.9174313   -.9174313   -.9174313
   6.5600000   -.9146342   -.9146342   -.9146342
   6.5800000   -.9118541   -.9118541   -.9118541
   6.6000000   -.9090910   -.9090910   -.9090910
   6.6200000   -.9063445   -.9063445   -.9063445
   6.6400000   -.9036145   -.9036145   -.9036145
   6.6600000   -.9009010   -.9009010   -.9009010
   6.6800000   -.8982037   -.8982037   -.8982037
   6.7000000   -.8955224   -.8955224   -.8955224
   6.7200000   -.8928572   -.8928572   -.8928572
   6.7400000   -.8902078   -.8902078   -.8902078
   6.7600000   -.8875740   -.8875740   -.8875740
   6.7800000   -.8849558   -.8849558   -.8849558
   6.8000000   -.8823530   -.8823530   -.8823530
   6.8200000   -.8797655   -.8797655   -.8797655
   6.8400000   -.8771930   -.8771930   -.8771930
   6.8600000   -.8746356   -.8746356   -.8746356
   6.8800000   -.8720931   -.8720931   -.8720931
   6.9000000   -.8695653   -.8695653   -.8695653
   6.9200000   -.8670521   -.8670521   -.8670521
   6.9400000   -.8645534   -.8645534   -.8645534
   6.9600000   -.8620690   -.8620690   -.8620690
   6.9800000   -.8595989   -.8595989   -.8595989
   7.0000000   -.8571429   -.8571429   -.8571429
   7.0200000   -.8547009   -.8547009   -.8547009
   7.0400000   -.8522728   -.8522728   -.8522728
   7.0600000   -.8498584   -.8498584   -.8498584
   7.0800000   -.8474577   -.8474577   -.8474577
   7.1000000   -.8450705   -.8450705   -.8450705
   7.1200000   -.8426967   -.8426967   -.8426967
   7.1400000   -.8403362   -.8403362   -.8403362
   7.1600000   -.8379889   -.8379889   -.8379889
   7.1800000   -.8356547   -.8356547   -.8356547
   7.2000000   -.8333334   -.8333334   -.8333334
   7.2200000   -.8310250   -.8310250   -.8310250
   7.2400000   -.8287293   -.8287293   -.8287293
   7.2600000   -.8264463   -.8264463   -.8264463
   7.2800000   -.8241759   -.8241759   -.8241759
   7.3000000   -.8219179   -.8219179   -.8219179
   7.3200000   -.8196722   -.8196722   -.8196722
   7.3400000   -.8174387   -.8174387   -.8174387
   7.3600000   -.8152175   -.8152175   -.8152175
   7.3800000   -.8130082   -.8130082   -.8130082
   7.4000000   -.8108109   -.8108109   -.8108109
   7.4200000   -.8086254   -.8086254   -.8086254
   7.4400000   -.8064517   -.8064517   -.8064517
   7.4600000   -.8042896   -.8042896   -.8042896
   7.4800000   -.8021391   -.8021391   -.8021391
   7.5000000   -.8000001   -.8000001   -.8000001
   7.5200000   -.7978724   -.7978724   -.7978724
   7.5400000   -.7957560   -.7957560   -.7957560
   7.5600000   -.7936508   -.7936508   -.7936508
   7.5800000   -.7915568   -.7915568   -.7915568
   7.6000000   -.7894737   -.7894737   -.7894737
   7.6200000   -.7874016   -.7874016   -.7874016
   7.6400000   -.7853404   -.7853404   -.7853404
   7.6600000   -.7832899   -.7832899   -.7832899
   7.6800000   -.7812500   -.7812500   -.7812500
   7.7000000   -.7792208   -.7792208   -.7792208
   7.7200000   -.7772021   -.7772021   -.7772021
   7.7400000   -.7751939   -.7751939   -.7751939
   7.7600000   -.7731959   -.7731959   -.7731959
   7.7800000   -.7712083   -.7712083   -.7712083
   7.8000000   -.7692308   -.7692308   -.7692308
   7.8200000   -.7672635   -.7672635   -.7672635
   7.8400000   -.7653062   -.7653062   -.7653062
   7.8600000   -.7633588   -.7633588   -.7633588
   7.8800000   -.7614214   -.7614214   -.7614214
   7.9000000   -.7594937   -.7594937   -.7594937
   7.9200000   -.7575758   -.7575758   -.7575758
   7.9400000   -.7556676   -.7556676   -.7556676
   7.9600000   -.7537689   -.7537689   -.7537689
   7.9800000   -.7518797   -.7518797   -.7518797
   8.0000000   -.7500000   -.7500000   -.7500000
   8.0200000   -.7481297   -.7481297   -.7481297
   8.0400000   -.7462687   -.7462687   -.7462687
   8.0600000   -.7444169   -.7444169   -.7444169
   8.0800000   -.7425743   -.7425743   -.7425743
   8.1000000   -.7407408   -.7407408   -.7407408
   8.1200000   -.7389163   -.7389163   -.7389163
   8.1400000   -.7371008   -.7371008   -.7371008
   8.1600000   -.7352942   -.7352942   -.7352942
   8.1800000   -.7334964   -.7334964   -.7334964
   8.2000000   -.7317074   -.7317074   -.7317074
   8.2200000   -.7299270   -.7299270   -.7299270
   8.2400000   -.7281554   -.7281554   -.7281554
   8.2600000   -.7263923   -.7263923   -.7263923
   8.2800000   -.7246377   -.7246377   -.7246377
   8.3000000   -.7228916   -.7228916   -.7228916
   8.3200000   -.7211539   -.7211539   -.7211539
   8.3400000   -.7194245   -.7194245   -.7194245
   8.3600000   -.7177034   -.7177034   -.7177034
   8.3800000   -.7159905   -.7159905   -.7159905
   8.4000000   -.7142857   -.7142857   -.7142857
   8.4200000   -.7125891   -.7125891   -.7125891
   8.4400000   -.7109005   -.7109005   -.7109005
   8.4600000   -.7092199   -.7092199   -.7092199
   8.4800000   -.7075472   -.7075472   -.7075472
   8.5000000   -.7058824   -.7058824   -.7058824
   8.5200000   -.7042254   -.7042254   -.7042254
   8.5400000   -.7025762   -.7025762   -.7025762
   8.5600000   -.7009346   -.7009346   -.7009346
   8.5800000   -.6993007   -.6993007   -.6993007
   8.6000000   -.6976744   -.6976744   -.6976744
   8.6200000   -.6960557   -.6960557   -.6960557
   8.6400000   -.6944445   -.6944445   -.6944445
   8.6600000   -.6928407   -.6928407   -.6928407
   8.6800000   -.6912443   -.6912443   -.6912443
   8.7000000   -.6896552   -.6896552   -.6896552
   8.7200000   -.6880734   -.6880734   -.6880734
   8.7400000   -.6864989   -.6864989   -.6864989
   8.7600000   -.6849315   -.6849315   -.6849315
   8.7800000   -.6833713   -.6833713   -.6833713
   8.8000000   -.6818182   -.6818182   -.6818182
   8.8200000   -.6802721   -.6802721   -.6802721
   8.8400000   -.6787331   -.6787331   -.6787331
   8.8600000   -.6772009   -.6772009   -.6772009
   8.8800000   -.6756757   -.6756757   -.6756757
   8.9000000   -.6741573   -.6741573   -.6741573
   8.9200000   -.6726458   -.6726458   -.6726458
   8.9400000   -.6711410   -.6711410   -.6711410
   8.9600000   -.6696429   -.6696429   -.6696429
   8.9800000   -.6681515   -.6681515   -.6681515
   9.0000000   -.6666667   -.6666667   -.6666667
   9.0200000   -.6651885   -.6651885   -.6651885
   9.0400000   -.6637168   -.6637168   -.6637168
   9.0600000   -.6622517   -.6622517   -.6622517
   9.0800000   -.6607930   -.6607930   -.6607930
   9.1000000   -.6593407   -.6593407   -.6593407
   9.1200000   -.6578948   -.6578948   -.6578948
   9.1400000   -.6564552   -.6564552   -.6564552
   9.1600000   -.6550219   -.6550219   -.6550219
   9.1800000   -.6535948   -.6535948   -.6535948
   9.2000000   -.6521739   -.6521739   -.6521739
   9.2200000   -.6507592   -.6507592   -.6507592
   9.2400000   -.6493507   -.6493507   -.6493507
   9.2600000   -.6479482   -.6479482   -.6479482
   9.2800000   -.6465517   -.6465517   -.6465517
   9.3000000   -.6451613   -.6451613   -.6451613
   9.3200000   -.6437768   -.6437768   -.6437768
   9.3400000   -.6423983   -.6423983   -.6423983
   9.3600000   -.6410257   -.6410257   -.6410257
   9.3800000   -.6396589   -.6396589   -.6396589
   9.4000000   -.6382979   -.6382979   -.6382979
   9.4200000   -.6369427   -.6369427   -.6369427
   9.4400000   -.6355932   -.6355932   -.6355932
   9.4600000   -.6342495   -.6342495   -.6342495
   9.4800000   -.6329114   -.6329114   -.6329114
   9.5000000   -.6315790   -.6315790   -.6315790
   9.5200000   -.6302521   -.6302521   -.6302521
   9.5400000   -.6289308   -.6289308   -.6289308
   9.5600000   -.6276151   -.6276151   -.6276151
   9.5800000   -.6263048   -.6263048   -.6263048
   9.6000000   -.6250000   -.6250000   -.6250000
   9.6200000   -.6237007   -.6237007   -.6237007
   9.6400000   -.6224067   -.6224067   -.6224067
   9.6600000   -.6211180   -.6211180   -.6211180
   9.6800000   -.6198347   -.6198347   -.6198347
   9.7000000   -.6185567   -.6185567   -.6185567
   9.7200000   -.6172840   -.6172840   -.6172840
   9.7400000   -.6160164   -.6160164   -.6160164
   9.7600000   -.6147541   -.6147541   -.6147541
   9.7800000   -.6134970   -.6134970   -.6134970
   9.8000000   -.6122449   -.6122449   -.6122449
   9.8200000   -.6109980   -.6109980   -.6109980
   9.8400000   -.6097561   -.6097561   -.6097561
   9.8600000   -.6085193   -.6085193   -.6085193
   9.8800000   -.6072875   -.6072875   -.6072875
   9.9000000   -.6060606   -.6060606   -.6060606
   9.9200000   -.6048387   -.6048387   -.6048387
   9.9400000   -.6036217   -.6036217   -.6036217
   9.9600000   -.6024097   -.6024097   -.6024097
   9.9800000   -.6012024   -.6012024   -.6012024
  10.0000000   -.6000000   -.6000000   -.6000000
    .0007813    .0010713    .0000024    .0000000
    .0200000    .0274236    .0016048    .0000000
    .0400000    .0548441    .0064101    .0000000
    .0600000    .0822593    .0143885    .0000000
    .0800000    .1096670    .0254941    .0000000
    .1000000    .1370655    .0396619    .0000001
    .1200000    .1644528    .0568074    .0000002
    .1400000    .1918264    .0768265    .0000002
    .1600000    .2191829    .0995945    .0000004
    .1800000    .2465175    .1249663    .0000005
    .2000000    .2738239    .1527758    .0000007
    .2200000    .3010936    .1828361    .0000009
    .2400000    .3283157    .2149396    .0000012
    .2600000    .3554767    .2488588    .0000015
    .2800000    .3825600    .2843467    .0000018
    .3000000    .4095459    .3211386    .0000023
    .3200000    .4364111    .3589536    .0000027
    .3400000    .4631286    .3974968    .0000032
    .3600000    .4896676    .4364621    .0000038
    .3800000    .5159933    .4755354    .0000044
    .4000000    .5420665    .5143983    .0000051
    .4200000    .5678438    .5527318    .0000058
    .4400000    .5932773    .5902214    .0000066
    .4600000    .6183149    .6265614    .0000075
    .4800000    .6429002    .6614600    .0000084
    .5000000    .6669727    .6946444    .0000094
    .5200000    .6904683    .7258658    .0000104
    .5400000    .7133199    .7549041    .0000115
    .5600000    .7354572    .7815720    .0000126
    .5800000    .7568085    .8057193    .0000137
    .6000000    .7773007    .8272351    .0000149
    .6200000    .7968605    .8460508    .0000162
    .6400000    .8154156    .8621402    .0000175
    .6600000    .8328957    .8755202    .0000188
    .6800000    .8492339    .8862488    .0000202
    .7000000    .8643678    .8944234    .0000216
    .7200000    .8782409    .9001763    .0000231
    .7400000    .8908040    .9036708    .0000246
    .7600000    .9020161    .9050951    .0000261
    .7800000    .9118461    .9046565    .0000277
    .8000000    .9202728    .9025745    .0000293
    .8200000    .9272864    .8990742    .0000309
    .8400000    .9328886    .8943795    .0000326
    .8600000    .9370925    .8887070    .0000343
    .8800000    .9399229    .8822605    .0000361
    .9000000    .9414153    .8752264    .0000379
    .9200000    .9416154    .8677699    .0000398
    .9400000    .9405780    .8600331    .0000417
    .9600000    .9383652    .8521334    .0000437
    .9800000    .9350457    .8441637    .0000457
   1.0000000    .9306926    .8361936    .0000478
   1.0200000    .9253819    .8282711    .0000499
   1.0400000    .9191912    .8204254    .0000521
   1.0600000    .9121978    .8126699    .0000544
   1.0800000    .9044777    .8050051    .0000567
   1.1000000    .8961044    .7974226    .0000591
   1.1200000    .8871480    .7899077    .0000615
   1.1400000    .8776746    .7824421    .0000640
   1.1600000    .8677458    .7750065    .0000666
   1.1800000    .8574183    .7675823    .0000692
   1.2000000    .8467444    .7601526    .0000719
   1.2200000    .8357716    .7527033    .0000747
   1.2400000    .8245429    .7452239    .0000775
   1.2600000    .8130976    .7377066    .0000804
   1.2800000    .8014709    .7301471    .0000834
   1.3000000    .7896946    .7225439    .0000864
   1.3200000    .7777977    .7148977    .0000896
   1.3400000    .7658063    .7072113    .0000928
   1.3600000    .7537443    .6994886    .0000960
   1.3800000    .7416333    .6917348    .0000994
   1.4000000    .7294930    .6839557    .0001028
   1.4200000    .7173416    .6761575    .0001063
   1.4400000    .7051956    .6683463    .0001099
   1.4600000    .6930702    .6605284    .0001136
   1.4800000    .6809793    .6527099    .0001174
   1.5000000    .6689356    .6448965    .0001212
   1.5200000    .6569510    .6370939    .0001252
   1.5400000    .6450360    .6293071    .0001292
   1.5600000    .6332005    .6215411    .0001333
   1.5800000    .6214534    .6138004    .0001375
   1.6000000    .6098028    .6060893    .0001418
   1.6200000    .5982562    .5984116    .0001462
   1.6400000    .5868202    .5907711    .0001507
   1.6600000    .5755009    .5831711    .0001553
   1.6800000    .5643037    .5756146    .0001600
   1.7000000    .5532334    .5681046    .0001648
   1.7200000    .5422945    .5606437    .0001698
   1.7400000    .5314907    .5532343    .0001748
   1.7600000    .5208254    .5458787    .0001799
   1.7800000    .5103015    .5385788    .0001851
   1.8000000    .4999217    .5313365    .0001905
   1.8200000    .4896881    .5241534    .0001960
   1.8400000    .4796024    .5170312    .0002016
   1.8600000    .4696662    .5099711    .0002073
   1.8800000    .4598808    .5029745    .0002131
   1.9000000    .4502470    .4960424    .0002190
   1.9200000    .4407654    .4891758    .0002251
   1.9400000    .4314366    .4823757    .0002313
   1.9600000    .4222607    .4756427    .0002377
   1.9800000    .4132377    .4689775    .0002441
   2.0000000    .4043675    .4623808    .0002507
   2.0200000    .3956496    .4558530    .0002575
   2.0400000    .3870836    .4493945    .0002644
   2.0600000    .3786687    .4430056    .0002714
   2.0800000    .3704042    .4366867    .0002786
   2.1000000    .3622892    .4304379    .0002859
   2.1200000    .3543225    .4242594    .0002933
   2.1400000    .3465030    .4181512    .0003010
   2.1600000    .3388295    .4121133    .0003087
   2.1800000    .3313007    .4061457    .0003167
   2.2000000    .3239151    .4002484    .0003248
   2.2200000    .3166713    .3944212    .0003330
   2.2400000    .3095677    .3886639    .0003415
   2.2600000    .3026027    .3829763    .0003501
   2.2800000    .2957746    .3773583    .0003588
   2.3000000    .2890819    .3718095    .0003678
   2.3200000    .2825226    .3663296    .0003769
   2.3400000    .2760952    .3609183    .0003862
   2.3600000    .2697977    .3555752    .0003957
   2.3800000    .2636283    .3503000    .0004054
   2.4000000    .2575853    .3450922    .0004153
   2.4200000    .2516666    .3399515    .0004254
   2.4400000    .2458706    .3348773    .0004356
   2.4600000    .2401952    .3298692    .0004461
   2.4800000    .2346385    .3249267    .0004568
   2.5000000    .2291988    .3200493    .0004677
   2.5200000    .2238740    .3152366    .0004788
   2.5400000    .2186623    .3104879    .0004901
   2.5600000    .2135618    .3058028    .0005017
   2.5800000    .2085706    .3011806    .0005134
   2.6000000    .2036868    .2966209    .0005254
   2.6200000    .1989084    .2921231    .0005377
   2.6400000    .1942338    .2876866    .0005502
   2.6600000    .1896609    .2833108    .0005629
   2.6800000    .1851880    .2789951    .0005758
   2.7000000    .1808132    .2747390    .0005891
   2.7200000    .1765347    .2705418    .0006025
   2.7400000    .1723507    .2664030    .0006163
   2.7600000    .1682594    .2623220    .0006303
   2.7800000    .1642591    .2582980    .0006445
   2.8000000    .1603480    .2543306    .0006591
   2.8200000    .1565244    .2504192    .0006739
   2.8400000    .1527866    .2465630    .0006890
   2.8600000    .1491328    .2427616    .0007044
   2.8800000    .1455616    .2390142    .0007201
   2.9000000    .1420711    .2353203    .0007361
   2.9200000    .1386598    .2316793    .0007524
   2.9400000    .1353261    .2280905    .0007690
   2.9600000    .1320684    .2245534    .0007859
   2.9800000    .1288852    .2210674    .0008031
   3.0000000    .1257748    .2176317    .0008207
   3.0200000    .1227359    .2142459    .0008386
   3.0400000    .1197670    .2109093    .0008569
   3.0600000    .1168665    .2076214    .0008754
   3.0800000    .1140331    .2043815    .0008944
   3.1000000    .1112653    .2011890    .0009137
   3.1200000    .1085618    .1980434    .0009334
   3.1400000    .1059211    .1949440    .0009534
   3.1600000    .1033420    .1918903    .0009738
   3.1800000    .1008231    .1888817    .0009946
   3.2000000    .0983631    .1859177    .0010158
   3.2200000    .0959608    .1829976    .0010374
   3.2400000    .0936149    .1801209    .0010594
   3.2600000    .0913241    .1772870    .0010818
   3.2800000    .0890874    .1744954    .0011046
   3.3000000    .0869033    .1717455    .0011279
   3.3200000    .0847710    .1690367    .0011516
   3.3400000    .0826890    .1663686    .0011757
   3.3600000    .0806565    .1637406    .0012003
   3.3800000    .0786722    .1611521    .0012254
   3.4000000    .0767352    .1586026    .0012509
   3.4200000    .0748442    .1560915    .0012769
   3.4400000    .0729984    .1536185    .0013034
   3.4600000    .0711966    .1511829    .0013304
   3.4800000    .0694380    .1487842    .0013578
   3.5000000    .0677214    .1464220    .0013858
   3.5200000    .0660460    .1440957    .0014144
   3.5400000    .0644109    .1418048    .0014434
   3.5600000    .0628151    .1395489    .0014730
   3.5800000    .0612577    .1373274    .0015031
   3.6000000    .0597378    .1351399    .0015338
   3.6200000    .0582546    .1329859    .0015651
   3.6400000    .0568072    .1308649    .0015969
   3.6600000    .0553949    .1287765    .0016293
   3.6800000    .0540167    .1267202    .0016624
   3.7000000    .0526720    .1246956    .0016960
   3.7200000    .0513599    .1227021    .0017303
   3.7400000    .0500796    .1207394    .0017652
   3.7600000    .0488305    .1188071    .0018007
   3.7800000    .0476119    .1169046    .0018369
   3.8000000    .0464229    .1150316    .0018738
   3.8200000    .0452629    .1131876    .0019114
   3.8400000    .0441312    .1113722    .0019496
   3.8600000    .0430272    .1095850    .0019886
   3.8800000    .0419502    .1078256    .0020282
   3.9000000    .0408996    .1060936    .0020686
   3.9200000    .0398747    .1043885    .0021098
   3.9400000    .0388750    .1027101    .0021517
   3.9600000    .0378998    .1010579    .0021943
   3.9800000    .0369486    .0994315    .0022378
   4.0000000    .0360208    .0978305    .0022820
   4.0200000    .0351158    .0962546    .0023271
   4.0400000    .0342330    .0947034    .0023730
   4.0600000    .0333721    .0931765    .0024197
   4.0800000    .0325324    .0916735    .0024673
   4.1000000    .0317135    .0901942    .0025158
   4.1200000    .0309147    .0887382    .0025652
   4.1400000    .0301357    .0873051    .0026154
   4.1600000    .0293760    .0858945    .0026666
   4.1800000    .0286352    .0845062    .0027187
   4.2000000    .0279127    .0831398    .0027718
   4.2200000    .0272080    .0817949    .0028258
   4.2400000    .0265209    .0804713    .0028808
   4.2600000    .0258509    .0791687    .0029369
   4.2800000    .0251975    .0778866    .0029939
   4.3000000    .0245603    .0766249    .0030520
   4.3200000    .0239390    .0753831    .0031112
   4.3400000    .0233332    .0741611    .0031714
   4.3600000    .0227424    .0729584    .0032328
   4.3800000    .0221664    .0717749    .0032952
   4.4000000    .0216048    .0706101    .0033588
   4.4200000    .0210571    .0694639    .0034236
   4.4400000    .0205232    .0683359    .0034895
   4.4600000    .0200026    .0672259    .0035567
   4.4800000    .0194950    .0661336    .0036250
   4.5000000    .0190001    .0650587    .0036946
   4.5200000    .0185176    .0640009    .0037655
   4.5400000    .0180471    .0629600    .0038376
   4.5600000    .0175885    .0619357    .0039111
   4.5800000    .0171413    .0609279    .0039859
   4.6000000    .0167054    .0599361    .0040621
   4.6200000    .0162804    .0589602    .0041396
   4.6400000    .0158661    .0579999    .0042186
   4.6600000    .0154622    .0570550    .0042989
   4.6800000    .0150684    .0561253    .0043808
   4.7000000    .0146845    .0552105    .0044641
   4.7200000    .0143103    .0543103    .0045489
   4.7400000    .0139455    .0534246    .0046353
   4.7600000    .0135899    .0525531    .0047232
   4.7800000    .0132432    .0516957    .0048128
   4.8000000    .0129053    .0508520    .0049039
   4.8200000    .0125759    .0500219    .0049967
   4.8400000    .0122548    .0492051    .0050912
   4.8600000    .0119418    .0484015    .0051874
   4.8800000    .0116367    .0476109    .0052853
   4.9000000    .0113393    .0468330    .0053850
   4.9200000    .0110494    .0460676    .0054865
   4.9400000    .0107668    .0453146    .0055898
   4.9600000    .0104914    .0445737    .0056950
   4.9800000    .0102229    .0438448    .0058021
   5.0000000    .0099612    .0431277    .0059111
   5.0200000    .0097061    .0424221    .0060221
   5.0400000    .0094575    .0417280    .0061351
   5.0600000    .0092152    .0410451    .0062502
   5.0800000    .0089790    .0403732    .0063673
   5.1000000    .0087489    .0397122    .0064865
   5.1200000    .0085245    .0390620    .0066079
   5.1400000    .0083058    .0384222    .0067314
   5.1600000    .0080927    .0377928    .0068572
   5.1800000    .0078849    .0371736    .0069852
   5.2000000    .0076825    .0365645    .0071155
   5.2200000    .0074851    .0359653    .0072482
   5.2400000    .0072928    .0353757    .0073833
   5.2600000    .0071054    .0347958    .0075208
   5.2800000    .0069227    .0342252    .0076608
   5.3000000    .0067446    .0336640    .0078032
   5.3200000    .0065711    .0331118    .0079483
   5.3400000    .0064020    .0325687    .0080959
   5.3600000    .0062372    .0320343    .0082462
   5.3800000    .0060765    .0315087    .0083992
   5.4000000    .0059200    .0309916    .0085550
   5.4200000    .0057674    .0304829    .0087135
   5.4400000    .0056187    .0299825    .0088749
   5.4600000    .0054738    .0294903    .0090391
   5.4800000    .0053325    .0290061    .0092063
   5.5000000    .0051949    .0285297    .0093766
   5.5200000    .0050607    .0280612    .0095498
   5.5400000    .0049300    .0276003    .0097262
   5.5600000    .0048026    .0271469    .0099057
   5.5800000    .0046784    .0267009    .0100884
   5.6000000    .0045574    .0262622    .0102744
   5.6200000    .0044395    .0258306    .0104637
   5.6400000    .0043245    .0254061    .0106564
   5.6600000    .0042125    .0249885    .0108526
   5.6800000    .0041033    .0245778    .0110522
   5.7000000    .0039969    .0241737    .0112555
   5.7200000    .0038932    .0237763    .0114623
   5.7400000    .0037922    .0233854    .0116729
   5.7600000    .0036937    .0230008    .0118872
   5.7800000    .0035977    .0226226    .0121053
   5.8000000    .0035041    .0222505    .0123273
   5.8200000    .0034129    .0218846    .0125533
   5.8400000    .0033241    .0215246    .0127833
   5.8600000    .0032374    .0211705    .0130175
   5.8800000    .0031530    .0208223    .0132558
   5.9000000    .0030708    .0204797    .0134983
   5.9200000    .0029906    .0201427    .0137452
   5.9400000    .0029124    .0198113    .0139964
   5.9600000    .0028362    .0194853    .0142522
   5.9800000    .0027620    .0191647    .0145124
   6.0000000    .0026896    .0188493    .0147774
   6.0200000    .0026191    .0185391    .0150470
   6.0400000    .0025503    .0182340    .0153214
   6.0600000    .0024833    .0179339    .0156008
   6.0800000    .0024179    .0176387    .0158850
   6.1000000    .0023542    .0173483    .0161744
   6.1200000    .0022921    .0170628    .0164688
   6.1400000    .0022316    .0167819    .0167685
   6.1600000    .0021726    .0165056    .0170736
   6.1800000    .0021151    .0162339    .0173840
   6.2000000    .0020590    .0159667    .0177000
   6.2200000    .0020043    .0157038    .0180216
   6.2400000    .0019510    .0154453    .0183488
   6.2600000    .0018991    .0151910    .0186819
   6.2800000    .0018484    .0149409    .0190209
   6.3000000    .0017990    .0146949    .0193659
   6.3200000    .0017508    .0144530    .0197171
   6.3400000    .0017038    .0142151    .0200744
   6.3600000    .0016580    .0139810    .0204381
   6.3800000    .0016133    .0137508    .0208082
   6.4000000    .0015697    .0135245    .0211849
   6.4200000    .0015272    .0133018    .0215682
   6.4400000    .0014857    .0130828    .0219584
   6.4600000    .0014452    .0128675    .0223554
   6.4800000    .0014058    .0126556    .0227595
   6.5000000    .0013673    .0124473    .0231708
   6.5200000    .0013297    .0122424    .0235893
   6.5400000    .0012931    .0120409    .0240151
   6.5600000    .0012573    .0118427    .0244486
   6.5800000    .0012224    .0116478    .0248897
   6.6000000    .0011883    .0114561    .0253386
   6.6200000    .0011551    .0112676    .0257954
   6.6400000    .0011226    .0110822    .0262603
   6.6600000    .0010909    .0108998    .0267334
   6.6800000    .0010600    .0107205    .0272149
   6.7000000    .0010298    .0105441    .0277048
   6.7200000    .0010003    .0103706    .0282034
   6.7400000    .0009714    .0102000    .0287108
   6.7600000    .0009433    .0100322    .0292272
   6.7800000    .0009158    .0098672    .0297527
   6.8000000    .0008889    .0097050    .0302874
   6.8200000    .0008626    .0095454    .0308316
   6.8400000    .0008370    .0093885    .0313853
   6.8600000    .0008119    .0092341    .0319489
   6.8800000    .0007873    .0090823    .0325223
   6.9000000    .0007633    .0089330    .0331058
   6.9200000    .0007398    .0087862    .0336997
   6.9400000    .0007169    .0086419    .0343039
   6.9600000    .0006944    .0084999    .0349189
   6.9800000    .0006724    .0083603    .0355447
   7.0000000    .0006509    .0082230    .0361814
   7.0200000    .0006298    .0080879    .0368294
   7.0400000    .0006092    .0079551    .0374887
   7.0600000    .0005889    .0078245    .0381597
   7.0800000    .0005691    .0076961    .0388424
   7.1000000    .0005497    .0075698    .0395372
   7.1200000    .0005306    .0074457    .0402442
   7.1400000    .0005119    .0073235    .0409636
   7.1600000    .0004936    .0072034    .0416957
   7.1800000    .0004756    .0070853    .0424406
   7.2000000    .0004579    .0069692    .0431986
   7.2200000    .0004406    .0068550    .0439698
   7.2400000    .0004235    .0067427    .0447547
   7.2600000    .0004068    .0066323    .0455533
   7.2800000    .0003903    .0065237    .0463659
   7.3000000    .0003741    .0064169    .0471928
   7.3200000    .0003582    .0063119    .0480342
   7.3400000    .0003425    .0062086    .0488904
   7.3600000    .0003270    .0061071    .0497616
   7.3800000    .0003118    .0060073    .0506480
   7.4000000    .0002968    .0059091    .0515499
   7.4200000    .0002819    .0058125    .0524677
   7.4400000    .0002673    .0057176    .0534016
   7.4600000    .0002529    .0056243    .0543518
   7.4800000    .0002386    .0055325    .0553187
   7.5000000    .0002245    .0054423    .0563025
   7.5200000    .0002106    .0053536    .0573036
   7.5400000    .0001968    .0052663    .0583221
   7.5600000    .0001831    .0051805    .0593585
   7.5800000    .0001696    .0050962    .0604130
   7.6000000    .0001562    .0050132    .0614859
   7.6200000    .0001429    .0049317    .0625777
   7.6400000    .0001296    .0048515    .0636885
   7.6600000    .0001165    .0047727    .0648188
   7.6800000    .0001035    .0046952    .0659688
   7.7000000    .0000905    .0046190    .0671390
   7.7200000    .0000776    .0045441    .0683296
   7.7400000    .0000648    .0044705    .0695409
   7.7600000    .0000520    .0043980    .0707734
   7.7800000    .0000392    .0043268    .0720275
   7.8000000    .0000264    .0042569    .0733034
   7.8200000    .0000137    .0041880    .0746017
   7.8400000    .0000010    .0041204    .0759226
   7.8600000   -.0000117    .0040539    .0772666
   7.8800000   -.0000244    .0039885    .0786341
   7.9000000   -.0000372    .0039243    .0800254
   7.9200000   -.0000500    .0038611    .0814410
   7.9400000   -.0000628    .0037990    .0828812
   7.9600000   -.0000756    .0037379    .0843465
   7.9800000   -.0000885    .0036779    .0858374
   8.0000000   -.0001015    .0036189    .0873543
   8.0200000   -.0001145    .0035609    .0888977
   8.0400000   -.0001276    .0035039    .0904680
   8.0600000   -.0001408    .0034479    .0920656
   8.0800000   -.0001541    .0033928    .0936912
   8.1000000   -.0001675    .0033387    .0953450
   8.1200000   -.0001810    .0032855    .0970275
   8.1400000   -.0001947    .0032332    .0987394
   8.1600000   -.0002084    .0031818    .1004810
   8.1800000   -.0002224    .0031313    .1022529
   8.2000000   -.0002364    .0030817    .1040558
   8.2200000   -.0002507    .0030329    .1058900
   8.2400000   -.0002651    .0029850    .1077562
   8.2600000   -.0002797    .0029378    .1096548
   8.2800000   -.0002945    .0028916    .1115865
   8.3000000   -.0003095    .0028461    .1135518
   8.3200000   -.0003247    .0028014    .1155512
   8.3400000   -.0003402    .0027574    .1175852
   8.3600000   -.0003558    .0027143    .1196546
   8.3800000   -.0003718    .0026719    .1217600
   8.4000000   -.0003879    .0026302    .1239020
   8.4200000   -.0004044    .0025893    .1260813
   8.4400000   -.0004211    .0025491    .1282985
   8.4600000   -.0004381    .0025096    .1305542
   8.4800000   -.0004555    .0024707    .1328492
   8.5000000   -.0004731    .0024326    .1351839
   8.5200000   -.0004911    .0023952    .1375592
   8.5400000   -.0005094    .0023584    .1399756
   8.5600000   -.0005281    .0023223    .1424339
   8.5800000   -.0005471    .0022868    .1449348
   8.6000000   -.0005665    .0022519    .1474792
   8.6200000   -.0005863    .0022177    .1500678
   8.6400000   -.0006066    .0021841    .1527013
   8.6600000   -.0006272    .0021511    .1553805
   8.6800000   -.0006483    .0021187    .1581062
   8.7000000   -.0006698    .0020869    .1608791
   8.7200000   -.0006918    .0020556    .1637000
   8.7400000   -.0007143    .0020250    .1665696
   8.7600000   -.0007372    .0019949    .1694889
   8.7800000   -.0007607    .0019653    .1724587
   8.8000000   -.0007847    .0019363    .1754800
   8.8200000   -.0008093    .0019078    .1785537
   8.8400000   -.0008344    .0018799    .1816808
   8.8600000   -.0008601    .0018525    .1848622
   8.8800000   -.0008864    .0018256    .1880988
   8.9000000   -.0009133    .0017992    .1913915
   8.9200000   -.0009409    .0017733    .1947413
   8.9400000   -.0009691    .0017479    .1981491
   8.9600000   -.0009980    .0017230    .2016159
   8.9800000   -.0010276    .0016985    .2051427
   9.0000000   -.0010579    .0016746    .2087304
   9.0200000   -.0010889    .0016511    .2123803
   9.0400000   -.0011207    .0016280    .2160932
   9.0600000   -.0011533    .0016054    .2198702
   9.0800000   -.0011866    .0015833    .2237124
   9.1000000   -.0012208    .0015615    .2276208
   9.1200000   -.0012559    .0015403    .2315965
   9.1400000   -.0012918    .0015194    .2356404
   9.1600000   -.0013286    .0014990    .2397537
   9.1800000   -.0013663    .0014790    .2439373
   9.2000000   -.0014049    .0014594    .2481929
   9.2200000   -.0014445    .0014402    .2525219
   9.2400000   -.0014852    .0014214    .2569258
   9.2600000   -.0015269    .0014030    .2614063
   9.2800000   -.0015696    .0013850    .2659649
   9.3000000   -.0016135    .0013673    .2706031
   9.3200000   -.0016585    .0013501    .2753224
   9.3400000   -.0017047    .0013332    .2801246
   9.3600000   -.0017521    .0013167    .2850110
   9.3800000   -.0018007    .0013006    .2899832
   9.4000000   -.0018506    .0012848    .2950428
   9.4200000   -.0019018    .0012694    .3001908
   9.4400000   -.0019544    .0012543    .3054281
   9.4600000   -.0020083    .0012396    .3107554
   9.4800000   -.0020636    .0012252    .3161737
   9.5000000   -.0021203    .0012112    .3216836
   9.5200000   -.0021784    .0011974    .3272861
   9.5400000   -.0022381    .0011841    .3329818
   9.5600000   -.0022992    .0011710    .3387717
   9.5800000   -.0023618    .0011583    .3446565
   9.6000000   -.0024260    .0011459    .3506370
   9.6200000   -.0024918    .0011338    .3567141
   9.6400000   -.0025592    .0011220    .3628893
   9.6600000   -.0026283    .0011105    .3691669
   9.6800000   -.0026993    .0010993    .3755518
   9.7000000   -.0027721    .0010885    .3820488
   9.7200000   -.0028469    .0010779    .3886627
   9.7400000   -.0029239    .0010677    .3953984
   9.7600000   -.0030030    .0010577    .4022607
   9.7800000   -.0030845    .0010480    .4092545
   9.8000000   -.0031684    .0010387    .4163847
   9.8200000   -.0032547    .0010296    .4236561
   9.8400000   -.0033437    .0010209    .4310734
   9.8600000   -.0034354    .0010124    .4386417
   9.8800000   -.0035298    .0010043    .4463623
   9.9000000   -.0036269    .0009964    .4542284
   9.9200000   -.0037266    .0009888    .4622322
   9.9400000   -.0038289    .0009815    .4703655
   9.9600000   -.0039335    .0009745    .4786205
   9.9800000   -.0040404    .0009677    .4869892
  10.0000000   -.0041496    .0009611    .4954635
