O
   6.     16.00     2     1
  1.150000  1.150000  1.150000
   501    .020
0.000000  -5.991780 -18.676555 -14.245765
0.020000  -5.988490 -18.672449 -14.242024
0.040000  -5.977673 -18.661722 -14.231258
0.060000  -5.960928 -18.643845 -14.213902
0.080000  -5.939853 -18.618431 -14.190468
0.100000  -5.916044 -18.585249 -14.161554
0.120000  -5.891100 -18.543881 -14.127657
0.140000  -5.866619 -18.492874 -14.088688
0.160000  -5.844199 -18.430424 -14.044358
0.180000  -5.825322 -18.354502 -13.994181
0.200000  -5.811316 -18.262771 -13.937397
0.220000  -5.803459 -18.152839 -13.873178
0.240000  -5.802871 -18.022173 -13.800482
0.260000  -5.810621 -17.868212 -13.718210
0.280000  -5.827616 -17.688779 -13.625343
0.300000  -5.854569 -17.482152 -13.520950
0.320000  -5.892162 -17.246689 -13.404122
0.340000  -5.940821 -16.981338 -13.274083
0.360000  -6.000797 -16.685460 -13.130154
0.380000  -6.072198 -16.358791 -12.971782
0.400000  -6.154776 -16.002018 -12.798736
0.420000  -6.248171 -15.616084 -12.610878
0.440000  -6.351585 -15.202851 -12.408406
0.460000  -6.464006 -14.764621 -12.191681
0.480000  -6.584240 -14.304054 -11.961234
0.500000  -6.710523 -13.824934 -11.718117
0.520000  -6.840956 -13.331272 -11.463495
0.540000  -6.973352 -12.827156 -11.198633
0.560000  -7.105345 -12.316724 -10.924856
0.580000  -7.234461 -11.804307 -10.643649
0.600000  -7.357813 -11.295011 -10.357106
0.620000  -7.472447 -10.793962 -10.067410
0.640000  -7.575627 -10.305131 -9.776314
0.660000  -7.664715 -9.832002 -9.485402
0.680000  -7.737181 -9.378070 -9.196473
0.700000  -7.790604 -8.946832 -8.911561
0.720000  -7.822730 -8.541585 -8.632672
0.740000  -7.832073 -8.164637 -8.361603
0.760000  -7.817387 -7.817994 -8.100093
0.780000  -7.777939 -7.503088 -7.849663
0.800000  -7.714131 -7.220090 -7.611366
0.820000  -7.626520 -6.968998 -7.386190
0.840000  -7.516177 -6.749263 -7.174863
0.860000  -7.385149 -6.559304 -6.977620
0.880000  -7.235946 -6.397176 -6.794548
0.900000  -7.071935 -6.260320 -6.625517
0.920000  -6.896723 -6.145842 -6.470176
0.940000  -6.714397 -6.049765 -6.327368
0.960000  -6.529174 -5.967819 -6.195715
0.980000  -6.345266 -5.895735 -6.073836
1.000000  -6.166656 -5.829199 -5.960110
1.020000  -5.997086 -5.763846 -5.852667
1.040000  -5.839948 -5.695613 -5.749679
1.060000  -5.697174 -5.621736 -5.649581
1.080000  -5.570261 -5.539857 -5.550897
1.100000  -5.458393 -5.450188 -5.453077
1.120000  -5.357417 -5.356652 -5.356904
1.140000  -5.263033 -5.263337 -5.263239
1.160000  -5.172587 -5.172518 -5.172540
1.180000  -5.085025 -5.084811 -5.084880
1.200000  -5.000199 -5.000086 -5.000122
1.220000  -4.918089 -4.918111 -4.918104
1.240000  -4.838652 -4.838710 -4.838692
1.260000  -4.761794 -4.761825 -4.761815
1.280000  -4.687416 -4.687414 -4.687415
1.300000  -4.615392 -4.615388 -4.615390
1.320000  -4.545525 -4.545528 -4.545527
1.340000  -4.477680 -4.477684 -4.477683
1.360000  -4.411809 -4.411811 -4.411810
1.380000  -4.347868 -4.347867 -4.347867
1.400000  -4.285788 -4.285788 -4.285788
1.420000  -4.225447 -4.225447 -4.225447
1.440000  -4.166743 -4.166743 -4.166743
1.460000  -4.109627 -4.109627 -4.109627
1.480000  -4.054051 -4.054051 -4.054051
1.500000  -3.999973 -3.999973 -3.999973
1.520000  -3.947356 -3.947356 -3.947356
1.540000  -3.896159 -3.896159 -3.896159
1.560000  -3.846269 -3.846269 -3.846269
1.580000  -3.797569 -3.797569 -3.797569
1.600000  -3.750052 -3.750052 -3.750052
1.620000  -3.703733 -3.703733 -3.703733
1.640000  -3.658571 -3.658571 -3.658571
1.660000  -3.614517 -3.614517 -3.614517
1.680000  -3.571517 -3.571517 -3.571517
1.700000  -3.529518 -3.529518 -3.529518
1.720000  -3.488463 -3.488463 -3.488463
1.740000  -3.448301 -3.448301 -3.448301
1.760000  -3.409031 -3.409031 -3.409031
1.780000  -3.370679 -3.370679 -3.370679
1.800000  -3.333238 -3.333238 -3.333238
1.820000  -3.296667 -3.296667 -3.296667
1.840000  -3.260910 -3.260910 -3.260910
1.860000  -3.225880 -3.225880 -3.225880
1.880000  -3.191512 -3.191512 -3.191512
1.900000  -3.157843 -3.157843 -3.157843
1.920000  -3.124925 -3.124925 -3.124925
1.940000  -3.092734 -3.092734 -3.092734
1.960000  -3.061199 -3.061199 -3.061199
1.980000  -3.030274 -3.030274 -3.030274
2.000000  -2.999967 -2.999967 -2.999967
2.020000  -2.970289 -2.970289 -2.970289
2.040000  -2.941204 -2.941204 -2.941204
2.060000  -2.912664 -2.912664 -2.912664
2.080000  -2.884637 -2.884637 -2.884637
2.100000  -2.857137 -2.857137 -2.857137
2.120000  -2.830183 -2.830183 -2.830183
2.140000  -2.803758 -2.803758 -2.803758
2.160000  -2.777824 -2.777824 -2.777824
2.180000  -2.752347 -2.752347 -2.752347
2.200000  -2.727320 -2.727320 -2.727320
2.220000  -2.702742 -2.702742 -2.702742
2.240000  -2.678612 -2.678612 -2.678612
2.260000  -2.654913 -2.654913 -2.654913
2.280000  -2.631630 -2.631630 -2.631630
2.300000  -2.608748 -2.608748 -2.608748
2.320000  -2.586252 -2.586252 -2.586252
2.340000  -2.564125 -2.564125 -2.564125
2.360000  -2.542365 -2.542365 -2.542365
2.380000  -2.520976 -2.520976 -2.520976
2.400000  -2.499961 -2.499961 -2.499961
2.420000  -2.479313 -2.479313 -2.479313
2.440000  -2.459013 -2.459013 -2.459013
2.460000  -2.439039 -2.439039 -2.439039
2.480000  -2.419379 -2.419379 -2.419379
2.500000  -2.400023 -2.400023 -2.400023
2.520000  -2.380962 -2.380962 -2.380962
2.540000  -2.362194 -2.362194 -2.362194
2.560000  -2.343720 -2.343720 -2.343720
2.580000  -2.325543 -2.325543 -2.325543
2.600000  -2.307661 -2.307661 -2.307661
2.620000  -2.290059 -2.290059 -2.290059
2.640000  -2.272720 -2.272720 -2.272720
2.660000  -2.255634 -2.255634 -2.255634
2.680000  -2.238795 -2.238795 -2.238795
2.700000  -2.222203 -2.222203 -2.222203
2.720000  -2.205856 -2.205856 -2.205856
2.740000  -2.189751 -2.189751 -2.189751
2.760000  -2.173884 -2.173884 -2.173884
2.780000  -2.158251 -2.158251 -2.158251
2.800000  -2.142848 -2.142848 -2.142848
2.820000  -2.127665 -2.127665 -2.127665
2.840000  -2.112694 -2.112694 -2.112694
2.860000  -2.097924 -2.097924 -2.097924
2.880000  -2.083353 -2.083353 -2.083353
2.900000  -2.068976 -2.068976 -2.068976
2.920000  -2.054793 -2.054793 -2.054793
2.940000  -2.040801 -2.040801 -2.040801
2.960000  -2.027001 -2.027001 -2.027001
2.980000  -2.013393 -2.013393 -2.013393
3.000000  -1.999976 -1.999976 -1.999976
3.020000  -1.986747 -1.986747 -1.986747
3.040000  -1.973696 -1.973696 -1.973696
3.060000  -1.960811 -1.960811 -1.960811
3.080000  -1.948084 -1.948084 -1.948084
3.100000  -1.935510 -1.935510 -1.935510
3.120000  -1.923094 -1.923094 -1.923094
3.140000  -1.910837 -1.910837 -1.910837
3.160000  -1.898739 -1.898739 -1.898739
3.180000  -1.886797 -1.886797 -1.886797
3.200000  -1.875007 -1.875007 -1.875007
3.220000  -1.863363 -1.863363 -1.863363
3.240000  -1.851861 -1.851861 -1.851861
3.260000  -1.840498 -1.840498 -1.840498
3.280000  -1.829273 -1.829273 -1.829273
3.300000  -1.818186 -1.818186 -1.818186
3.320000  -1.807233 -1.807233 -1.807233
3.340000  -1.796415 -1.796415 -1.796415
3.360000  -1.785725 -1.785725 -1.785725
3.380000  -1.775163 -1.775163 -1.775163
3.400000  -1.764725 -1.764725 -1.764725
3.420000  -1.754407 -1.754407 -1.754407
3.440000  -1.744208 -1.744208 -1.744208
3.460000  -1.734125 -1.734125 -1.734125
3.480000  -1.724154 -1.724154 -1.724154
3.500000  -1.714295 -1.714295 -1.714295
3.520000  -1.704546 -1.704546 -1.704546
3.540000  -1.694907 -1.694907 -1.694907
3.560000  -1.685378 -1.685378 -1.685378
3.580000  -1.675960 -1.675960 -1.675960
3.600000  -1.666648 -1.666648 -1.666648
3.620000  -1.657442 -1.657442 -1.657442
3.640000  -1.648339 -1.648339 -1.648339
3.660000  -1.639335 -1.639335 -1.639335
3.680000  -1.630429 -1.630429 -1.630429
3.700000  -1.621619 -1.621619 -1.621619
3.720000  -1.612902 -1.612902 -1.612902
3.740000  -1.604278 -1.604278 -1.604278
3.760000  -1.595743 -1.595743 -1.595743
3.780000  -1.587299 -1.587299 -1.587299
3.800000  -1.578942 -1.578942 -1.578942
3.820000  -1.570673 -1.570673 -1.570673
3.840000  -1.562490 -1.562490 -1.562490
3.860000  -1.554392 -1.554392 -1.554392
3.880000  -1.546378 -1.546378 -1.546378
3.900000  -1.538447 -1.538447 -1.538447
3.920000  -1.530596 -1.530596 -1.530596
3.940000  -1.522827 -1.522827 -1.522827
3.960000  -1.515137 -1.515137 -1.515137
3.980000  -1.507524 -1.507524 -1.507524
4.000000  -1.499988 -1.499988 -1.499988
4.020000  -1.492527 -1.492527 -1.492527
4.040000  -1.485140 -1.485140 -1.485140
4.060000  -1.477825 -1.477825 -1.477825
4.080000  -1.470582 -1.470582 -1.470582
4.100000  -1.463409 -1.463409 -1.463409
4.120000  -1.456306 -1.456306 -1.456306
4.140000  -1.449270 -1.449270 -1.449270
4.160000  -1.442301 -1.442301 -1.442301
4.180000  -1.435400 -1.435400 -1.435400
4.200000  -1.428565 -1.428565 -1.428565
4.220000  -1.421795 -1.421795 -1.421795
4.240000  -1.415090 -1.415090 -1.415090
4.260000  -1.408449 -1.408449 -1.408449
4.280000  -1.401872 -1.401872 -1.401872
4.300000  -1.395356 -1.395356 -1.395356
4.320000  -1.388900 -1.388900 -1.388900
4.340000  -1.382502 -1.382502 -1.382502
4.360000  -1.376160 -1.376160 -1.376160
4.380000  -1.369873 -1.369873 -1.369873
4.400000  -1.363643 -1.363643 -1.363643
4.420000  -1.357468 -1.357468 -1.357468
4.440000  -1.351349 -1.351349 -1.351349
4.460000  -1.345287 -1.345287 -1.345287
4.480000  -1.339282 -1.339282 -1.339282
4.500000  -1.333331 -1.333331 -1.333331
4.520000  -1.327435 -1.327435 -1.327435
4.540000  -1.321592 -1.321592 -1.321592
4.560000  -1.315799 -1.315799 -1.315799
4.580000  -1.310056 -1.310056 -1.310056
4.600000  -1.304361 -1.304361 -1.304361
4.620000  -1.298714 -1.298714 -1.298714
4.640000  -1.293114 -1.293114 -1.293114
4.660000  -1.287562 -1.287562 -1.287562
4.680000  -1.282057 -1.282057 -1.282057
4.700000  -1.276598 -1.276598 -1.276598
4.720000  -1.271186 -1.271186 -1.271186
4.740000  -1.265820 -1.265820 -1.265820
4.760000  -1.260500 -1.260500 -1.260500
4.780000  -1.255224 -1.255224 -1.255224
4.800000  -1.249994 -1.249994 -1.249994
4.820000  -1.244808 -1.244808 -1.244808
4.840000  -1.239667 -1.239667 -1.239667
4.860000  -1.234568 -1.234568 -1.234568
4.880000  -1.229512 -1.229512 -1.229512
4.900000  -1.224497 -1.224497 -1.224497
4.920000  -1.219521 -1.219521 -1.219521
4.940000  -1.214584 -1.214584 -1.214584
4.960000  -1.209685 -1.209685 -1.209685
4.980000  -1.204825 -1.204825 -1.204825
5.000000  -1.200003 -1.200003 -1.200003
5.020000  -1.195220 -1.195220 -1.195220
5.040000  -1.190475 -1.190475 -1.190475
5.060000  -1.185768 -1.185768 -1.185768
5.080000  -1.181099 -1.181099 -1.181099
5.100000  -1.176468 -1.176468 -1.176468
5.120000  -1.171874 -1.171874 -1.171874
5.140000  -1.167317 -1.167317 -1.167317
5.160000  -1.162793 -1.162793 -1.162793
5.180000  -1.158305 -1.158305 -1.158305
5.200000  -1.153849 -1.153849 -1.153849
5.220000  -1.149428 -1.149428 -1.149428
5.240000  -1.145039 -1.145039 -1.145039
5.260000  -1.140683 -1.140683 -1.140683
5.280000  -1.136362 -1.136362 -1.136362
5.300000  -1.132073 -1.132073 -1.132073
5.320000  -1.127816 -1.127816 -1.127816
5.340000  -1.123594 -1.123594 -1.123594
5.360000  -1.119403 -1.119403 -1.119403
5.380000  -1.115244 -1.115244 -1.115244
5.400000  -1.111115 -1.111115 -1.111115
5.420000  -1.107017 -1.107017 -1.107017
5.440000  -1.102947 -1.102947 -1.102947
5.460000  -1.098907 -1.098907 -1.098907
5.480000  -1.094895 -1.094895 -1.094895
5.500000  -1.090910 -1.090910 -1.090910
5.520000  -1.086955 -1.086955 -1.086955
5.540000  -1.083028 -1.083028 -1.083028
5.560000  -1.079130 -1.079130 -1.079130
5.580000  -1.075260 -1.075260 -1.075260
5.600000  -1.071419 -1.071419 -1.071419
5.620000  -1.067607 -1.067607 -1.067607
5.640000  -1.063822 -1.063822 -1.063822
5.660000  -1.060065 -1.060065 -1.060065
5.680000  -1.056334 -1.056334 -1.056334
5.700000  -1.052630 -1.052630 -1.052630
5.720000  -1.048951 -1.048951 -1.048951
5.740000  -1.045297 -1.045297 -1.045297
5.760000  -1.041667 -1.041667 -1.041667
5.780000  -1.038063 -1.038063 -1.038063
5.800000  -1.034482 -1.034482 -1.034482
5.820000  -1.030925 -1.030925 -1.030925
5.840000  -1.027394 -1.027394 -1.027394
5.860000  -1.023886 -1.023886 -1.023886
5.880000  -1.020403 -1.020403 -1.020403
5.900000  -1.016943 -1.016943 -1.016943
5.920000  -1.013508 -1.013508 -1.013508
5.940000  -1.010095 -1.010095 -1.010095
5.960000  -1.006706 -1.006706 -1.006706
5.980000  -1.003339 -1.003339 -1.003339
6.000000  -0.999995 -0.999995 -0.999995
6.020000  -0.996673 -0.996673 -0.996673
6.040000  -0.993374 -0.993374 -0.993374
6.060000  -0.990097 -0.990097 -0.990097
6.080000  -0.986840 -0.986840 -0.986840
6.100000  -0.983605 -0.983605 -0.983605
6.120000  -0.980391 -0.980391 -0.980391
6.140000  -0.977198 -0.977198 -0.977198
6.160000  -0.974026 -0.974026 -0.974026
6.180000  -0.970874 -0.970874 -0.970874
6.200000  -0.967742 -0.967742 -0.967742
6.220000  -0.964630 -0.964630 -0.964630
6.240000  -0.961538 -0.961538 -0.961538
6.260000  -0.958465 -0.958465 -0.958465
6.280000  -0.955412 -0.955412 -0.955412
6.300000  -0.952379 -0.952379 -0.952379
6.320000  -0.949364 -0.949364 -0.949364
6.340000  -0.946369 -0.946369 -0.946369
6.360000  -0.943393 -0.943393 -0.943393
6.380000  -0.940435 -0.940435 -0.940435
6.400000  -0.937496 -0.937496 -0.937496
6.420000  -0.934576 -0.934576 -0.934576
6.440000  -0.931674 -0.931674 -0.931674
6.460000  -0.928790 -0.928790 -0.928790
6.480000  -0.925924 -0.925924 -0.925924
6.500000  -0.923076 -0.923076 -0.923076
6.520000  -0.920246 -0.920246 -0.920246
6.540000  -0.917432 -0.917432 -0.917432
6.560000  -0.914636 -0.914636 -0.914636
6.580000  -0.911858 -0.911858 -0.911858
6.600000  -0.909096 -0.909096 -0.909096
6.620000  -0.906350 -0.906350 -0.906350
6.640000  -0.903621 -0.903621 -0.903621
6.660000  -0.900909 -0.900909 -0.900909
6.680000  -0.898212 -0.898212 -0.898212
6.700000  -0.895531 -0.895531 -0.895531
6.720000  -0.892865 -0.892865 -0.892865
6.740000  -0.890216 -0.890216 -0.890216
6.760000  -0.887582 -0.887582 -0.887582
6.780000  -0.884963 -0.884963 -0.884963
6.800000  -0.882359 -0.882359 -0.882359
6.820000  -0.879771 -0.879771 -0.879771
6.840000  -0.877197 -0.877197 -0.877197
6.860000  -0.874637 -0.874637 -0.874637
6.880000  -0.872093 -0.872093 -0.872093
6.900000  -0.869564 -0.869564 -0.869564
6.920000  -0.867050 -0.867050 -0.867050
6.940000  -0.864549 -0.864549 -0.864549
6.960000  -0.862064 -0.862064 -0.862064
6.980000  -0.859593 -0.859593 -0.859593
7.000000  -0.857137 -0.857137 -0.857137
7.020000  -0.854696 -0.854696 -0.854696
7.040000  -0.852268 -0.852268 -0.852268
7.060000  -0.849854 -0.849854 -0.849854
7.080000  -0.847455 -0.847455 -0.847455
7.100000  -0.845070 -0.845070 -0.845070
7.120000  -0.842697 -0.842697 -0.842697
7.140000  -0.840337 -0.840337 -0.840337
7.160000  -0.837992 -0.837992 -0.837992
7.180000  -0.835658 -0.835658 -0.835658
7.200000  -0.833337 -0.833337 -0.833337
7.220000  -0.831028 -0.831028 -0.831028
7.240000  -0.828733 -0.828733 -0.828733
7.260000  -0.826449 -0.826449 -0.826449
7.280000  -0.824179 -0.824179 -0.824179
7.300000  -0.821920 -0.821920 -0.821920
7.320000  -0.819673 -0.819673 -0.819673
7.340000  -0.817438 -0.817438 -0.817438
7.360000  -0.815217 -0.815217 -0.815217
7.380000  -0.813006 -0.813006 -0.813006
7.400000  -0.810808 -0.810808 -0.810808
7.420000  -0.808622 -0.808622 -0.808622
7.440000  -0.806447 -0.806447 -0.806447
7.460000  -0.804285 -0.804285 -0.804285
7.480000  -0.802134 -0.802134 -0.802134
7.500000  -0.799995 -0.799995 -0.799995
7.520000  -0.797868 -0.797868 -0.797868
7.540000  -0.795752 -0.795752 -0.795752
7.560000  -0.793647 -0.793647 -0.793647
7.580000  -0.791555 -0.791555 -0.791555
7.600000  -0.789473 -0.789473 -0.789473
7.620000  -0.787402 -0.787402 -0.787402
7.640000  -0.785342 -0.785342 -0.785342
7.660000  -0.783292 -0.783292 -0.783292
7.680000  -0.781254 -0.781254 -0.781254
7.700000  -0.779225 -0.779225 -0.779225
7.720000  -0.777207 -0.777207 -0.777207
7.740000  -0.775199 -0.775199 -0.775199
7.760000  -0.773200 -0.773200 -0.773200
7.780000  -0.771212 -0.771212 -0.771212
7.800000  -0.769233 -0.769233 -0.769233
7.820000  -0.767264 -0.767264 -0.767264
7.840000  -0.765305 -0.765305 -0.765305
7.860000  -0.763357 -0.763357 -0.763357
7.880000  -0.761418 -0.761418 -0.761418
7.900000  -0.759490 -0.759490 -0.759490
7.920000  -0.757571 -0.757571 -0.757571
7.940000  -0.755662 -0.755662 -0.755662
7.960000  -0.753763 -0.753763 -0.753763
7.980000  -0.751874 -0.751874 -0.751874
8.000000  -0.749995 -0.749995 -0.749995
8.020000  -0.748125 -0.748125 -0.748125
8.040000  -0.746265 -0.746265 -0.746265
8.060000  -0.744414 -0.744414 -0.744414
8.080000  -0.742572 -0.742572 -0.742572
8.100000  -0.740740 -0.740740 -0.740740
8.120000  -0.738916 -0.738916 -0.738916
8.140000  -0.737101 -0.737101 -0.737101
8.160000  -0.735295 -0.735295 -0.735295
8.180000  -0.733498 -0.733498 -0.733498
8.200000  -0.731710 -0.731710 -0.731710
8.220000  -0.729930 -0.729930 -0.729930
8.240000  -0.728158 -0.728158 -0.728158
8.260000  -0.726395 -0.726395 -0.726395
8.280000  -0.724641 -0.724641 -0.724641
8.300000  -0.722894 -0.722894 -0.722894
8.320000  -0.721156 -0.721156 -0.721156
8.340000  -0.719426 -0.719426 -0.719426
8.360000  -0.717705 -0.717705 -0.717705
8.380000  -0.715992 -0.715992 -0.715992
8.400000  -0.714287 -0.714287 -0.714287
8.420000  -0.712589 -0.712589 -0.712589
8.440000  -0.710901 -0.710901 -0.710901
8.460000  -0.709219 -0.709219 -0.709219
8.480000  -0.707546 -0.707546 -0.707546
8.500000  -0.705881 -0.705881 -0.705881
8.520000  -0.704224 -0.704224 -0.704224
8.540000  -0.702574 -0.702574 -0.702574
8.560000  -0.700933 -0.700933 -0.700933
8.580000  -0.699299 -0.699299 -0.699299
8.600000  -0.697673 -0.697673 -0.697673
8.620000  -0.696055 -0.696055 -0.696055
8.640000  -0.694443 -0.694443 -0.694443
8.660000  -0.692840 -0.692840 -0.692840
8.680000  -0.691244 -0.691244 -0.691244
8.700000  -0.689655 -0.689655 -0.689655
8.720000  -0.688074 -0.688074 -0.688074
8.740000  -0.686499 -0.686499 -0.686499
8.760000  -0.684932 -0.684932 -0.684932
8.780000  -0.683372 -0.683372 -0.683372
8.800000  -0.681818 -0.681818 -0.681818
8.820000  -0.680272 -0.680272 -0.680272
8.840000  -0.678732 -0.678732 -0.678732
8.860000  -0.677200 -0.677200 -0.677200
8.880000  -0.675674 -0.675674 -0.675674
8.900000  -0.674156 -0.674156 -0.674156
8.920000  -0.672644 -0.672644 -0.672644
8.940000  -0.671139 -0.671139 -0.671139
8.960000  -0.669640 -0.669640 -0.669640
8.980000  -0.668149 -0.668149 -0.668149
9.000000  -0.666665 -0.666665 -0.666665
9.020000  -0.665187 -0.665187 -0.665187
9.040000  -0.663716 -0.663716 -0.663716
9.060000  -0.662251 -0.662251 -0.662251
9.080000  -0.660794 -0.660794 -0.660794
9.100000  -0.659342 -0.659342 -0.659342
9.120000  -0.657897 -0.657897 -0.657897
9.140000  -0.656458 -0.656458 -0.656458
9.160000  -0.655026 -0.655026 -0.655026
9.180000  -0.653599 -0.653599 -0.653599
9.200000  -0.652178 -0.652178 -0.652178
9.220000  -0.650764 -0.650764 -0.650764
9.240000  -0.649355 -0.649355 -0.649355
9.260000  -0.647953 -0.647953 -0.647953
9.280000  -0.646556 -0.646556 -0.646556
9.300000  -0.645165 -0.645165 -0.645165
9.320000  -0.643780 -0.643780 -0.643780
9.340000  -0.642401 -0.642401 -0.642401
9.360000  -0.641029 -0.641029 -0.641029
9.380000  -0.639661 -0.639661 -0.639661
9.400000  -0.638300 -0.638300 -0.638300
9.420000  -0.636943 -0.636943 -0.636943
9.440000  -0.635594 -0.635594 -0.635594
9.460000  -0.634249 -0.634249 -0.634249
9.480000  -0.632911 -0.632911 -0.632911
9.500000  -0.631578 -0.631578 -0.631578
9.520000  -0.630251 -0.630251 -0.630251
9.540000  -0.628929 -0.628929 -0.628929
9.560000  -0.627613 -0.627613 -0.627613
9.580000  -0.626302 -0.626302 -0.626302
9.600000  -0.624998 -0.624998 -0.624998
9.620000  -0.623699 -0.623699 -0.623699
9.640000  -0.622405 -0.622405 -0.622405
9.660000  -0.621116 -0.621116 -0.621116
9.680000  -0.619833 -0.619833 -0.619833
9.700000  -0.618555 -0.618555 -0.618555
9.720000  -0.617283 -0.617283 -0.617283
9.740000  -0.616016 -0.616016 -0.616016
9.760000  -0.614754 -0.614754 -0.614754
9.780000  -0.613497 -0.613497 -0.613497
9.800000  -0.612245 -0.612245 -0.612245
9.820000  -0.610999 -0.610999 -0.610999
9.840000  -0.609757 -0.609757 -0.609757
9.860000  -0.608521 -0.608521 -0.608521
9.880000  -0.607290 -0.607290 -0.607290
9.900000  -0.606062 -0.606062 -0.606062
9.920000  -0.604841 -0.604841 -0.604841
9.940000  -0.603624 -0.603624 -0.603624
9.960000  -0.602411 -0.602411 -0.602411
9.980000  -0.601204 -0.601204 -0.601204
10.000000  -0.600001 -0.600001 -0.600001
0.000000  0.000010 0.000000 0.000000
0.020000  0.025156 0.002154 0.000000
0.040000  0.050335 0.008907 0.000000
0.060000  0.075554 0.020055 0.000000
0.080000  0.100814 0.035399 0.000000
0.100000  0.126110 0.054755 0.000000
0.120000  0.151446 0.077925 0.000000
0.140000  0.176854 0.104637 0.000000
0.160000  0.202381 0.134596 0.000000
0.180000  0.228046 0.167451 0.000000
0.200000  0.253839 0.202780 0.000000
0.220000  0.279748 0.240153 0.000000
0.240000  0.305788 0.279133 0.000000
0.260000  0.331976 0.319278 0.000000
0.280000  0.358312 0.360134 0.000000
0.300000  0.384778 0.401224 0.000000
0.320000  0.411355 0.442079 0.000000
0.340000  0.438029 0.482286 0.000000
0.360000  0.464792 0.521470 0.000000
0.380000  0.491629 0.559279 0.000000
0.400000  0.518501 0.595401 0.000000
0.420000  0.545365 0.629544 0.000000
0.440000  0.572164 0.661497 0.000001
0.460000  0.598839 0.691087 0.000001
0.480000  0.625317 0.718167 0.000001
0.500000  0.651496 0.742668 0.000001
0.520000  0.677271 0.764540 0.000001
0.540000  0.702539 0.783812 0.000001
0.560000  0.727203 0.800562 0.000001
0.580000  0.751156 0.814879 0.000001
0.600000  0.774250 0.826884 0.000001
0.620000  0.796338 0.836716 0.000001
0.640000  0.817310 0.844550 0.000001
0.660000  0.837076 0.850580 0.000001
0.680000  0.855534 0.854991 0.000001
0.700000  0.872573 0.857963 0.000002
0.720000  0.888083 0.859673 0.000002
0.740000  0.901990 0.860288 0.000002
0.760000  0.914228 0.859974 0.000002
0.780000  0.924748 0.858881 0.000002
0.800000  0.933547 0.857129 0.000002
0.820000  0.940624 0.854836 0.000002
0.840000  0.945997 0.852101 0.000002
0.860000  0.949714 0.848993 0.000002
0.880000  0.951836 0.845571 0.000003
0.900000  0.952442 0.841880 0.000003
0.920000  0.951622 0.837955 0.000003
0.940000  0.949483 0.833804 0.000003
0.960000  0.946136 0.829430 0.000003
0.980000  0.941696 0.824833 0.000003
1.000000  0.936272 0.820009 0.000003
1.020000  0.929971 0.814947 0.000003
1.040000  0.922897 0.809638 0.000004
1.060000  0.915139 0.804079 0.000004
1.080000  0.906780 0.798274 0.000004
1.100000  0.897894 0.792230 0.000004
1.120000  0.888543 0.785968 0.000004
1.140000  0.878782 0.779508 0.000004
1.160000  0.868650 0.772863 0.000005
1.180000  0.858173 0.766044 0.000005
1.200000  0.847389 0.759068 0.000005
1.220000  0.836337 0.751950 0.000005
1.240000  0.825054 0.744710 0.000005
1.260000  0.813578 0.737365 0.000005
1.280000  0.801947 0.729934 0.000006
1.300000  0.790190 0.722429 0.000006
1.320000  0.778315 0.714852 0.000006
1.340000  0.766340 0.707209 0.000006
1.360000  0.754292 0.699514 0.000006
1.380000  0.742199 0.691781 0.000006
1.400000  0.730085 0.684022 0.000007
1.420000  0.717958 0.676238 0.000007
1.440000  0.705828 0.668434 0.000007
1.460000  0.693713 0.660619 0.000007
1.480000  0.681630 0.652801 0.000008
1.500000  0.669597 0.644990 0.000008
1.520000  0.657631 0.637195 0.000008
1.540000  0.645747 0.629424 0.000008
1.560000  0.633939 0.621673 0.000008
1.580000  0.622201 0.613935 0.000009
1.600000  0.610550 0.606221 0.000009
1.620000  0.599010 0.598545 0.000009
1.640000  0.587586 0.590910 0.000009
1.660000  0.576281 0.583318 0.000010
1.680000  0.565098 0.575771 0.000010
1.700000  0.554040 0.568268 0.000010
1.720000  0.543104 0.560809 0.000010
1.740000  0.532289 0.553391 0.000011
1.760000  0.521606 0.546024 0.000011
1.780000  0.511073 0.538718 0.000011
1.800000  0.500699 0.531480 0.000011
1.820000  0.490485 0.524312 0.000012
1.840000  0.480424 0.517208 0.000012
1.860000  0.470500 0.510158 0.000012
1.880000  0.460701 0.503154 0.000013
1.900000  0.451046 0.496208 0.000013
1.920000  0.441557 0.489339 0.000013
1.940000  0.432236 0.482547 0.000013
1.960000  0.423066 0.475821 0.000014
1.980000  0.414041 0.469157 0.000014
2.000000  0.405169 0.462562 0.000014
2.020000  0.396456 0.456041 0.000015
2.040000  0.387897 0.449592 0.000015
2.060000  0.379483 0.443207 0.000015
2.080000  0.371209 0.436885 0.000016
2.100000  0.363083 0.430631 0.000016
2.120000  0.355112 0.424454 0.000016
2.140000  0.347296 0.418353 0.000017
2.160000  0.339626 0.412322 0.000017
2.180000  0.332094 0.406357 0.000017
2.200000  0.324701 0.400458 0.000018
2.220000  0.317450 0.394630 0.000018
2.240000  0.310341 0.388873 0.000018
2.260000  0.303371 0.383188 0.000019
2.280000  0.296539 0.377571 0.000019
2.300000  0.289840 0.372023 0.000020
2.320000  0.283272 0.366541 0.000020
2.340000  0.276831 0.361124 0.000020
2.360000  0.270519 0.355773 0.000021
2.380000  0.264335 0.350492 0.000021
2.400000  0.258284 0.345283 0.000022
2.420000  0.252362 0.340145 0.000022
2.440000  0.246565 0.335075 0.000022
2.460000  0.240887 0.330071 0.000023
2.480000  0.235325 0.325130 0.000023
2.500000  0.229877 0.320251 0.000024
2.520000  0.224541 0.315434 0.000024
2.540000  0.219316 0.310679 0.000024
2.560000  0.214202 0.305988 0.000025
2.580000  0.209201 0.301363 0.000025
2.600000  0.204311 0.296804 0.000026
2.620000  0.199529 0.292309 0.000026
2.640000  0.194849 0.287873 0.000027
2.660000  0.190269 0.283497 0.000027
2.680000  0.185786 0.279178 0.000028
2.700000  0.181401 0.274919 0.000028
2.720000  0.177113 0.270718 0.000028
2.740000  0.172920 0.266577 0.000029
2.760000  0.168820 0.262494 0.000029
2.780000  0.164814 0.258470 0.000030
2.800000  0.160898 0.254505 0.000030
2.820000  0.157070 0.250595 0.000031
2.840000  0.153327 0.246740 0.000031
2.860000  0.149667 0.242939 0.000032
2.880000  0.146087 0.239189 0.000032
2.900000  0.142587 0.235491 0.000033
2.920000  0.139165 0.231846 0.000033
2.940000  0.135821 0.228252 0.000034
2.960000  0.132553 0.224710 0.000034
2.980000  0.129361 0.221221 0.000035
3.000000  0.126244 0.217785 0.000035
3.020000  0.123201 0.214401 0.000036
3.040000  0.120229 0.211067 0.000037
3.060000  0.117325 0.207781 0.000037
3.080000  0.114485 0.204541 0.000038
3.100000  0.111709 0.201345 0.000038
3.120000  0.108996 0.198196 0.000039
3.140000  0.106347 0.195092 0.000039
3.160000  0.103760 0.192035 0.000040
3.180000  0.101234 0.189025 0.000040
3.200000  0.098767 0.186060 0.000041
3.220000  0.096359 0.183138 0.000042
3.240000  0.094006 0.180259 0.000042
3.260000  0.091708 0.177423 0.000043
3.280000  0.089464 0.174629 0.000043
3.300000  0.087273 0.171877 0.000044
3.320000  0.085134 0.169166 0.000045
3.340000  0.083047 0.166497 0.000045
3.360000  0.081008 0.163867 0.000046
3.380000  0.079019 0.161278 0.000047
3.400000  0.077076 0.158727 0.000047
3.420000  0.075179 0.156215 0.000048
3.440000  0.073328 0.153740 0.000048
3.460000  0.071520 0.151303 0.000049
3.480000  0.069755 0.148901 0.000050
3.500000  0.068031 0.146535 0.000050
3.520000  0.066349 0.144205 0.000051
3.540000  0.064706 0.141910 0.000052
3.560000  0.063104 0.139651 0.000052
3.580000  0.061541 0.137427 0.000053
3.600000  0.060015 0.135238 0.000054
3.620000  0.058527 0.133082 0.000054
3.640000  0.057075 0.130960 0.000055
3.660000  0.055658 0.128871 0.000056
3.680000  0.054276 0.126814 0.000057
3.700000  0.052927 0.124788 0.000057
3.720000  0.051610 0.122793 0.000058
3.740000  0.050325 0.120829 0.000059
3.760000  0.049071 0.118895 0.000059
3.780000  0.047848 0.116991 0.000060
3.800000  0.046654 0.115116 0.000061
3.820000  0.045489 0.113270 0.000062
3.840000  0.044353 0.111452 0.000062
3.860000  0.043244 0.109663 0.000063
3.880000  0.042163 0.107901 0.000064
3.900000  0.041108 0.106168 0.000065
3.920000  0.040079 0.104461 0.000066
3.940000  0.039075 0.102781 0.000066
3.960000  0.038096 0.101128 0.000067
3.980000  0.037141 0.099500 0.000068
4.000000  0.036210 0.097898 0.000069
4.020000  0.035301 0.096321 0.000069
4.040000  0.034415 0.094769 0.000070
4.060000  0.033551 0.093241 0.000071
4.080000  0.032708 0.091737 0.000072
4.100000  0.031885 0.090256 0.000073
4.120000  0.031083 0.088798 0.000074
4.140000  0.030300 0.087364 0.000074
4.160000  0.029537 0.085952 0.000075
4.180000  0.028793 0.084562 0.000076
4.200000  0.028068 0.083195 0.000077
4.220000  0.027360 0.081849 0.000078
4.240000  0.026670 0.080524 0.000079
4.260000  0.025998 0.079221 0.000080
4.280000  0.025342 0.077939 0.000080
4.300000  0.024702 0.076677 0.000081
4.320000  0.024078 0.075435 0.000082
4.340000  0.023470 0.074212 0.000083
4.360000  0.022876 0.073008 0.000084
4.380000  0.022298 0.071823 0.000085
4.400000  0.021733 0.070656 0.000086
4.420000  0.021182 0.069508 0.000087
4.440000  0.020645 0.068378 0.000088
4.460000  0.020122 0.067267 0.000089
4.480000  0.019612 0.066173 0.000090
4.500000  0.019115 0.065098 0.000091
4.520000  0.018630 0.064039 0.000092
4.540000  0.018158 0.062998 0.000093
4.560000  0.017698 0.061974 0.000093
4.580000  0.017249 0.060965 0.000094
4.600000  0.016811 0.059973 0.000095
4.620000  0.016384 0.058996 0.000096
4.640000  0.015967 0.058035 0.000097
4.660000  0.015561 0.057089 0.000098
4.680000  0.015165 0.056158 0.000099
4.700000  0.014779 0.055242 0.000100
4.720000  0.014403 0.054340 0.000102
4.740000  0.014036 0.053453 0.000103
4.760000  0.013679 0.052581 0.000104
4.780000  0.013330 0.051722 0.000105
4.800000  0.012991 0.050878 0.000106
4.820000  0.012660 0.050047 0.000107
4.840000  0.012337 0.049230 0.000108
4.860000  0.012023 0.048426 0.000109
4.880000  0.011716 0.047635 0.000110
4.900000  0.011418 0.046856 0.000111
4.920000  0.011126 0.046091 0.000112
4.940000  0.010842 0.045337 0.000113
4.960000  0.010566 0.044595 0.000114
4.980000  0.010296 0.043866 0.000115
5.000000  0.010033 0.043148 0.000117
5.020000  0.009776 0.042441 0.000118
5.040000  0.009526 0.041746 0.000119
5.060000  0.009283 0.041062 0.000120
5.080000  0.009045 0.040390 0.000121
5.100000  0.008814 0.039728 0.000122
5.120000  0.008589 0.039078 0.000124
5.140000  0.008369 0.038437 0.000125
5.160000  0.008155 0.037808 0.000126
5.180000  0.007946 0.037188 0.000127
5.200000  0.007742 0.036578 0.000128
5.220000  0.007544 0.035978 0.000129
5.240000  0.007351 0.035388 0.000131
5.260000  0.007162 0.034807 0.000132
5.280000  0.006979 0.034236 0.000133
5.300000  0.006800 0.033674 0.000134
5.320000  0.006626 0.033121 0.000136
5.340000  0.006456 0.032578 0.000137
5.360000  0.006290 0.032043 0.000138
5.380000  0.006129 0.031517 0.000139
5.400000  0.005972 0.031000 0.000141
5.420000  0.005819 0.030491 0.000142
5.440000  0.005669 0.029990 0.000143
5.460000  0.005524 0.029498 0.000145
5.480000  0.005382 0.029013 0.000146
5.500000  0.005244 0.028536 0.000147
5.520000  0.005109 0.028067 0.000148
5.540000  0.004978 0.027605 0.000150
5.560000  0.004850 0.027151 0.000151
5.580000  0.004725 0.026704 0.000153
5.600000  0.004603 0.026265 0.000154
5.620000  0.004485 0.025833 0.000155
5.640000  0.004370 0.025408 0.000157
5.660000  0.004257 0.024991 0.000158
5.680000  0.004148 0.024580 0.000159
5.700000  0.004041 0.024175 0.000161
5.720000  0.003937 0.023778 0.000162
5.740000  0.003836 0.023387 0.000164
5.760000  0.003737 0.023002 0.000165
5.780000  0.003641 0.022623 0.000166
5.800000  0.003547 0.022250 0.000168
5.820000  0.003456 0.021884 0.000169
5.840000  0.003367 0.021523 0.000171
5.860000  0.003280 0.021169 0.000172
5.880000  0.003196 0.020820 0.000174
5.900000  0.003113 0.020477 0.000175
5.920000  0.003033 0.020140 0.000177
5.940000  0.002955 0.019808 0.000178
5.960000  0.002879 0.019482 0.000180
5.980000  0.002805 0.019161 0.000181
6.000000  0.002732 0.018845 0.000183
6.020000  0.002662 0.018534 0.000184
6.040000  0.002593 0.018229 0.000186
6.060000  0.002526 0.017929 0.000187
6.080000  0.002461 0.017633 0.000189
6.100000  0.002398 0.017343 0.000191
6.120000  0.002336 0.017057 0.000192
6.140000  0.002276 0.016776 0.000194
6.160000  0.002217 0.016499 0.000195
6.180000  0.002160 0.016227 0.000197
6.200000  0.002104 0.015959 0.000198
6.220000  0.002050 0.015696 0.000200
6.240000  0.001997 0.015437 0.000202
6.260000  0.001945 0.015182 0.000203
6.280000  0.001895 0.014932 0.000205
6.300000  0.001846 0.014686 0.000207
6.320000  0.001798 0.014443 0.000208
6.340000  0.001752 0.014205 0.000210
6.360000  0.001707 0.013971 0.000212
6.380000  0.001662 0.013740 0.000213
6.400000  0.001620 0.013513 0.000215
6.420000  0.001578 0.013290 0.000217
6.440000  0.001537 0.013071 0.000219
6.460000  0.001497 0.012855 0.000220
6.480000  0.001459 0.012643 0.000222
6.500000  0.001421 0.012435 0.000224
6.520000  0.001384 0.012229 0.000226
6.540000  0.001348 0.012028 0.000227
6.560000  0.001313 0.011829 0.000229
6.580000  0.001279 0.011634 0.000231
6.600000  0.001246 0.011442 0.000233
6.620000  0.001214 0.011253 0.000235
6.640000  0.001183 0.011067 0.000236
6.660000  0.001152 0.010885 0.000238
6.680000  0.001122 0.010705 0.000240
6.700000  0.001093 0.010528 0.000242
6.720000  0.001065 0.010354 0.000244
6.740000  0.001037 0.010183 0.000246
6.760000  0.001011 0.010015 0.000248
6.780000  0.000984 0.009850 0.000249
6.800000  0.000959 0.009687 0.000251
6.820000  0.000934 0.009527 0.000253
6.840000  0.000910 0.009370 0.000255
6.860000  0.000886 0.009215 0.000257
6.880000  0.000863 0.009063 0.000259
6.900000  0.000841 0.008913 0.000261
6.920000  0.000819 0.008766 0.000263
6.940000  0.000798 0.008621 0.000265
6.960000  0.000777 0.008478 0.000267
6.980000  0.000757 0.008338 0.000269
7.000000  0.000738 0.008200 0.000271
7.020000  0.000718 0.008065 0.000273
7.040000  0.000700 0.007932 0.000275
7.060000  0.000682 0.007801 0.000277
7.080000  0.000664 0.007672 0.000279
7.100000  0.000647 0.007545 0.000281
7.120000  0.000630 0.007421 0.000283
7.140000  0.000614 0.007298 0.000285
7.160000  0.000598 0.007178 0.000288
7.180000  0.000582 0.007059 0.000290
7.200000  0.000567 0.006942 0.000292
7.220000  0.000553 0.006828 0.000294
7.240000  0.000538 0.006715 0.000296
7.260000  0.000524 0.006604 0.000298
7.280000  0.000511 0.006495 0.000300
7.300000  0.000497 0.006387 0.000303
7.320000  0.000485 0.006282 0.000305
7.340000  0.000472 0.006178 0.000307
7.360000  0.000460 0.006076 0.000309
7.380000  0.000448 0.005975 0.000311
7.400000  0.000436 0.005877 0.000314
7.420000  0.000425 0.005779 0.000316
7.440000  0.000414 0.005684 0.000318
7.460000  0.000403 0.005590 0.000320
7.480000  0.000393 0.005498 0.000323
7.500000  0.000382 0.005407 0.000325
7.520000  0.000373 0.005317 0.000327
7.540000  0.000363 0.005230 0.000329
7.560000  0.000353 0.005143 0.000332
7.580000  0.000344 0.005058 0.000334
7.600000  0.000335 0.004975 0.000336
7.620000  0.000327 0.004892 0.000339
7.640000  0.000318 0.004812 0.000341
7.660000  0.000310 0.004732 0.000344
7.680000  0.000302 0.004654 0.000346
7.700000  0.000294 0.004577 0.000348
7.720000  0.000286 0.004501 0.000351
7.740000  0.000279 0.004427 0.000353
7.760000  0.000272 0.004354 0.000356
7.780000  0.000265 0.004282 0.000358
7.800000  0.000258 0.004211 0.000361
7.820000  0.000251 0.004142 0.000363
7.840000  0.000245 0.004073 0.000366
7.860000  0.000238 0.004006 0.000368
7.880000  0.000232 0.003939 0.000371
7.900000  0.000226 0.003874 0.000373
7.920000  0.000220 0.003810 0.000376
7.940000  0.000214 0.003747 0.000378
7.960000  0.000209 0.003685 0.000381
7.980000  0.000203 0.003625 0.000383
8.000000  0.000198 0.003565 0.000386
8.020000  0.000193 0.003506 0.000388
8.040000  0.000188 0.003448 0.000391
8.060000  0.000183 0.003391 0.000394
8.080000  0.000178 0.003335 0.000396
8.100000  0.000174 0.003280 0.000399
8.120000  0.000169 0.003226 0.000402
8.140000  0.000165 0.003172 0.000404
8.160000  0.000161 0.003120 0.000407
8.180000  0.000156 0.003068 0.000410
8.200000  0.000152 0.003018 0.000412
8.220000  0.000148 0.002968 0.000415
8.240000  0.000145 0.002919 0.000418
8.260000  0.000141 0.002871 0.000421
8.280000  0.000137 0.002823 0.000423
8.300000  0.000134 0.002777 0.000426
8.320000  0.000130 0.002731 0.000429
8.340000  0.000127 0.002685 0.000432
8.360000  0.000123 0.002641 0.000435
8.380000  0.000120 0.002597 0.000437
8.400000  0.000117 0.002555 0.000440
8.420000  0.000114 0.002512 0.000443
8.440000  0.000111 0.002471 0.000446
8.460000  0.000108 0.002430 0.000449
8.480000  0.000105 0.002390 0.000452
8.500000  0.000103 0.002350 0.000455
8.520000  0.000100 0.002312 0.000458
8.540000  0.000097 0.002273 0.000460
8.560000  0.000095 0.002236 0.000463
8.580000  0.000092 0.002199 0.000466
8.600000  0.000090 0.002163 0.000469
8.620000  0.000088 0.002127 0.000472
8.640000  0.000085 0.002092 0.000475
8.660000  0.000083 0.002057 0.000478
8.680000  0.000081 0.002023 0.000481
8.700000  0.000079 0.001990 0.000484
8.720000  0.000077 0.001957 0.000487
8.740000  0.000075 0.001925 0.000491
8.760000  0.000073 0.001893 0.000494
8.780000  0.000071 0.001862 0.000497
8.800000  0.000069 0.001831 0.000500
8.820000  0.000067 0.001801 0.000503
8.840000  0.000066 0.001771 0.000506
8.860000  0.000064 0.001742 0.000509
8.880000  0.000062 0.001713 0.000512
8.900000  0.000061 0.001685 0.000516
8.920000  0.000059 0.001657 0.000519
8.940000  0.000057 0.001629 0.000522
8.960000  0.000056 0.001602 0.000525
8.980000  0.000055 0.001576 0.000528
9.000000  0.000053 0.001550 0.000532
9.020000  0.000052 0.001524 0.000535
9.040000  0.000050 0.001499 0.000538
9.060000  0.000049 0.001474 0.000542
9.080000  0.000048 0.001450 0.000545
9.100000  0.000047 0.001426 0.000548
9.120000  0.000045 0.001403 0.000552
9.140000  0.000044 0.001379 0.000555
9.160000  0.000043 0.001357 0.000558
9.180000  0.000042 0.001334 0.000562
9.200000  0.000041 0.001312 0.000565
9.220000  0.000040 0.001291 0.000568
9.240000  0.000039 0.001269 0.000572
9.260000  0.000038 0.001248 0.000575
9.280000  0.000037 0.001228 0.000579
9.300000  0.000036 0.001208 0.000582
9.320000  0.000035 0.001188 0.000586
9.340000  0.000034 0.001168 0.000589
9.360000  0.000033 0.001149 0.000593
9.380000  0.000032 0.001130 0.000596
9.400000  0.000031 0.001111 0.000600
9.420000  0.000031 0.001093 0.000603
9.440000  0.000030 0.001075 0.000607
9.460000  0.000030 0.001070 0.000608
9.480000  0.000030 0.001070 0.000608
9.500000  0.000030 0.001070 0.000608
9.520000  0.000030 0.001070 0.000608
9.540000  0.000030 0.001070 0.000608
9.560000  0.000030 0.001070 0.000608
9.580000  0.000030 0.001070 0.000608
9.600000  0.000030 0.001070 0.000608
9.620000  0.000030 0.001070 0.000608
9.640000  0.000030 0.001070 0.000608
9.660000  0.000030 0.001070 0.000608
9.680000  0.000030 0.001070 0.000608
9.700000  0.000030 0.001070 0.000608
9.720000  0.000030 0.001070 0.000608
9.740000  0.000030 0.001070 0.000608
9.760000  0.000030 0.001070 0.000608
9.780000  0.000030 0.001070 0.000608
9.800000  0.000030 0.001070 0.000608
9.820000  0.000030 0.001070 0.000608
9.840000  0.000030 0.001070 0.000608
9.860000  0.000030 0.001070 0.000608
9.880000  0.000030 0.001070 0.000608
9.900000  0.000030 0.001070 0.000608
9.920000  0.000030 0.001070 0.000608
9.940000  0.000030 0.001070 0.000608
9.960000  0.000030 0.001070 0.000608
9.980000  0.000030 0.001070 0.000608
10.000000  0.000030 0.001070 0.000608
