Pb
4.000000 207.000000 4
1.173516 1.582897 2.032347 1.582897 1.582897 
501 0.020000
  0.00000305   6.34801139  -0.26583882  -0.04396138  -3.50395012  -2.86607861
  0.02000000   6.34623217   0.02795368  -1.05497620  -3.31143116  -2.86678359
  0.04000000   6.33515559   0.02656354  -1.05901644  -3.31606827  -2.86979181
  0.06000000   6.31271100   0.02248176  -1.06439192  -3.32366462  -2.80961074
  0.08000000   6.27864407   0.01556828  -1.07088162  -3.33409472  -2.81948358
  0.10000000   6.23331603   0.00591779  -1.07833676  -3.34714889  -2.83199583
  0.12000000   6.17735675  -0.00627681  -1.08664209  -3.36258383  -2.84691141
  0.14000000   6.11149280  -0.02078951  -1.09570382  -3.38015261  -2.86398597
  0.16000000   6.03644295  -0.03739945  -1.10544490  -3.39962453  -2.88298958
  0.18000000   5.95296790  -0.05587246  -1.11579717  -3.42076687  -2.90368843
  0.20000000   5.86189494  -0.07595085  -1.12669667  -3.44333455  -2.92583452
  0.22000000   5.76404195  -0.09737962  -1.13808488  -3.46708778  -2.94918455
  0.24000000   5.66014557  -0.11993138  -1.14991062  -3.49180931  -2.97351836
  0.26000000   5.55088276  -0.14339771  -1.16212778  -3.51729723  -2.99863150
  0.28000000   5.43690477  -0.16757586  -1.17469279  -3.54335447  -3.02432425
  0.30000000   5.31879122  -0.19228507  -1.18756622  -3.56980052  -3.05041407
  0.32000000   5.19697824  -0.21739306  -1.20071593  -3.59649076  -3.07675605
  0.34000000   5.07173451  -0.24282552  -1.21411818  -3.62332343  -3.10325031
  0.36000000   4.94318807  -0.26855719  -1.22775627  -3.65023284  -3.12983498
  0.38000000   4.81137591  -0.29459435  -1.24161809  -3.67717646  -3.15647252
  0.40000000   4.67629393  -0.32095695  -1.25569366  -3.70412154  -3.18313571
  0.42000000   4.53793604  -0.34766455  -1.26997318  -3.73103466  -3.20979660
  0.44000000   4.39631891  -0.37472734  -1.28444572  -3.75787507  -3.23641949
  0.46000000   4.25149328  -0.40214221  -1.29909868  -3.78459171  -3.26295774
  0.48000000   4.10354466  -0.42989270  -1.31391766  -3.81112320  -3.28935383
  0.50000000   3.95258709  -0.45795177  -1.32888687  -3.83739987  -3.31554142
  0.52000000   3.79875360  -0.48628581  -1.34398956  -3.86334681  -3.34144857
  0.54000000   3.64218659  -0.51485888  -1.35920867  -3.88888707  -3.36700118
  0.56000000   3.48303050  -0.54363619  -1.37452724  -3.91394431  -3.39212570
  0.58000000   3.32142823  -0.57258614  -1.38992873  -3.93844440  -3.41675090
  0.60000000   3.15752163  -0.60168088  -1.40539711  -3.96231595  -3.44080840
  0.62000000   2.99145517  -0.63089549  -1.42091674  -3.98548981  -3.46423210
  0.64000000   2.82338145  -0.66020648  -1.43647216  -4.00789799  -3.48695713
  0.66000000   2.65346664  -0.68959012  -1.45204788  -4.02947257  -3.50891863
  0.68000000   2.48189433  -0.71902134  -1.46762819  -4.05014494  -3.53005099
  0.70000000   2.30886717  -0.74847341  -1.48319710  -4.06984570  -3.55028767
  0.72000000   2.13460633  -0.77791844  -1.49873843  -4.08850508  -3.56956178
  0.74000000   1.95934932  -0.80732847  -1.51423594  -4.10605398  -3.58780705
  0.76000000   1.78334712  -0.83667684  -1.52967351  -4.12242501  -3.60495907
  0.78000000   1.60686137  -0.86593940  -1.54503540  -4.13755367  -3.62095647
  0.80000000   1.43016212  -0.89509558  -1.56030632  -4.15137922  -3.63574191
  0.82000000   1.25352635  -0.92412893  -1.57547161  -4.16384533  -3.64926277
  0.84000000   1.07723721  -0.95302741  -1.59051729  -4.17490038  -3.66147152
  0.86000000   0.90158392  -0.98178319  -1.60543004  -4.18449756  -3.67232585
  0.88000000   0.72686191  -1.01039230  -1.62019719  -4.19259476  -3.68178855
  0.90000000   0.55337316  -1.03885401  -1.63480664  -4.19915429  -3.68982728
  0.92000000   0.38142647  -1.06717020  -1.64924679  -4.20414253  -3.69641422
  0.94000000   0.21133745  -1.09534457  -1.66350645  -4.20752956  -3.70152572
  0.96000000   0.04342825  -1.12338192  -1.67757473  -4.20928882  -3.70514189
  0.98000000  -0.12197317  -1.15128749  -1.69144096  -4.20939668  -3.70724629
  1.00000000  -0.28453417  -1.17906629  -1.70509457  -4.20783217  -3.70782556
  1.02000000  -0.44391896  -1.20672254  -1.71852501  -4.20457672  -3.70686921
  1.04000000  -0.59979058  -1.23425916  -1.73172166  -4.19961391  -3.70436935
  1.06000000  -0.75181321  -1.26167738  -1.74467380  -4.19292933  -3.70032057
  1.08000000  -0.89965482  -1.28897637  -1.75737045  -4.18451047  -3.69471982
  1.10000000  -1.04299005  -1.31615296  -1.76980042  -4.17434666  -3.68756629
  1.12000000  -1.18150331  -1.34320144  -1.78195215  -4.16242906  -3.67886147
  1.14000000  -1.31489198  -1.37011340  -1.79381376  -4.14875066  -3.66860907
  1.16000000  -1.44286969  -1.39687761  -1.80537295  -4.13330641  -3.65681512
  1.18000000  -1.56516954  -1.42348002  -1.81661699  -4.11609325  -3.64348799
  1.20000000  -1.68154726  -1.44990368  -1.82753270  -4.09711029  -3.62863850
  1.22000000  -1.79178420  -1.47612881  -1.83810645  -4.07635895  -3.61228001
  1.24000000  -1.89569010  -1.50213285  -1.84832412  -4.05384314  -3.59442851
  1.26000000  -1.99310555  -1.52789056  -1.85817115  -4.02956949  -3.57510274
  1.28000000  -2.08390414  -1.55337414  -1.86763250  -4.00354751  -3.55432431
  1.30000000  -2.16799421  -1.57855336  -1.87669272  -3.97578988  -3.53211782
  1.32000000  -2.24532019  -1.60339575  -1.88533595  -3.94631267  -3.50851093
  1.34000000  -2.31586338  -1.62786678  -1.89354596  -3.91513562  -3.48353452
  1.36000000  -2.37964242  -1.65193006  -1.90130621  -3.88228234  -3.45722273
  1.38000000  -2.43671308  -1.67554759  -1.90859990  -3.84778064  -3.42961307
  1.40000000  -2.48716769  -1.69868000  -1.91541004  -3.81166273  -3.40074643
  1.42000000  -2.53113399  -1.72128679  -1.92171952  -3.77396553  -3.37066721
  1.44000000  -2.56877357  -1.74332660  -1.92751121  -3.73473083  -3.33942324
  1.46000000  -2.60027980  -1.76475752  -1.93276801  -3.69400559  -3.30706584
  1.48000000  -2.62587540  -1.78553733  -1.93747301  -3.65184211  -3.27364980
  1.50000000  -2.64580966  -1.80562386  -1.94160955  -3.60829816  -3.23923324
  1.52000000  -2.66035529  -1.82497523  -1.94516136  -3.56343720  -3.20387763
  1.54000000  -2.66980510  -1.84355020  -1.94811264  -3.51732842  -3.16764757
  1.56000000  -2.67446839  -1.86130845  -1.95044825  -3.47004679  -3.13061071
  1.58000000  -2.67466738  -1.87821089  -1.95215376  -3.42167309  -3.09283752
  1.60000000  -2.67073339  -1.89421996  -1.95321563  -3.37229380  -3.05440108
  1.62000000  -2.66300325  -1.90929993  -1.95362133  -3.32200103  -3.01537682
  1.64000000  -2.65181560  -1.92341717  -1.95335944  -3.27089226  -2.97584220
  1.66000000  -2.63750746  -1.93654045  -1.95241984  -3.21907013  -2.93587645
  1.68000000  -2.62041098  -1.94864116  -1.95079376  -3.16664201  -2.89556012
  1.70000000  -2.60085040  -1.95969359  -1.94847396  -3.11371964  -2.85497476
  1.72000000  -2.57913931  -1.96967513  -1.94545482  -3.06041857  -2.81420248
  1.74000000  -2.55557832  -1.97856649  -1.94173249  -3.00685759  -2.77332550
  1.76000000  -2.53045294  -1.98635188  -1.93730493  -2.95315804  -2.73242571
  1.78000000  -2.50403195  -1.99301916  -1.93217208  -2.89944308  -2.69158418
  1.80000000  -2.47656609  -1.99855999  -1.92633589  -2.84583686  -2.65088069
  1.82000000  -2.44828711  -2.00296990  -1.91980045  -2.79246366  -2.61039326
  1.84000000  -2.41940720  -2.00624843  -1.91257202  -2.73944699  -2.57019764
  1.86000000  -2.39011874  -2.00839909  -1.90465911  -2.68690858  -2.53036687
  1.88000000  -2.36059442  -2.00942948  -1.89607252  -2.63496747  -2.49097081
  1.90000000  -2.33098754  -2.00935118  -1.88682538  -2.58373895  -2.45207573
  1.92000000  -2.30143266  -2.00817978  -1.87693315  -2.53333368  -2.41374387
  1.94000000  -2.27204640  -2.00593476  -1.86641363  -2.48385662  -2.37603314
  1.96000000  -2.24292844  -2.00263941  -1.85528698  -2.43540624  -2.33899675
  1.98000000  -2.21416266  -1.99832069  -1.84357565  -2.38807357  -2.30268294
  2.00000000  -2.18581835  -1.99300906  -1.83130437  -2.34194151  -2.26713478
  2.02000000  -2.15795149  -1.98673830  -1.81850006  -2.29708409  -2.23238996
  2.04000000  -2.13060608  -1.97954531  -1.80519180  -2.25356592  -2.19848072
  2.06000000  -2.10381544  -1.97146981  -1.79141069  -2.21144173  -2.16543375
  2.08000000  -2.07760349  -1.96255416  -1.77718978  -2.17075605  -2.13327022
  2.10000000  -2.05198596  -1.95284302  -1.76256391  -2.13154297  -2.10200584
  2.12000000  -2.02697160  -1.94238306  -1.74756962  -2.09382614  -2.07165093
  2.14000000  -2.00256323  -1.93122269  -1.73224491  -2.05761880  -2.04221064
  2.16000000  -1.97875875  -1.91941168  -1.71662916  -2.02292399  -2.01368516
  2.18000000  -1.95555200  -1.90700085  -1.70076285  -1.98973494  -1.98606994
  2.20000000  -1.93293362  -1.89404175  -1.68468742  -1.95803549  -1.95935604
  2.22000000  -1.91089172  -1.88058630  -1.66844505  -1.92780070  -1.93353044
  2.24000000  -1.88941250  -1.86668648  -1.65207839  -1.89899751  -1.90857643
  2.26000000  -1.86848075  -1.85239395  -1.63563036  -1.87158550  -1.88447395
  2.28000000  -1.84808034  -1.83775981  -1.61914391  -1.84551774  -1.86120005
  2.30000000  -1.82819455  -1.82283421  -1.60266173  -1.82074165  -1.83872928
  2.32000000  -1.80880637  -1.80766611  -1.58622602  -1.79719993  -1.81703407
  2.34000000  -1.78989875  -1.79230300  -1.56987827  -1.77483147  -1.79608520
  2.36000000  -1.77145479  -1.77679062  -1.55365892  -1.75357230  -1.77585215
  2.38000000  -1.75345789  -1.76117276  -1.53760718  -1.73335648  -1.75630351
  2.40000000  -1.73589182  -1.74549107  -1.52176077  -1.71411697  -1.73740734
  2.42000000  -1.71874085  -1.72978483  -1.50615566  -1.69578649  -1.71913152
  2.44000000  -1.70198978  -1.71409089  -1.49082588  -1.67829825  -1.70144405
  2.46000000  -1.68562394  -1.69844346  -1.47580326  -1.66158668  -1.68431332
  2.48000000  -1.66962926  -1.68287410  -1.46111731  -1.64558802  -1.66770843
  2.50000000  -1.65399224  -1.66741162  -1.44679497  -1.63024090  -1.65159931
  2.52000000  -1.63869996  -1.65208208  -1.43286051  -1.61548680  -1.63595701
  2.54000000  -1.62374007  -1.63690877  -1.41933538  -1.60127039  -1.62075377
  2.56000000  -1.60910074  -1.62191228  -1.40623809  -1.58753984  -1.60596318
  2.58000000  -1.59477070  -1.60711049  -1.39358417  -1.57424703  -1.59156028
  2.60000000  -1.58073917  -1.59251871  -1.38138607  -1.56134769  -1.57752159
  2.62000000  -1.56699586  -1.57814976  -1.36965319  -1.54880142  -1.56382517
  2.64000000  -1.55353095  -1.56401406  -1.35839182  -1.53657173  -1.55045061
  2.66000000  -1.54033505  -1.55011982  -1.34760523  -1.52462594  -1.53737903
  2.68000000  -1.52739919  -1.53647312  -1.33729369  -1.51293505  -1.52459303
  2.70000000  -1.51471481  -1.52307812  -1.32745457  -1.50147363  -1.51207668
  2.72000000  -1.50227373  -1.50993720  -1.31808244  -1.49021957  -1.49981539
  2.74000000  -1.49006812  -1.49705114  -1.30916921  -1.47915386  -1.48779591
  2.76000000  -1.47809050  -1.48441925  -1.30070429  -1.46826040  -1.47600620
  2.78000000  -1.46633370  -1.47203960  -1.29267476  -1.45752567  -1.46443536
  2.80000000  -1.45479087  -1.45990915  -1.28506552  -1.44693850  -1.45307356
  2.82000000  -1.44345546  -1.44802391  -1.27785958  -1.43648981  -1.44191188
  2.84000000  -1.43232118  -1.43637908  -1.27103820  -1.42617235  -1.43094232
  2.86000000  -1.42138200  -1.42496924  -1.26458114  -1.41598043  -1.42015762
  2.88000000  -1.41063217  -1.41378844  -1.25846691  -1.40590972  -1.40955122
  2.90000000  -1.40006615  -1.40283035  -1.25267296  -1.39595699  -1.39911718
  2.92000000  -1.38967864  -1.39208835  -1.24717598  -1.38611992  -1.38885010
  2.94000000  -1.37946454  -1.38155568  -1.24195207  -1.37639691  -1.37874503
  2.96000000  -1.36941897  -1.37122544  -1.23697699  -1.36678694  -1.36879743
  2.98000000  -1.35953723  -1.36109078  -1.23222638  -1.35728940  -1.35900311
  3.00000000  -1.34981482  -1.35114489  -1.22767601  -1.34790395  -1.34935817
  3.02000000  -1.34024741  -1.34138106  -1.22330189  -1.33863046  -1.33985896
  3.04000000  -1.33083083  -1.33179276  -1.21908054  -1.32946887  -1.33050206
  3.06000000  -1.32156107  -1.32237367  -1.21498912  -1.32041916  -1.32128419
  3.08000000  -1.31243428  -1.31311768  -1.21100560  -1.31148125  -1.31220225
  3.10000000  -1.30344674  -1.30401893  -1.20710890  -1.30265502  -1.30325325
  3.12000000  -1.29459490  -1.29507184  -1.20327897  -1.29394019  -1.29443433
  3.14000000  -1.28587530  -1.28627108  -1.19949699  -1.28533638  -1.28574270
  3.16000000  -1.27728462  -1.27761158  -1.19574533  -1.27684307  -1.27717566
  3.18000000  -1.26881967  -1.26908857  -1.19200773  -1.26845957  -1.26873057
  3.20000000  -1.26047737  -1.26069753  -1.18826929  -1.26018505  -1.26040485
  3.22000000  -1.25225475  -1.25243418  -1.18451649  -1.25201855  -1.25219601
  3.24000000  -1.24414891  -1.24429450  -1.18073728  -1.24395896  -1.24410158
  3.26000000  -1.23615711  -1.23627469  -1.17692098  -1.23600506  -1.23611914
  3.28000000  -1.22827666  -1.22837119  -1.17305838  -1.22815551  -1.22824635
  3.30000000  -1.22050497  -1.22058062  -1.16914160  -1.22040891  -1.22048089
  3.32000000  -1.21283954  -1.21289980  -1.16516414  -1.21276373  -1.21282051
  3.34000000  -1.20527795  -1.20532573  -1.16112079  -1.20521841  -1.20526298
  3.36000000  -1.19781787  -1.19785558  -1.15700758  -1.19777133  -1.19780615
  3.38000000  -1.19045703  -1.19048666  -1.15282170  -1.19042083  -1.19044791
  3.40000000  -1.18319325  -1.18321641  -1.14856147  -1.18316522  -1.18318618
  3.42000000  -1.17602440  -1.17604242  -1.14422620  -1.17600281  -1.17601895
  3.44000000  -1.16894843  -1.16896239  -1.13981616  -1.16893188  -1.16894425
  3.46000000  -1.16196336  -1.16197412  -1.13533246  -1.16195073  -1.16196016
  3.48000000  -1.15506725  -1.15507550  -1.13077699  -1.15505767  -1.15506483
  3.50000000  -1.14825824  -1.14826454  -1.12615231  -1.14825100  -1.14825641
  3.52000000  -1.14153452  -1.14153930  -1.12146159  -1.14152908  -1.14153314
  3.54000000  -1.13489433  -1.13489794  -1.11670850  -1.13489026  -1.13489330
  3.56000000  -1.12833596  -1.12833868  -1.11189713  -1.12833294  -1.12833520
  3.58000000  -1.12185777  -1.12185980  -1.10703193  -1.12185553  -1.12185720
  3.60000000  -1.11545814  -1.11545966  -1.10211762  -1.11545649  -1.11545772
  3.62000000  -1.10913552  -1.10913664  -1.09715912  -1.10913431  -1.10913521
  3.64000000  -1.10288839  -1.10288922  -1.09216148  -1.10288751  -1.10288817
  3.66000000  -1.09671528  -1.09671589  -1.08712983  -1.09671465  -1.09671512
  3.68000000  -1.09061477  -1.09061521  -1.08206933  -1.09061431  -1.09061465
  3.70000000  -1.08458546  -1.08458578  -1.07698509  -1.08458512  -1.08458537
  3.72000000  -1.07862599  -1.07862622  -1.07188214  -1.07862576  -1.07862593
  3.74000000  -1.07273507  -1.07273523  -1.06676543  -1.07273490  -1.07273502
  3.76000000  -1.06691140  -1.06691152  -1.06163971  -1.06691128  -1.06691137
  3.78000000  -1.06115374  -1.06115383  -1.05650958  -1.06115366  -1.06115372
  3.80000000  -1.05546089  -1.05546095  -1.05137944  -1.05546083  -1.05546088
  3.82000000  -1.04983166  -1.04983170  -1.04625345  -1.04983162  -1.04983165
  3.84000000  -1.04426491  -1.04426494  -1.04113556  -1.04426488  -1.04426491
  3.86000000  -1.03875952  -1.03875954  -1.03602944  -1.03875950  -1.03875952
  3.88000000  -1.03331440  -1.03331441  -1.03093853  -1.03331439  -1.03331440
  3.90000000  -1.02792849  -1.02792850  -1.02586601  -1.02792848  -1.02792849
  3.92000000  -1.02260075  -1.02260076  -1.02081480  -1.02260075  -1.02260075
  3.94000000  -1.01733018  -1.01733019  -1.01578757  -1.01733018  -1.01733018
  3.96000000  -1.01211580  -1.01211580  -1.01078673  -1.01211580  -1.01211580
  3.98000000  -1.00695664  -1.00695664  -1.00581447  -1.00695664  -1.00695664
  4.00000000  -1.00185177  -1.00185177  -1.00087273  -1.00185177  -1.00185177
  4.02000000  -0.99680028  -0.99680028  -0.99596322  -0.99680028  -0.99680028
  4.04000000  -0.99180128  -0.99180128  -0.99108746  -0.99180128  -0.99180128
  4.06000000  -0.98685389  -0.98685389  -0.98624676  -0.98685389  -0.98685389
  4.08000000  -0.98195728  -0.98195728  -0.98144224  -0.98195728  -0.98195728
  4.10000000  -0.97711061  -0.97711061  -0.97667484  -0.97711061  -0.97711061
  4.12000000  -0.97231308  -0.97231308  -0.97194535  -0.97231308  -0.97231308
  4.14000000  -0.96756389  -0.96756389  -0.96725441  -0.96756389  -0.96756389
  4.16000000  -0.96286227  -0.96286227  -0.96260251  -0.96286227  -0.96286227
  4.18000000  -0.95820747  -0.95820747  -0.95799003  -0.95820747  -0.95820747
  4.20000000  -0.95359876  -0.95359876  -0.95341723  -0.95359876  -0.95359876
  4.22000000  -0.94903540  -0.94903540  -0.94888427  -0.94903540  -0.94903540
  4.24000000  -0.94451670  -0.94451670  -0.94439122  -0.94451670  -0.94451670
  4.26000000  -0.94004197  -0.94004197  -0.93993807  -0.94004197  -0.94004197
  4.28000000  -0.93561053  -0.93561053  -0.93552474  -0.93561053  -0.93561053
  4.30000000  -0.93122172  -0.93122172  -0.93115109  -0.93122172  -0.93122172
  4.32000000  -0.92687491  -0.92687491  -0.92681692  -0.92687491  -0.92687491
  4.34000000  -0.92256946  -0.92256946  -0.92252197  -0.92256946  -0.92256946
  4.36000000  -0.91830475  -0.91830475  -0.91826598  -0.91830475  -0.91830475
  4.38000000  -0.91408018  -0.91408018  -0.91404861  -0.91408018  -0.91408018
  4.40000000  -0.90989515  -0.90989515  -0.90986953  -0.90989515  -0.90989515
  4.42000000  -0.90574910  -0.90574910  -0.90572836  -0.90574910  -0.90574910
  4.44000000  -0.90164144  -0.90164144  -0.90162470  -0.90164144  -0.90164144
  4.46000000  -0.89757163  -0.89757163  -0.89755816  -0.89757163  -0.89757163
  4.48000000  -0.89353912  -0.89353912  -0.89352832  -0.89353912  -0.89353912
  4.50000000  -0.88954338  -0.88954338  -0.88953474  -0.88954338  -0.88954338
  4.52000000  -0.88558389  -0.88558389  -0.88557700  -0.88558389  -0.88558389
  4.54000000  -0.88166014  -0.88166014  -0.88165465  -0.88166014  -0.88166014
  4.56000000  -0.87777161  -0.87777161  -0.87776726  -0.87777161  -0.87777161
  4.58000000  -0.87391783  -0.87391783  -0.87391440  -0.87391783  -0.87391783
  4.60000000  -0.87009831  -0.87009831  -0.87009560  -0.87009831  -0.87009831
  4.62000000  -0.86631258  -0.86631258  -0.86631045  -0.86631258  -0.86631258
  4.64000000  -0.86256017  -0.86256017  -0.86255851  -0.86256017  -0.86256017
  4.66000000  -0.85884064  -0.85884064  -0.85883934  -0.85884064  -0.85884064
  4.68000000  -0.85515353  -0.85515353  -0.85515251  -0.85515353  -0.85515353
  4.70000000  -0.85149840  -0.85149840  -0.85149762  -0.85149840  -0.85149840
  4.72000000  -0.84787484  -0.84787484  -0.84787423  -0.84787484  -0.84787484
  4.74000000  -0.84428241  -0.84428241  -0.84428194  -0.84428241  -0.84428241
  4.76000000  -0.84072071  -0.84072071  -0.84072035  -0.84072071  -0.84072071
  4.78000000  -0.83718933  -0.83718933  -0.83718905  -0.83718933  -0.83718933
  4.80000000  -0.83368787  -0.83368787  -0.83368766  -0.83368787  -0.83368787
  4.82000000  -0.83021594  -0.83021594  -0.83021578  -0.83021594  -0.83021594
  4.84000000  -0.82677316  -0.82677316  -0.82677304  -0.82677316  -0.82677316
  4.86000000  -0.82335916  -0.82335916  -0.82335906  -0.82335916  -0.82335916
  4.88000000  -0.81997355  -0.81997355  -0.81997348  -0.81997355  -0.81997355
  4.90000000  -0.81661599  -0.81661599  -0.81661593  -0.81661599  -0.81661599
  4.92000000  -0.81328610  -0.81328610  -0.81328606  -0.81328610  -0.81328610
  4.94000000  -0.80998355  -0.80998355  -0.80998352  -0.80998355  -0.80998355
  4.96000000  -0.80670799  -0.80670799  -0.80670797  -0.80670799  -0.80670799
  4.98000000  -0.80345908  -0.80345908  -0.80345907  -0.80345908  -0.80345908
  5.00000000  -0.80023649  -0.80023649  -0.80023648  -0.80023649  -0.80023649
  5.02000000  -0.79703989  -0.79703989  -0.79703988  -0.79703989  -0.79703989
  5.04000000  -0.79386896  -0.79386896  -0.79386895  -0.79386896  -0.79386896
  5.06000000  -0.79072339  -0.79072339  -0.79072338  -0.79072339  -0.79072339
  5.08000000  -0.78760286  -0.78760286  -0.78760286  -0.78760286  -0.78760286
  5.10000000  -0.78450707  -0.78450707  -0.78450707  -0.78450707  -0.78450707
  5.12000000  -0.78143573  -0.78143573  -0.78143573  -0.78143573  -0.78143573
  5.14000000  -0.77838853  -0.77838853  -0.77838853  -0.77838853  -0.77838853
  5.16000000  -0.77536519  -0.77536519  -0.77536519  -0.77536519  -0.77536519
  5.18000000  -0.77236542  -0.77236542  -0.77236542  -0.77236542  -0.77236542
  5.20000000  -0.76938895  -0.76938895  -0.76938895  -0.76938895  -0.76938895
  5.22000000  -0.76643549  -0.76643549  -0.76643549  -0.76643549  -0.76643549
  5.24000000  -0.76350478  -0.76350478  -0.76350478  -0.76350478  -0.76350478
  5.26000000  -0.76059654  -0.76059654  -0.76059654  -0.76059654  -0.76059654
  5.28000000  -0.75771053  -0.75771053  -0.75771053  -0.75771053  -0.75771053
  5.30000000  -0.75484647  -0.75484647  -0.75484647  -0.75484647  -0.75484647
  5.32000000  -0.75200411  -0.75200411  -0.75200411  -0.75200411  -0.75200411
  5.34000000  -0.74918321  -0.74918321  -0.74918321  -0.74918321  -0.74918321
  5.36000000  -0.74638352  -0.74638352  -0.74638352  -0.74638352  -0.74638352
  5.38000000  -0.74360480  -0.74360480  -0.74360480  -0.74360480  -0.74360480
  5.40000000  -0.74084680  -0.74084680  -0.74084680  -0.74084680  -0.74084680
  5.42000000  -0.73810930  -0.73810930  -0.73810930  -0.73810930  -0.73810930
  5.44000000  -0.73539206  -0.73539206  -0.73539206  -0.73539206  -0.73539206
  5.46000000  -0.73269485  -0.73269485  -0.73269485  -0.73269485  -0.73269485
  5.48000000  -0.73001746  -0.73001746  -0.73001746  -0.73001746  -0.73001746
  5.50000000  -0.72735965  -0.72735965  -0.72735965  -0.72735965  -0.72735965
  5.52000000  -0.72472122  -0.72472122  -0.72472122  -0.72472122  -0.72472122
  5.54000000  -0.72210195  -0.72210195  -0.72210195  -0.72210195  -0.72210195
  5.56000000  -0.71950162  -0.71950162  -0.71950162  -0.71950162  -0.71950162
  5.58000000  -0.71692004  -0.71692004  -0.71692004  -0.71692004  -0.71692004
  5.60000000  -0.71435700  -0.71435700  -0.71435700  -0.71435700  -0.71435700
  5.62000000  -0.71181228  -0.71181228  -0.71181228  -0.71181228  -0.71181228
  5.64000000  -0.70928571  -0.70928571  -0.70928571  -0.70928571  -0.70928571
  5.66000000  -0.70677708  -0.70677708  -0.70677708  -0.70677708  -0.70677708
  5.68000000  -0.70428619  -0.70428619  -0.70428619  -0.70428619  -0.70428619
  5.70000000  -0.70181287  -0.70181287  -0.70181287  -0.70181287  -0.70181287
  5.72000000  -0.69935692  -0.69935692  -0.69935692  -0.69935692  -0.69935692
  5.74000000  -0.69691815  -0.69691815  -0.69691815  -0.69691815  -0.69691815
  5.76000000  -0.69449639  -0.69449639  -0.69449639  -0.69449639  -0.69449639
  5.78000000  -0.69209146  -0.69209146  -0.69209146  -0.69209146  -0.69209146
  5.80000000  -0.68970318  -0.68970318  -0.68970318  -0.68970318  -0.68970318
  5.82000000  -0.68733137  -0.68733137  -0.68733137  -0.68733137  -0.68733137
  5.84000000  -0.68497588  -0.68497588  -0.68497588  -0.68497588  -0.68497588
  5.86000000  -0.68263651  -0.68263651  -0.68263651  -0.68263651  -0.68263651
  5.88000000  -0.68031312  -0.68031312  -0.68031312  -0.68031312  -0.68031312
  5.90000000  -0.67800553  -0.67800553  -0.67800553  -0.67800553  -0.67800553
  5.92000000  -0.67571358  -0.67571358  -0.67571358  -0.67571358  -0.67571358
  5.94000000  -0.67343712  -0.67343712  -0.67343712  -0.67343712  -0.67343712
  5.96000000  -0.67117598  -0.67117598  -0.67117598  -0.67117598  -0.67117598
  5.98000000  -0.66893001  -0.66893001  -0.66893001  -0.66893001  -0.66893001
  6.00000000  -0.66669906  -0.66669906  -0.66669906  -0.66669906  -0.66669906
  6.02000000  -0.66448298  -0.66448298  -0.66448298  -0.66448298  -0.66448298
  6.04000000  -0.66228161  -0.66228161  -0.66228161  -0.66228161  -0.66228161
  6.06000000  -0.66009481  -0.66009481  -0.66009481  -0.66009481  -0.66009481
  6.08000000  -0.65792243  -0.65792243  -0.65792243  -0.65792243  -0.65792243
  6.10000000  -0.65576433  -0.65576433  -0.65576433  -0.65576433  -0.65576433
  6.12000000  -0.65362038  -0.65362038  -0.65362038  -0.65362038  -0.65362038
  6.14000000  -0.65149042  -0.65149042  -0.65149042  -0.65149042  -0.65149042
  6.16000000  -0.64937433  -0.64937433  -0.64937433  -0.64937433  -0.64937433
  6.18000000  -0.64727196  -0.64727196  -0.64727196  -0.64727196  -0.64727196
  6.20000000  -0.64518319  -0.64518319  -0.64518319  -0.64518319  -0.64518319
  6.22000000  -0.64310788  -0.64310788  -0.64310788  -0.64310788  -0.64310788
  6.24000000  -0.64104590  -0.64104590  -0.64104590  -0.64104590  -0.64104590
  6.26000000  -0.63899711  -0.63899711  -0.63899711  -0.63899711  -0.63899711
  6.28000000  -0.63696141  -0.63696141  -0.63696141  -0.63696141  -0.63696141
  6.30000000  -0.63493865  -0.63493865  -0.63493865  -0.63493865  -0.63493865
  6.32000000  -0.63292872  -0.63292872  -0.63292872  -0.63292872  -0.63292872
  6.34000000  -0.63093149  -0.63093149  -0.63093149  -0.63093149  -0.63093149
  6.36000000  -0.62894685  -0.62894685  -0.62894685  -0.62894685  -0.62894685
  6.38000000  -0.62697466  -0.62697466  -0.62697466  -0.62697466  -0.62697466
  6.40000000  -0.62501483  -0.62501483  -0.62501483  -0.62501483  -0.62501483
  6.42000000  -0.62306722  -0.62306722  -0.62306722  -0.62306722  -0.62306722
  6.44000000  -0.62113173  -0.62113173  -0.62113173  -0.62113173  -0.62113173
  6.46000000  -0.61920824  -0.61920824  -0.61920824  -0.61920824  -0.61920824
  6.48000000  -0.61729664  -0.61729664  -0.61729664  -0.61729664  -0.61729664
  6.50000000  -0.61539682  -0.61539682  -0.61539682  -0.61539682  -0.61539682
  6.52000000  -0.61350868  -0.61350868  -0.61350868  -0.61350868  -0.61350868
  6.54000000  -0.61163209  -0.61163209  -0.61163209  -0.61163209  -0.61163209
  6.56000000  -0.60976696  -0.60976696  -0.60976696  -0.60976696  -0.60976696
  6.58000000  -0.60791319  -0.60791319  -0.60791319  -0.60791319  -0.60791319
  6.60000000  -0.60607066  -0.60607066  -0.60607066  -0.60607066  -0.60607066
  6.62000000  -0.60423928  -0.60423928  -0.60423928  -0.60423928  -0.60423928
  6.64000000  -0.60241894  -0.60241894  -0.60241894  -0.60241894  -0.60241894
  6.66000000  -0.60060955  -0.60060955  -0.60060955  -0.60060955  -0.60060955
  6.68000000  -0.59881101  -0.59881101  -0.59881101  -0.59881101  -0.59881101
  6.70000000  -0.59702321  -0.59702321  -0.59702321  -0.59702321  -0.59702321
  6.72000000  -0.59524607  -0.59524607  -0.59524607  -0.59524607  -0.59524607
  6.74000000  -0.59347948  -0.59347948  -0.59347948  -0.59347948  -0.59347948
  6.76000000  -0.59172335  -0.59172335  -0.59172335  -0.59172335  -0.59172335
  6.78000000  -0.58997760  -0.58997760  -0.58997760  -0.58997760  -0.58997760
  6.80000000  -0.58824212  -0.58824212  -0.58824212  -0.58824212  -0.58824212
  6.82000000  -0.58651683  -0.58651683  -0.58651683  -0.58651683  -0.58651683
  6.84000000  -0.58480164  -0.58480164  -0.58480164  -0.58480164  -0.58480164
  6.86000000  -0.58309646  -0.58309646  -0.58309646  -0.58309646  -0.58309646
  6.88000000  -0.58140120  -0.58140120  -0.58140120  -0.58140120  -0.58140120
  6.90000000  -0.57971578  -0.57971578  -0.57971578  -0.57971578  -0.57971578
  6.92000000  -0.57804010  -0.57804010  -0.57804010  -0.57804010  -0.57804010
  6.94000000  -0.57637409  -0.57637409  -0.57637409  -0.57637409  -0.57637409
  6.96000000  -0.57471766  -0.57471766  -0.57471766  -0.57471766  -0.57471766
  6.98000000  -0.57307073  -0.57307073  -0.57307073  -0.57307073  -0.57307073
  7.00000000  -0.57143321  -0.57143321  -0.57143321  -0.57143321  -0.57143321
  7.02000000  -0.56980504  -0.56980504  -0.56980504  -0.56980504  -0.56980504
  7.04000000  -0.56818612  -0.56818612  -0.56818612  -0.56818612  -0.56818612
  7.06000000  -0.56657637  -0.56657637  -0.56657637  -0.56657637  -0.56657637
  7.08000000  -0.56497573  -0.56497573  -0.56497573  -0.56497573  -0.56497573
  7.10000000  -0.56338411  -0.56338411  -0.56338411  -0.56338411  -0.56338411
  7.12000000  -0.56180144  -0.56180144  -0.56180144  -0.56180144  -0.56180144
  7.14000000  -0.56022764  -0.56022764  -0.56022764  -0.56022764  -0.56022764
  7.16000000  -0.55866263  -0.55866263  -0.55866263  -0.55866263  -0.55866263
  7.18000000  -0.55710635  -0.55710635  -0.55710635  -0.55710635  -0.55710635
  7.20000000  -0.55555872  -0.55555872  -0.55555872  -0.55555872  -0.55555872
  7.22000000  -0.55401966  -0.55401966  -0.55401966  -0.55401966  -0.55401966
  7.24000000  -0.55248912  -0.55248912  -0.55248912  -0.55248912  -0.55248912
  7.26000000  -0.55096700  -0.55096700  -0.55096700  -0.55096700  -0.55096700
  7.28000000  -0.54945326  -0.54945326  -0.54945326  -0.54945326  -0.54945326
  7.30000000  -0.54794781  -0.54794781  -0.54794781  -0.54794781  -0.54794781
  7.32000000  -0.54645060  -0.54645060  -0.54645060  -0.54645060  -0.54645060
  7.34000000  -0.54496154  -0.54496154  -0.54496154  -0.54496154  -0.54496154
  7.36000000  -0.54348059  -0.54348059  -0.54348059  -0.54348059  -0.54348059
  7.38000000  -0.54200766  -0.54200766  -0.54200766  -0.54200766  -0.54200766
  7.40000000  -0.54054269  -0.54054269  -0.54054269  -0.54054269  -0.54054269
  7.42000000  -0.53908563  -0.53908563  -0.53908563  -0.53908563  -0.53908563
  7.44000000  -0.53763640  -0.53763640  -0.53763640  -0.53763640  -0.53763640
  7.46000000  -0.53619495  -0.53619495  -0.53619495  -0.53619495  -0.53619495
  7.48000000  -0.53476121  -0.53476121  -0.53476121  -0.53476121  -0.53476121
  7.50000000  -0.53333511  -0.53333511  -0.53333511  -0.53333511  -0.53333511
  7.52000000  -0.53191661  -0.53191661  -0.53191661  -0.53191661  -0.53191661
  7.54000000  -0.53050563  -0.53050563  -0.53050563  -0.53050563  -0.53050563
  7.56000000  -0.52910212  -0.52910212  -0.52910212  -0.52910212  -0.52910212
  7.58000000  -0.52770601  -0.52770601  -0.52770601  -0.52770601  -0.52770601
  7.60000000  -0.52631726  -0.52631726  -0.52631726  -0.52631726  -0.52631726
  7.62000000  -0.52493580  -0.52493580  -0.52493580  -0.52493580  -0.52493580
  7.64000000  -0.52356157  -0.52356157  -0.52356157  -0.52356157  -0.52356157
  7.66000000  -0.52219452  -0.52219452  -0.52219452  -0.52219452  -0.52219452
  7.68000000  -0.52083459  -0.52083459  -0.52083459  -0.52083459  -0.52083459
  7.70000000  -0.51948173  -0.51948173  -0.51948173  -0.51948173  -0.51948173
  7.72000000  -0.51813588  -0.51813588  -0.51813588  -0.51813588  -0.51813588
  7.74000000  -0.51679699  -0.51679699  -0.51679699  -0.51679699  -0.51679699
  7.76000000  -0.51546500  -0.51546500  -0.51546500  -0.51546500  -0.51546500
  7.78000000  -0.51413986  -0.51413986  -0.51413986  -0.51413986  -0.51413986
  7.80000000  -0.51282152  -0.51282152  -0.51282152  -0.51282152  -0.51282152
  7.82000000  -0.51150992  -0.51150992  -0.51150992  -0.51150992  -0.51150992
  7.84000000  -0.51020501  -0.51020501  -0.51020501  -0.51020501  -0.51020501
  7.86000000  -0.50890675  -0.50890675  -0.50890675  -0.50890675  -0.50890675
  7.88000000  -0.50761508  -0.50761508  -0.50761508  -0.50761508  -0.50761508
  7.90000000  -0.50632994  -0.50632994  -0.50632994  -0.50632994  -0.50632994
  7.92000000  -0.50505130  -0.50505130  -0.50505130  -0.50505130  -0.50505130
  7.94000000  -0.50377911  -0.50377911  -0.50377911  -0.50377911  -0.50377911
  7.96000000  -0.50251330  -0.50251330  -0.50251330  -0.50251330  -0.50251330
  7.98000000  -0.50125385  -0.50125385  -0.50125385  -0.50125385  -0.50125385
  8.00000000  -0.50000069  -0.50000069  -0.50000069  -0.50000069  -0.50000069
  8.02000000  -0.49875378  -0.49875378  -0.49875378  -0.49875378  -0.49875378
  8.04000000  -0.49751307  -0.49751307  -0.49751307  -0.49751307  -0.49751307
  8.06000000  -0.49627853  -0.49627853  -0.49627853  -0.49627853  -0.49627853
  8.08000000  -0.49505010  -0.49505010  -0.49505010  -0.49505010  -0.49505010
  8.10000000  -0.49382773  -0.49382773  -0.49382773  -0.49382773  -0.49382773
  8.12000000  -0.49261138  -0.49261138  -0.49261138  -0.49261138  -0.49261138
  8.14000000  -0.49140102  -0.49140102  -0.49140102  -0.49140102  -0.49140102
  8.16000000  -0.49019659  -0.49019659  -0.49019659  -0.49019659  -0.49019659
  8.18000000  -0.48899804  -0.48899804  -0.48899804  -0.48899804  -0.48899804
  8.20000000  -0.48780535  -0.48780535  -0.48780535  -0.48780535  -0.48780535
  8.22000000  -0.48661846  -0.48661846  -0.48661846  -0.48661846  -0.48661846
  8.24000000  -0.48543733  -0.48543733  -0.48543733  -0.48543733  -0.48543733
  8.26000000  -0.48426192  -0.48426192  -0.48426192  -0.48426192  -0.48426192
  8.28000000  -0.48309219  -0.48309219  -0.48309219  -0.48309219  -0.48309219
  8.30000000  -0.48192810  -0.48192810  -0.48192810  -0.48192810  -0.48192810
  8.32000000  -0.48076961  -0.48076961  -0.48076961  -0.48076961  -0.48076961
  8.34000000  -0.47961667  -0.47961667  -0.47961667  -0.47961667  -0.47961667
  8.36000000  -0.47846925  -0.47846925  -0.47846925  -0.47846925  -0.47846925
  8.38000000  -0.47732730  -0.47732730  -0.47732730  -0.47732730  -0.47732730
  8.40000000  -0.47619080  -0.47619080  -0.47619080  -0.47619080  -0.47619080
  8.42000000  -0.47505969  -0.47505969  -0.47505969  -0.47505969  -0.47505969
  8.44000000  -0.47393395  -0.47393395  -0.47393395  -0.47393395  -0.47393395
  8.46000000  -0.47281353  -0.47281353  -0.47281353  -0.47281353  -0.47281353
  8.48000000  -0.47169839  -0.47169839  -0.47169839  -0.47169839  -0.47169839
  8.50000000  -0.47058850  -0.47058850  -0.47058850  -0.47058850  -0.47058850
  8.52000000  -0.46948383  -0.46948383  -0.46948383  -0.46948383  -0.46948383
  8.54000000  -0.46838432  -0.46838432  -0.46838432  -0.46838432  -0.46838432
  8.56000000  -0.46728996  -0.46728996  -0.46728996  -0.46728996  -0.46728996
  8.58000000  -0.46620070  -0.46620070  -0.46620070  -0.46620070  -0.46620070
  8.60000000  -0.46511650  -0.46511650  -0.46511650  -0.46511650  -0.46511650
  8.62000000  -0.46403734  -0.46403734  -0.46403734  -0.46403734  -0.46403734
  8.64000000  -0.46296317  -0.46296317  -0.46296317  -0.46296317  -0.46296317
  8.66000000  -0.46189396  -0.46189396  -0.46189396  -0.46189396  -0.46189396
  8.68000000  -0.46082969  -0.46082969  -0.46082969  -0.46082969  -0.46082969
  8.70000000  -0.45977030  -0.45977030  -0.45977030  -0.45977030  -0.45977030
  8.72000000  -0.45871578  -0.45871578  -0.45871578  -0.45871578  -0.45871578
  8.74000000  -0.45766608  -0.45766608  -0.45766608  -0.45766608  -0.45766608
  8.76000000  -0.45662117  -0.45662117  -0.45662117  -0.45662117  -0.45662117
  8.78000000  -0.45558103  -0.45558103  -0.45558103  -0.45558103  -0.45558103
  8.80000000  -0.45454561  -0.45454561  -0.45454561  -0.45454561  -0.45454561
  8.82000000  -0.45351489  -0.45351489  -0.45351489  -0.45351489  -0.45351489
  8.84000000  -0.45248883  -0.45248883  -0.45248883  -0.45248883  -0.45248883
  8.86000000  -0.45146741  -0.45146741  -0.45146741  -0.45146741  -0.45146741
  8.88000000  -0.45045058  -0.45045058  -0.45045058  -0.45045058  -0.45045058
  8.90000000  -0.44943833  -0.44943833  -0.44943833  -0.44943833  -0.44943833
  8.92000000  -0.44843062  -0.44843062  -0.44843062  -0.44843062  -0.44843062
  8.94000000  -0.44742741  -0.44742741  -0.44742741  -0.44742741  -0.44742741
  8.96000000  -0.44642869  -0.44642869  -0.44642869  -0.44642869  -0.44642869
  8.98000000  -0.44543441  -0.44543441  -0.44543441  -0.44543441  -0.44543441
  9.00000000  -0.44444455  -0.44444455  -0.44444455  -0.44444455  -0.44444455
  9.02000000  -0.44345908  -0.44345908  -0.44345908  -0.44345908  -0.44345908
  9.04000000  -0.44247798  -0.44247798  -0.44247798  -0.44247798  -0.44247798
  9.06000000  -0.44150120  -0.44150120  -0.44150120  -0.44150120  -0.44150120
  9.08000000  -0.44052873  -0.44052873  -0.44052873  -0.44052873  -0.44052873
  9.10000000  -0.43956053  -0.43956053  -0.43956053  -0.43956053  -0.43956053
  9.12000000  -0.43859658  -0.43859658  -0.43859658  -0.43859658  -0.43859658
  9.14000000  -0.43763685  -0.43763685  -0.43763685  -0.43763685  -0.43763685
  9.16000000  -0.43668130  -0.43668130  -0.43668130  -0.43668130  -0.43668130
  9.18000000  -0.43572993  -0.43572993  -0.43572993  -0.43572993  -0.43572993
  9.20000000  -0.43478269  -0.43478269  -0.43478269  -0.43478269  -0.43478269
  9.22000000  -0.43383955  -0.43383955  -0.43383955  -0.43383955  -0.43383955
  9.24000000  -0.43290050  -0.43290050  -0.43290050  -0.43290050  -0.43290050
  9.26000000  -0.43196551  -0.43196551  -0.43196551  -0.43196551  -0.43196551
  9.28000000  -0.43103455  -0.43103455  -0.43103455  -0.43103455  -0.43103455
  9.30000000  -0.43010759  -0.43010759  -0.43010759  -0.43010759  -0.43010759
  9.32000000  -0.42918461  -0.42918461  -0.42918461  -0.42918461  -0.42918461
  9.34000000  -0.42826559  -0.42826559  -0.42826559  -0.42826559  -0.42826559
  9.36000000  -0.42735049  -0.42735049  -0.42735049  -0.42735049  -0.42735049
  9.38000000  -0.42643929  -0.42643929  -0.42643929  -0.42643929  -0.42643929
  9.40000000  -0.42553197  -0.42553197  -0.42553197  -0.42553197  -0.42553197
  9.42000000  -0.42462850  -0.42462850  -0.42462850  -0.42462850  -0.42462850
  9.44000000  -0.42372887  -0.42372887  -0.42372887  -0.42372887  -0.42372887
  9.46000000  -0.42283303  -0.42283303  -0.42283303  -0.42283303  -0.42283303
  9.48000000  -0.42194098  -0.42194098  -0.42194098  -0.42194098  -0.42194098
  9.50000000  -0.42105268  -0.42105268  -0.42105268  -0.42105268  -0.42105268
  9.52000000  -0.42016811  -0.42016811  -0.42016811  -0.42016811  -0.42016811
  9.54000000  -0.41928726  -0.41928726  -0.41928726  -0.41928726  -0.41928726
  9.56000000  -0.41841009  -0.41841009  -0.41841009  -0.41841009  -0.41841009
  9.58000000  -0.41753658  -0.41753658  -0.41753658  -0.41753658  -0.41753658
  9.60000000  -0.41666671  -0.41666671  -0.41666671  -0.41666671  -0.41666671
  9.62000000  -0.41580046  -0.41580046  -0.41580046  -0.41580046  -0.41580046
  9.64000000  -0.41493780  -0.41493780  -0.41493780  -0.41493780  -0.41493780
  9.66000000  -0.41407871  -0.41407871  -0.41407871  -0.41407871  -0.41407871
  9.68000000  -0.41322318  -0.41322318  -0.41322318  -0.41322318  -0.41322318
  9.70000000  -0.41237117  -0.41237117  -0.41237117  -0.41237117  -0.41237117
  9.72000000  -0.41152267  -0.41152267  -0.41152267  -0.41152267  -0.41152267
  9.74000000  -0.41067765  -0.41067765  -0.41067765  -0.41067765  -0.41067765
  9.76000000  -0.40983610  -0.40983610  -0.40983610  -0.40983610  -0.40983610
  9.78000000  -0.40899799  -0.40899799  -0.40899799  -0.40899799  -0.40899799
  9.80000000  -0.40816330  -0.40816330  -0.40816330  -0.40816330  -0.40816330
  9.82000000  -0.40733201  -0.40733201  -0.40733201  -0.40733201  -0.40733201
  9.84000000  -0.40650410  -0.40650410  -0.40650410  -0.40650410  -0.40650410
  9.86000000  -0.40567954  -0.40567954  -0.40567954  -0.40567954  -0.40567954
  9.88000000  -0.40485833  -0.40485833  -0.40485833  -0.40485833  -0.40485833
  9.90000000  -0.40404043  -0.40404043  -0.40404043  -0.40404043  -0.40404043
  9.92000000  -0.40322583  -0.40322583  -0.40322583  -0.40322583  -0.40322583
  9.94000000  -0.40241451  -0.40241451  -0.40241451  -0.40241451  -0.40241451
  9.96000000  -0.40160645  -0.40160645  -0.40160645  -0.40160645  -0.40160645
  9.98000000  -0.40080163  -0.40080163  -0.40080163  -0.40080163  -0.40080163
 10.00000000  -0.40000003  -0.40000003  -0.40000003  -0.40000003  -0.40000003
  0.00000305   0.00000020   0.00000000   0.00000000   0.00000000   0.00000000
  0.02000000   0.00128071   0.00004495   0.00000001   0.00000000   0.00000000
  0.04000000   0.00256996   0.00017989   0.00000008   0.00000000   0.00000000
  0.06000000   0.00387636   0.00040504   0.00000028   0.00000001   0.00000000
  0.08000000   0.00520852   0.00072075   0.00000066   0.00000002   0.00000000
  0.10000000   0.00657518   0.00112755   0.00000128   0.00000005   0.00000000
  0.12000000   0.00798512   0.00162608   0.00000221   0.00000010   0.00000000
  0.14000000   0.00944727   0.00221713   0.00000351   0.00000019   0.00000000
  0.16000000   0.01097069   0.00290162   0.00000525   0.00000032   0.00000000
  0.18000000   0.01256456   0.00368060   0.00000748   0.00000052   0.00000000
  0.20000000   0.01423828   0.00455523   0.00001026   0.00000079   0.00000001
  0.22000000   0.01600142   0.00552677   0.00001367   0.00000115   0.00000001
  0.24000000   0.01786376   0.00659662   0.00001776   0.00000163   0.00000002
  0.26000000   0.01983535   0.00776626   0.00002260   0.00000224   0.00000003
  0.28000000   0.02192645   0.00903725   0.00002825   0.00000301   0.00000004
  0.30000000   0.02414763   0.01041125   0.00003477   0.00000396   0.00000006
  0.32000000   0.02650972   0.01189001   0.00004224   0.00000511   0.00000009
  0.34000000   0.02902386   0.01347534   0.00005071   0.00000649   0.00000012
  0.36000000   0.03170149   0.01516911   0.00006025   0.00000813   0.00000016
  0.38000000   0.03455435   0.01697327   0.00007093   0.00001006   0.00000020
  0.40000000   0.03759446   0.01888981   0.00008280   0.00001231   0.00000026
  0.42000000   0.04083413   0.02092075   0.00009595   0.00001491   0.00000034
  0.44000000   0.04428593   0.02306818   0.00011043   0.00001789   0.00000042
  0.46000000   0.04796263   0.02533417   0.00012631   0.00002128   0.00000053
  0.48000000   0.05187719   0.02772085   0.00014366   0.00002512   0.00000065
  0.50000000   0.05604274   0.03023033   0.00016253   0.00002944   0.00000080
  0.52000000   0.06047246   0.03286472   0.00018301   0.00003427   0.00000096
  0.54000000   0.06517959   0.03562612   0.00020515   0.00003965   0.00000116
  0.56000000   0.07017735   0.03851660   0.00022903   0.00004560   0.00000139
  0.58000000   0.07547883   0.04153821   0.00025469   0.00005218   0.00000165
  0.60000000   0.08109696   0.04469294   0.00028222   0.00005940   0.00000195
  0.62000000   0.08704436   0.04798273   0.00031168   0.00006729   0.00000228
  0.64000000   0.09333331   0.05140947   0.00034312   0.00007590   0.00000266
  0.66000000   0.09997558   0.05497495   0.00037662   0.00008526   0.00000309
  0.68000000   0.10698233   0.05868089   0.00041223   0.00009538   0.00000358
  0.70000000   0.11436401   0.06252891   0.00045002   0.00010631   0.00000411
  0.72000000   0.12213021   0.06652049   0.00049005   0.00011807   0.00000471
  0.74000000   0.13028951   0.07065704   0.00053238   0.00013068   0.00000538
  0.76000000   0.13884939   0.07493980   0.00057706   0.00014417   0.00000611
  0.78000000   0.14781602   0.07936987   0.00062416   0.00015857   0.00000692
  0.80000000   0.15719420   0.08394822   0.00067373   0.00017389   0.00000781
  0.82000000   0.16698715   0.08867564   0.00072581   0.00019015   0.00000878
  0.84000000   0.17719639   0.09355274   0.00078047   0.00020737   0.00000984
  0.86000000   0.18782162   0.09857995   0.00083776   0.00022557   0.00001100
  0.88000000   0.19886058   0.10375750   0.00089771   0.00024475   0.00001226
  0.90000000   0.21030890   0.10908542   0.00096039   0.00026492   0.00001362
  0.92000000   0.22216005   0.11456350   0.00102582   0.00028610   0.00001510
  0.94000000   0.23440518   0.12019132   0.00109406   0.00030829   0.00001669
  0.96000000   0.24703306   0.12596821   0.00116514   0.00033148   0.00001840
  0.98000000   0.26003002   0.13189323   0.00123910   0.00035569   0.00002024
  1.00000000   0.27337993   0.13796518   0.00131596   0.00038091   0.00002221
  1.02000000   0.28706411   0.14418260   0.00139576   0.00040712   0.00002432
  1.04000000   0.30106141   0.15054371   0.00147853   0.00043433   0.00002658
  1.06000000   0.31534822   0.15704645   0.00156429   0.00046253   0.00002898
  1.08000000   0.32989850   0.16368844   0.00165306   0.00049170   0.00003154
  1.10000000   0.34468395   0.17046699   0.00174486   0.00052182   0.00003426
  1.12000000   0.35967404   0.17737906   0.00183970   0.00055289   0.00003714
  1.14000000   0.37483623   0.18442128   0.00193758   0.00058487   0.00004020
  1.16000000   0.39013615   0.19158995   0.00203853   0.00061776   0.00004343
  1.18000000   0.40553778   0.19888101   0.00214254   0.00065153   0.00004685
  1.20000000   0.42100371   0.20629003   0.00224960   0.00068615   0.00005045
  1.22000000   0.43649539   0.21381224   0.00235972   0.00072160   0.00005424
  1.24000000   0.45197345   0.22144250   0.00247288   0.00075785   0.00005823
  1.26000000   0.46739794   0.22917533   0.00258908   0.00079488   0.00006242
  1.28000000   0.48272867   0.23700485   0.00270830   0.00083266   0.00006682
  1.30000000   0.49792555   0.24492487   0.00283051   0.00087115   0.00007143
  1.32000000   0.51294886   0.25292883   0.00295570   0.00091034   0.00007626
  1.34000000   0.52775959   0.26100983   0.00308383   0.00095018   0.00008131
  1.36000000   0.54231976   0.26916065   0.00321489   0.00099066   0.00008659
  1.38000000   0.55659271   0.27737373   0.00334882   0.00103174   0.00009210
  1.40000000   0.57054334   0.28564123   0.00348561   0.00107340   0.00009785
  1.42000000   0.58413843   0.29395500   0.00362520   0.00111561   0.00010384
  1.44000000   0.59734680   0.30230664   0.00376755   0.00115834   0.00011008
  1.46000000   0.61013957   0.31068749   0.00391262   0.00120158   0.00011656
  1.48000000   0.62249029   0.31908867   0.00406035   0.00124529   0.00012331
  1.50000000   0.63437510   0.32750108   0.00421070   0.00128947   0.00013032
  1.52000000   0.64577278   0.33591548   0.00436361   0.00133408   0.00013760
  1.54000000   0.65666490   0.34432246   0.00451903   0.00137912   0.00014515
  1.56000000   0.66703577   0.35271249   0.00467689   0.00142457   0.00015298
  1.58000000   0.67687249   0.36107597   0.00483715   0.00147042   0.00016110
  1.60000000   0.68616488   0.36940324   0.00499973   0.00151667   0.00016951
  1.62000000   0.69490544   0.37768463   0.00516458   0.00156330   0.00017821
  1.64000000   0.70308927   0.38591049   0.00533164   0.00161032   0.00018723
  1.66000000   0.71071392   0.39407120   0.00550084   0.00165773   0.00019655
  1.68000000   0.71777930   0.40215726   0.00567213   0.00170553   0.00020620
  1.70000000   0.72428748   0.41015926   0.00584543   0.00175373   0.00021617
  1.72000000   0.73024260   0.41806799   0.00602069   0.00180233   0.00022647
  1.74000000   0.73565063   0.42587440   0.00619785   0.00185137   0.00023712
  1.76000000   0.74051924   0.43356969   0.00637686   0.00190084   0.00024812
  1.78000000   0.74485758   0.44114532   0.00655764   0.00195077   0.00025948
  1.80000000   0.74867617   0.44859303   0.00674016   0.00200118   0.00027121
  1.82000000   0.75198663   0.45590491   0.00692435   0.00205210   0.00028331
  1.84000000   0.75480162   0.46307339   0.00711017   0.00210356   0.00029581
  1.86000000   0.75713458   0.47009129   0.00729757   0.00215559   0.00030871
  1.88000000   0.75899962   0.47695182   0.00748651   0.00220821   0.00032201
  1.90000000   0.76041142   0.48364864   0.00767694   0.00226148   0.00033574
  1.92000000   0.76138500   0.49017584   0.00786884   0.00231541   0.00034990
  1.94000000   0.76193570   0.49652799   0.00806217   0.00237006   0.00036451
  1.96000000   0.76207900   0.50270012   0.00825690   0.00242546   0.00037957
  1.98000000   0.76183047   0.50868777   0.00845302   0.00248166   0.00039510
  2.00000000   0.76120564   0.51448695   0.00865050   0.00253870   0.00041112
  2.02000000   0.76021999   0.52009419   0.00884933   0.00259662   0.00042763
  2.04000000   0.75888882   0.52550653   0.00904950   0.00265546   0.00044465
  2.06000000   0.75722723   0.53072148   0.00925102   0.00271528   0.00046220
  2.08000000   0.75525006   0.53573708   0.00945388   0.00277612   0.00048029
  2.10000000   0.75297189   0.54055184   0.00965810   0.00283802   0.00049893
  2.12000000   0.75040695   0.54516476   0.00986369   0.00290103   0.00051813
  2.14000000   0.74756914   0.54957529   0.01007066   0.00296519   0.00053793
  2.16000000   0.74447200   0.55378335   0.01027904   0.00303055   0.00055832
  2.18000000   0.74112870   0.55778928   0.01048886   0.00309715   0.00057933
  2.20000000   0.73755202   0.56159385   0.01070016   0.00316504   0.00060097
  2.22000000   0.73375436   0.56519821   0.01091297   0.00323425   0.00062326
  2.24000000   0.72974773   0.56860388   0.01112734   0.00330482   0.00064621
  2.26000000   0.72554375   0.57181276   0.01134332   0.00337680   0.00066984
  2.28000000   0.72115363   0.57482702   0.01156096   0.00345022   0.00069418
  2.30000000   0.71658825   0.57764918   0.01178032   0.00352513   0.00071923
  2.32000000   0.71185806   0.58028200   0.01200145   0.00360155   0.00074501
  2.34000000   0.70697316   0.58272849   0.01222442   0.00367951   0.00077155
  2.36000000   0.70194329   0.58499188   0.01244929   0.00375907   0.00079886
  2.38000000   0.69677783   0.58707562   0.01267615   0.00384023   0.00082695
  2.40000000   0.69148581   0.58898329   0.01290504   0.00392305   0.00085585
  2.42000000   0.68607593   0.59071863   0.01313606   0.00400753   0.00088558
  2.44000000   0.68055653   0.59228551   0.01336927   0.00409372   0.00091615
  2.46000000   0.67493567   0.59368789   0.01360475   0.00418164   0.00094758
  2.48000000   0.66922106   0.59492980   0.01384257   0.00427132   0.00097989
  2.50000000   0.66342014   0.59601533   0.01408281   0.00436278   0.00101311
  2.52000000   0.65754002   0.59694860   0.01432554   0.00445605   0.00104724
  2.54000000   0.65158755   0.59773376   0.01457083   0.00455115   0.00108232
  2.56000000   0.64556930   0.59837495   0.01481877   0.00464810   0.00111836
  2.58000000   0.63949155   0.59887631   0.01506942   0.00474694   0.00115538
  2.60000000   0.63336035   0.59924194   0.01532285   0.00484767   0.00119340
  2.62000000   0.62718147   0.59947590   0.01557913   0.00495033   0.00123245
  2.64000000   0.62096045   0.59958222   0.01583832   0.00505493   0.00127254
  2.66000000   0.61470259   0.59956485   0.01610049   0.00516151   0.00131369
  2.68000000   0.60841298   0.59942768   0.01636569   0.00527008   0.00135594
  2.70000000   0.60209645   0.59917454   0.01663397   0.00538066   0.00139929
  2.72000000   0.59575766   0.59880917   0.01690539   0.00549328   0.00144378
  2.74000000   0.58940103   0.59833523   0.01718000   0.00560796   0.00148942
  2.76000000   0.58303079   0.59775629   0.01745784   0.00572472   0.00153624
  2.78000000   0.57665100   0.59707585   0.01773894   0.00584359   0.00158426
  2.80000000   0.57026550   0.59629730   0.01802335   0.00596460   0.00163351
  2.82000000   0.56387798   0.59542394   0.01831109   0.00608776   0.00168400
  2.84000000   0.55749194   0.59445900   0.01860220   0.00621310   0.00173577
  2.86000000   0.55111071   0.59340561   0.01889668   0.00634065   0.00178884
  2.88000000   0.54473747   0.59226681   0.01919457   0.00647044   0.00184323
  2.90000000   0.53837526   0.59104554   0.01949587   0.00660248   0.00189897
  2.92000000   0.53202693   0.58974468   0.01980059   0.00673681   0.00195609
  2.94000000   0.52569521   0.58836701   0.02010875   0.00687346   0.00201461
  2.96000000   0.51938271   0.58691523   0.02042034   0.00701245   0.00207456
  2.98000000   0.51309188   0.58539196   0.02073537   0.00715382   0.00213597
  3.00000000   0.50682504   0.58379975   0.02105383   0.00729758   0.00219885
  3.02000000   0.50058440   0.58214108   0.02137572   0.00744378   0.00226326
  3.04000000   0.49437205   0.58041833   0.02170102   0.00759244   0.00232920
  3.06000000   0.48818996   0.57863383   0.02202973   0.00774359   0.00239671
  3.08000000   0.48203999   0.57678986   0.02236183   0.00789727   0.00246582
  3.10000000   0.47592389   0.57488860   0.02269730   0.00805350   0.00253656
  3.12000000   0.46984333   0.57293219   0.02303614   0.00821232   0.00260895
  3.14000000   0.46379985   0.57092269   0.02337832   0.00837376   0.00268304
  3.16000000   0.45779492   0.56886214   0.02372383   0.00853786   0.00275884
  3.18000000   0.45182991   0.56675247   0.02407265   0.00870464   0.00283640
  3.20000000   0.44590611   0.56459560   0.02442475   0.00887415   0.00291575
  3.22000000   0.44002472   0.56239338   0.02478012   0.00904641   0.00299690
  3.24000000   0.43418685   0.56014761   0.02513875   0.00922147   0.00307991
  3.26000000   0.42839356   0.55786003   0.02550061   0.00939936   0.00316481
  3.28000000   0.42264581   0.55553234   0.02586569   0.00958010   0.00325161
  3.30000000   0.41694450   0.55316621   0.02623396   0.00976375   0.00334038
  3.32000000   0.41129047   0.55076325   0.02660543   0.00995034   0.00343112
  3.34000000   0.40568449   0.54832502   0.02698007   0.01013991   0.00352389
  3.36000000   0.40012726   0.54585304   0.02735787   0.01033248   0.00361872
  3.38000000   0.39461943   0.54334880   0.02773883   0.01052811   0.00371564
  3.40000000   0.38916158   0.54081375   0.02812294   0.01072682   0.00381469
  3.42000000   0.38375425   0.53824929   0.02851018   0.01092867   0.00391591
  3.44000000   0.37839791   0.53565678   0.02890057   0.01113368   0.00401934
  3.46000000   0.37309301   0.53303756   0.02929410   0.01134190   0.00412501
  3.48000000   0.36783993   0.53039292   0.02969078   0.01155337   0.00423297
  3.50000000   0.36263900   0.52772412   0.03009060   0.01176814   0.00434325
  3.52000000   0.35749051   0.52503238   0.03049357   0.01198623   0.00445589
  3.54000000   0.35239472   0.52231890   0.03089971   0.01220769   0.00457094
  3.56000000   0.34735183   0.51958483   0.03130903   0.01243258   0.00468844
  3.58000000   0.34236203   0.51683131   0.03172154   0.01266092   0.00480842
  3.60000000   0.33742545   0.51405943   0.03213726   0.01289276   0.00493094
  3.62000000   0.33254219   0.51127026   0.03255622   0.01312815   0.00505602
  3.64000000   0.32771232   0.50846484   0.03297842   0.01336712   0.00518373
  3.66000000   0.32293588   0.50564417   0.03340390   0.01360974   0.00531410
  3.68000000   0.31821287   0.50280925   0.03383268   0.01385603   0.00544717
  3.70000000   0.31354327   0.49996101   0.03426480   0.01410605   0.00558300
  3.72000000   0.30892703   0.49710041   0.03470029   0.01435984   0.00572162
  3.74000000   0.30436409   0.49422833   0.03513917   0.01461745   0.00586309
  3.76000000   0.29985433   0.49134565   0.03558148   0.01487893   0.00600745
  3.78000000   0.29539764   0.48845323   0.03602727   0.01514432   0.00615475
  3.80000000   0.29099386   0.48555189   0.03647657   0.01541368   0.00630504
  3.82000000   0.28664284   0.48264245   0.03692942   0.01568704   0.00645837
  3.84000000   0.28234439   0.47972568   0.03738587   0.01596447   0.00661479
  3.86000000   0.27809830   0.47680235   0.03784595   0.01624602   0.00677434
  3.88000000   0.27390434   0.47387320   0.03830972   0.01653172   0.00693709
  3.90000000   0.26976229   0.47093894   0.03877722   0.01682164   0.00710308
  3.92000000   0.26567187   0.46800027   0.03924850   0.01711583   0.00727237
  3.94000000   0.26163282   0.46505787   0.03972361   0.01741434   0.00744501
  3.96000000   0.25764486   0.46211240   0.04020261   0.01771721   0.00762105
  3.98000000   0.25370768   0.45916449   0.04068553   0.01802452   0.00780055
  4.00000000   0.24982097   0.45621478   0.04117245   0.01833630   0.00798356
  4.02000000   0.24598441   0.45326385   0.04166340   0.01865262   0.00817015
  4.04000000   0.24219767   0.45031230   0.04215845   0.01897353   0.00836036
  4.06000000   0.23846039   0.44736069   0.04265765   0.01929909   0.00855427
  4.08000000   0.23477222   0.44440957   0.04316106   0.01962936   0.00875191
  4.10000000   0.23113280   0.44145948   0.04366873   0.01996438   0.00895337
  4.12000000   0.22754176   0.43851094   0.04418073   0.02030423   0.00915869
  4.14000000   0.22399871   0.43556444   0.04469711   0.02064896   0.00936794
  4.16000000   0.22050327   0.43262047   0.04521794   0.02099862   0.00958117
  4.18000000   0.21705504   0.42967952   0.04574327   0.02135329   0.00979846
  4.20000000   0.21365362   0.42674203   0.04627317   0.02171301   0.01001987
  4.22000000   0.21029861   0.42380845   0.04680770   0.02207786   0.01024546
  4.24000000   0.20698959   0.42087920   0.04734691   0.02244789   0.01047530
  4.26000000   0.20372615   0.41795472   0.04789088   0.02282318   0.01070945
  4.28000000   0.20050787   0.41503539   0.04843967   0.02320377   0.01094798
  4.30000000   0.19733431   0.41212162   0.04899334   0.02358974   0.01119096
  4.32000000   0.19420506   0.40921377   0.04955196   0.02398116   0.01143846
  4.34000000   0.19111969   0.40631222   0.05011559   0.02437808   0.01169055
  4.36000000   0.18807775   0.40341732   0.05068430   0.02478058   0.01194730
  4.38000000   0.18507881   0.40052941   0.05125815   0.02518872   0.01220878
  4.40000000   0.18212244   0.39764883   0.05183722   0.02560258   0.01247507
  4.42000000   0.17920819   0.39477589   0.05242158   0.02602222   0.01274624
  4.44000000   0.17633562   0.39191091   0.05301128   0.02644771   0.01302236
  4.46000000   0.17350429   0.38905418   0.05360640   0.02687912   0.01330351
  4.48000000   0.17071376   0.38620599   0.05420701   0.02731653   0.01358977
  4.50000000   0.16796359   0.38336663   0.05481319   0.02776001   0.01388121
  4.52000000   0.16525332   0.38053636   0.05542499   0.02820963   0.01417792
  4.54000000   0.16258251   0.37771545   0.05604250   0.02866547   0.01447998
  4.56000000   0.15995073   0.37490414   0.05666578   0.02912760   0.01478746
  4.58000000   0.15735752   0.37210267   0.05729491   0.02959610   0.01510045
  4.60000000   0.15480245   0.36931129   0.05792997   0.03007104   0.01541903
  4.62000000   0.15228507   0.36653022   0.05857102   0.03055251   0.01574329
  4.64000000   0.14980495   0.36375966   0.05921815   0.03104058   0.01607331
  4.66000000   0.14736163   0.36099983   0.05987142   0.03153533   0.01640918
  4.68000000   0.14495469   0.35825094   0.06053091   0.03203684   0.01675099
  4.70000000   0.14258368   0.35551317   0.06119671   0.03254521   0.01709883
  4.72000000   0.14024818   0.35278671   0.06186889   0.03306050   0.01745278
  4.74000000   0.13794774   0.35007174   0.06254753   0.03358280   0.01781295
  4.76000000   0.13568194   0.34736842   0.06323270   0.03411220   0.01817941
  4.78000000   0.13345035   0.34467693   0.06392449   0.03464878   0.01855227
  4.80000000   0.13125254   0.34199741   0.06462298   0.03519264   0.01893162
  4.82000000   0.12908809   0.33933003   0.06532825   0.03574385   0.01931756
  4.84000000   0.12695657   0.33667492   0.06604038   0.03630251   0.01971018
  4.86000000   0.12485756   0.33403222   0.06675946   0.03686871   0.02010959
  4.88000000   0.12279065   0.33140206   0.06748556   0.03744253   0.02051589
  4.90000000   0.12075543   0.32878457   0.06821878   0.03802408   0.02092917
  4.92000000   0.11875147   0.32617988   0.06895920   0.03861344   0.02134954
  4.94000000   0.11677839   0.32358808   0.06970691   0.03921070   0.02177711
  4.96000000   0.11483575   0.32100930   0.07046199   0.03981598   0.02221197
  4.98000000   0.11292318   0.31844363   0.07122453   0.04042935   0.02265425
  5.00000000   0.11104026   0.31589118   0.07199462   0.04105092   0.02310404
  5.02000000   0.10918660   0.31335203   0.07277236   0.04168079   0.02356146
  5.04000000   0.10736181   0.31082628   0.07355782   0.04231905   0.02402662
  5.06000000   0.10556550   0.30831400   0.07435111   0.04296582   0.02449964
  5.08000000   0.10379729   0.30581528   0.07515231   0.04362119   0.02498061
  5.10000000   0.10205678   0.30333019   0.07596152   0.04428526   0.02546968
  5.12000000   0.10034360   0.30085880   0.07677883   0.04495814   0.02596694
  5.14000000   0.09865738   0.29840118   0.07760435   0.04563994   0.02647252
  5.16000000   0.09699774   0.29595738   0.07843816   0.04633077   0.02698654
  5.18000000   0.09536431   0.29352745   0.07928036   0.04703072   0.02750913
  5.20000000   0.09375673   0.29111147   0.08013105   0.04773993   0.02804041
  5.22000000   0.09217464   0.28870946   0.08099033   0.04845848   0.02858050
  5.24000000   0.09061767   0.28632149   0.08185831   0.04918651   0.02912952
  5.26000000   0.08908549   0.28394758   0.08273507   0.04992412   0.02968762
  5.28000000   0.08757772   0.28158777   0.08362073   0.05067142   0.03025492
  5.30000000   0.08609403   0.27924211   0.08451539   0.05142854   0.03083156
  5.32000000   0.08463407   0.27691061   0.08541915   0.05219560   0.03141766
  5.34000000   0.08319751   0.27459331   0.08633212   0.05297270   0.03201336
  5.36000000   0.08178400   0.27229024   0.08725441   0.05375998   0.03261880
  5.38000000   0.08039321   0.27000140   0.08818612   0.05455756   0.03323413
  5.40000000   0.07902482   0.26772682   0.08912736   0.05536556   0.03385948
  5.42000000   0.07767850   0.26546652   0.09007824   0.05618411   0.03449499
  5.44000000   0.07635392   0.26322050   0.09103888   0.05701333   0.03514082
  5.46000000   0.07505078   0.26098877   0.09200938   0.05785335   0.03579710
  5.48000000   0.07376875   0.25877135   0.09298986   0.05870430   0.03646399
  5.50000000   0.07250753   0.25656823   0.09398044   0.05956632   0.03714164
  5.52000000   0.07126680   0.25437941   0.09498123   0.06043954   0.03783020
  5.54000000   0.07004627   0.25220489   0.09599234   0.06132409   0.03852982
  5.56000000   0.06884563   0.25004467   0.09701390   0.06222010   0.03924067
  5.58000000   0.06766459   0.24789875   0.09804603   0.06312773   0.03996290
  5.60000000   0.06650286   0.24576710   0.09908884   0.06404710   0.04069668
  5.62000000   0.06536014   0.24364973   0.10014247   0.06497836   0.04144216
  5.64000000   0.06423616   0.24154661   0.10120702   0.06592165   0.04219951
  5.66000000   0.06313062   0.23945774   0.10228264   0.06687712   0.04296891
  5.68000000   0.06204326   0.23738309   0.10336944   0.06784491   0.04375051
  5.70000000   0.06097379   0.23532264   0.10446755   0.06882518   0.04454450
  5.72000000   0.05992194   0.23327638   0.10557710   0.06981806   0.04535104
  5.74000000   0.05888745   0.23124428   0.10669823   0.07082372   0.04617032
  5.76000000   0.05787005   0.22922631   0.10783106   0.07184231   0.04700250
  5.78000000   0.05686948   0.22722245   0.10897572   0.07287398   0.04784778
  5.80000000   0.05588548   0.22523266   0.11013236   0.07391889   0.04870634
  5.82000000   0.05491780   0.22325693   0.11130110   0.07497720   0.04957836
  5.84000000   0.05396619   0.22129521   0.11248209   0.07604907   0.05046403
  5.86000000   0.05303039   0.21934747   0.11367546   0.07713466   0.05136354
  5.88000000   0.05211017   0.21741368   0.11488136   0.07823415   0.05227709
  5.90000000   0.05120528   0.21549380   0.11609992   0.07934769   0.05320487
  5.92000000   0.05031549   0.21358779   0.11733129   0.08047545   0.05414708
  5.94000000   0.04944056   0.21169561   0.11857562   0.08161762   0.05510392
  5.96000000   0.04858025   0.20981722   0.11983305   0.08277435   0.05607560
  5.98000000   0.04773434   0.20795258   0.12110373   0.08394583   0.05706231
  6.00000000   0.04690261   0.20610165   0.12238781   0.08513223   0.05806428
  6.02000000   0.04608482   0.20426437   0.12368544   0.08633374   0.05908171
  6.04000000   0.04528077   0.20244071   0.12499677   0.08755052   0.06011481
  6.06000000   0.04449024   0.20063062   0.12632197   0.08878278   0.06116381
  6.08000000   0.04371301   0.19883405   0.12766118   0.09003068   0.06222892
  6.10000000   0.04294887   0.19705095   0.12901457   0.09129443   0.06331036
  6.12000000   0.04219761   0.19528127   0.13038229   0.09257421   0.06440837
  6.14000000   0.04145904   0.19352496   0.13176450   0.09387022   0.06552317
  6.16000000   0.04073294   0.19178196   0.13316138   0.09518264   0.06665500
  6.18000000   0.04001912   0.19005223   0.13457308   0.09651169   0.06780408
  6.20000000   0.03931739   0.18833571   0.13599977   0.09785754   0.06897066
  6.22000000   0.03862755   0.18663235   0.13744162   0.09922042   0.07015497
  6.24000000   0.03794940   0.18494208   0.13889881   0.10060052   0.07135726
  6.26000000   0.03728278   0.18326486   0.14037149   0.10199805   0.07257778
  6.28000000   0.03662748   0.18160062   0.14185986   0.10341322   0.07381678
  6.30000000   0.03598332   0.17994931   0.14336408   0.10484624   0.07507451
  6.32000000   0.03535013   0.17831088   0.14488434   0.10629732   0.07635123
  6.34000000   0.03472773   0.17668525   0.14642080   0.10776669   0.07764720
  6.36000000   0.03411595   0.17507237   0.14797366   0.10925456   0.07896268
  6.38000000   0.03351461   0.17347219   0.14954311   0.11076115   0.08029794
  6.40000000   0.03292354   0.17188463   0.15112931   0.11228669   0.08165325
  6.42000000   0.03234258   0.17030964   0.15273248   0.11383141   0.08302889
  6.44000000   0.03177156   0.16874716   0.15435278   0.11539553   0.08442512
  6.46000000   0.03121032   0.16719712   0.15599042   0.11697930   0.08584224
  6.48000000   0.03065871   0.16565946   0.15764560   0.11858293   0.08728052
  6.50000000   0.03011656   0.16413412   0.15931850   0.12020668   0.08874026
  6.52000000   0.02958371   0.16262103   0.16100933   0.12185079   0.09022175
  6.54000000   0.02906003   0.16112013   0.16271829   0.12351549   0.09172528
  6.56000000   0.02854535   0.15963135   0.16444557   0.12520104   0.09325115
  6.58000000   0.02803953   0.15815463   0.16619140   0.12690768   0.09479967
  6.60000000   0.02754242   0.15668991   0.16795596   0.12863567   0.09637115
  6.62000000   0.02705388   0.15523711   0.16973949   0.13038527   0.09796589
  6.64000000   0.02657377   0.15379617   0.17154217   0.13215672   0.09958420
  6.66000000   0.02610196   0.15236702   0.17336424   0.13395031   0.10122642
  6.68000000   0.02563829   0.15094961   0.17520591   0.13576628   0.10289287
  6.70000000   0.02518264   0.14954385   0.17706739   0.13760491   0.10458386
  6.72000000   0.02473487   0.14814969   0.17894891   0.13946647   0.10629973
  6.74000000   0.02429486   0.14676705   0.18085070   0.14135124   0.10804083
  6.76000000   0.02386248   0.14539587   0.18277297   0.14325949   0.10980748
  6.78000000   0.02343759   0.14403609   0.18471597   0.14519150   0.11160004
  6.80000000   0.02302008   0.14268762   0.18667991   0.14714756   0.11341885
  6.82000000   0.02260981   0.14135042   0.18866504   0.14912796   0.11526427
  6.84000000   0.02220668   0.14002439   0.19067159   0.15113298   0.11713666
  6.86000000   0.02181056   0.13870949   0.19269980   0.15316293   0.11903637
  6.88000000   0.02142133   0.13740564   0.19474992   0.15521810   0.12096377
  6.90000000   0.02103888   0.13611276   0.19682218   0.15729878   0.12291925
  6.92000000   0.02066309   0.13483081   0.19891683   0.15940530   0.12490317
  6.94000000   0.02029386   0.13355969   0.20103414   0.16153795   0.12691591
  6.96000000   0.01993107   0.13229935   0.20317434   0.16369705   0.12895787
  6.98000000   0.01957461   0.13104972   0.20533769   0.16588292   0.13102943
  7.00000000   0.01922438   0.12981072   0.20752445   0.16809587   0.13313100
  7.02000000   0.01888027   0.12858230   0.20973489   0.17033623   0.13526296
  7.04000000   0.01854219   0.12736437   0.21196927   0.17260432   0.13742573
  7.06000000   0.01821002   0.12615688   0.21422785   0.17490049   0.13961973
  7.08000000   0.01788367   0.12495975   0.21651090   0.17722506   0.14184536
  7.10000000   0.01756303   0.12377291   0.21881871   0.17957837   0.14410305
  7.12000000   0.01724802   0.12259630   0.22115153   0.18196076   0.14639323
  7.14000000   0.01693854   0.12142985   0.22350966   0.18437259   0.14871633
  7.16000000   0.01663449   0.12027349   0.22589337   0.18681421   0.15107279
  7.18000000   0.01633579   0.11912714   0.22830296   0.18928596   0.15346306
  7.20000000   0.01604233   0.11799075   0.23073870   0.19178821   0.15588758
  7.22000000   0.01575404   0.11686424   0.23320089   0.19432133   0.15834680
  7.24000000   0.01547082   0.11574755   0.23568983   0.19688568   0.16084120
  7.26000000   0.01519258   0.11464060   0.23820581   0.19948164   0.16337124
  7.28000000   0.01491925   0.11354333   0.24074913   0.20210958   0.16593739
  7.30000000   0.01465073   0.11245568   0.24332010   0.20476988   0.16854013
  7.32000000   0.01438696   0.11137757   0.24591903   0.20746293   0.17117994
  7.34000000   0.01412783   0.11030894   0.24854622   0.21018912   0.17385733
  7.36000000   0.01387328   0.10924971   0.25120200   0.21294885   0.17657278
  7.38000000   0.01362323   0.10819983   0.25388668   0.21574251   0.17932679
  7.40000000   0.01337760   0.10715922   0.25660058   0.21857051   0.18211989
  7.42000000   0.01313631   0.10612782   0.25934403   0.22143326   0.18495258
  7.44000000   0.01289930   0.10510557   0.26211736   0.22433117   0.18782539
  7.46000000   0.01266647   0.10409239   0.26492089   0.22726466   0.19073885
  7.48000000   0.01243777   0.10308821   0.26775498   0.23023416   0.19369350
  7.50000000   0.01221313   0.10209299   0.27061994   0.23324009   0.19668988
  7.52000000   0.01199247   0.10110663   0.27351614   0.23628289   0.19972853
  7.54000000   0.01177572   0.10012909   0.27644391   0.23936299   0.20281003
  7.56000000   0.01156282   0.09916030   0.27940361   0.24248084   0.20593492
  7.58000000   0.01135370   0.09820019   0.28239559   0.24563689   0.20910379
  7.60000000   0.01114829   0.09724869   0.28542021   0.24883160   0.21231720
  7.62000000   0.01094654   0.09630574   0.28847784   0.25206542   0.21557575
  7.64000000   0.01074837   0.09537128   0.29156884   0.25533881   0.21888004
  7.66000000   0.01055373   0.09444525   0.29469358   0.25865226   0.22223065
  7.68000000   0.01036255   0.09352757   0.29785244   0.26200623   0.22562820
  7.70000000   0.01017478   0.09261819   0.30104580   0.26540120   0.22907330
  7.72000000   0.00999035   0.09171704   0.30427404   0.26883767   0.23256659
  7.74000000   0.00980921   0.09082406   0.30753754   0.27231613   0.23610868
  7.76000000   0.00963130   0.08993918   0.31083671   0.27583707   0.23970022
  7.78000000   0.00945656   0.08906235   0.31417193   0.27940100   0.24334186
  7.80000000   0.00928494   0.08819349   0.31754360   0.28300844   0.24703425
  7.82000000   0.00911639   0.08733256   0.32095214   0.28665989   0.25077805
  7.84000000   0.00895084   0.08647948   0.32439795   0.29035587   0.25457394
  7.86000000   0.00878826   0.08563419   0.32788145   0.29409693   0.25842260
  7.88000000   0.00862858   0.08479664   0.33140304   0.29788359   0.26232471
  7.90000000   0.00847176   0.08396677   0.33496317   0.30171639   0.26628098
  7.92000000   0.00831775   0.08314450   0.33856224   0.30559588   0.27029211
  7.94000000   0.00816649   0.08232979   0.34220071   0.30952261   0.27435881
  7.96000000   0.00801794   0.08152257   0.34587899   0.31349715   0.27848182
  7.98000000   0.00787205   0.08072278   0.34959755   0.31752006   0.28266185
  8.00000000   0.00772878   0.07993036   0.35335681   0.32159192   0.28689966
  8.02000000   0.00758807   0.07914525   0.35715724   0.32571330   0.29119600
  8.04000000   0.00744989   0.07836740   0.36099930   0.32988478   0.29555163
  8.06000000   0.00731419   0.07759675   0.36488343   0.33410698   0.29996731
  8.08000000   0.00718092   0.07683323   0.36881012   0.33838047   0.30444383
  8.10000000   0.00705005   0.07607680   0.37277982   0.34270588   0.30898198
  8.12000000   0.00692153   0.07532738   0.37679303   0.34708382   0.31358256
  8.14000000   0.00679532   0.07458493   0.38085022   0.35151490   0.31824638
  8.16000000   0.00667138   0.07384939   0.38495187   0.35599976   0.32297425
  8.18000000   0.00654967   0.07312069   0.38909849   0.36053903   0.32776701
  8.20000000   0.00643015   0.07239880   0.39329057   0.36513336   0.33262549
  8.22000000   0.00631278   0.07168364   0.39752862   0.36978340   0.33755056
  8.24000000   0.00619752   0.07097516   0.40181314   0.37448980   0.34254306
  8.26000000   0.00608434   0.07027332   0.40614465   0.37925323   0.34760387
  8.28000000   0.00597320   0.06957804   0.41052367   0.38407437   0.35273388
  8.30000000   0.00586406   0.06888928   0.41495072   0.38895390   0.35793398
  8.32000000   0.00575689   0.06820699   0.41942635   0.39389250   0.36320506
  8.34000000   0.00565165   0.06753110   0.42395109   0.39889088   0.36854806
  8.36000000   0.00554831   0.06686157   0.42852547   0.40394974   0.37396389
  8.38000000   0.00544684   0.06619835   0.43315006   0.40906979   0.37945350
  8.40000000   0.00534720   0.06554137   0.43782541   0.41425177   0.38501783
  8.42000000   0.00524936   0.06489059   0.44255208   0.41949639   0.39065786
  8.44000000   0.00515329   0.06424595   0.44733064   0.42480439   0.39637454
  8.46000000   0.00505895   0.06360740   0.45216166   0.43017653   0.40216887
  8.48000000   0.00496632   0.06297490   0.45704572   0.43561356   0.40804185
  8.50000000   0.00487537   0.06234838   0.46198342   0.44111625   0.41399449
  8.52000000   0.00478606   0.06172780   0.46697534   0.44668537   0.42002781
  8.54000000   0.00469837   0.06111310   0.47202209   0.45232170   0.42614285
  8.56000000   0.00461226   0.06050425   0.47712428   0.45802604   0.43234065
  8.58000000   0.00452772   0.05990118   0.48228251   0.46379918   0.43862229
  8.60000000   0.00444470   0.05930384   0.48749741   0.46964193   0.44498883
  8.62000000   0.00436320   0.05871219   0.49276960   0.47555513   0.45144136
  8.64000000   0.00428316   0.05812618   0.49809972   0.48153959   0.45798098
  8.66000000   0.00420458   0.05754576   0.50348841   0.48759615   0.46460881
  8.68000000   0.00412743   0.05697088   0.50893631   0.49372566   0.47132599
  8.70000000   0.00405167   0.05640149   0.51444410   0.49992899   0.47813364
  8.72000000   0.00397729   0.05583755   0.52001241   0.50620700   0.48503293
  8.74000000   0.00390427   0.05527900   0.52564193   0.51256056   0.49202503
  8.76000000   0.00383256   0.05472580   0.53133333   0.51899057   0.49911113
  8.78000000   0.00376216   0.05417791   0.53708730   0.52549792   0.50629242
  8.80000000   0.00369304   0.05363527   0.54290453   0.53208353   0.51357012
  8.82000000   0.00362518   0.05309785   0.54878571   0.53874831   0.52094547
  8.84000000   0.00355854   0.05256558   0.55473156   0.54549320   0.52841970
  8.86000000   0.00349313   0.05203844   0.56074279   0.55231913   0.53599407
  8.88000000   0.00342890   0.05151637   0.56682012   0.55922705   0.54366987
  8.90000000   0.00336584   0.05099933   0.57296429   0.56621794   0.55144839
  8.92000000   0.00330392   0.05048727   0.57917603   0.57329276   0.55933092
  8.94000000   0.00324314   0.04998016   0.58545609   0.58045249   0.56731880
  8.96000000   0.00318346   0.04947794   0.59180522   0.58769814   0.57541337
  8.98000000   0.00312487   0.04898057   0.59822419   0.59503072   0.58361598
  9.00000000   0.00306735   0.04848801   0.60471377   0.60245123   0.59192800
  9.02000000   0.00301087   0.04800022   0.61127473   0.60996072   0.60035083
  9.04000000   0.00295543   0.04751715   0.61790788   0.61756022   0.60888587
  9.06000000   0.00290099   0.04703877   0.62461400   0.62525079   0.61753454
  9.08000000   0.00284755   0.04656502   0.63139390   0.63303351   0.62629829
  9.10000000   0.00279509   0.04609587   0.63824840   0.64090944   0.63517857
  9.12000000   0.00274358   0.04563128   0.64517832   0.64887968   0.64417687
  9.14000000   0.00269301   0.04517120   0.65218449   0.65694534   0.65329467
  9.16000000   0.00264337   0.04471560   0.65926776   0.66510752   0.66253349
  9.18000000   0.00259463   0.04426443   0.66642898   0.67336737   0.67189487
  9.20000000   0.00254678   0.04381765   0.67366900   0.68172603   0.68138035
  9.22000000   0.00249981   0.04337523   0.68098870   0.69018464   0.69099150
  9.24000000   0.00245369   0.04293713   0.68838896   0.69874439   0.70072991
  9.26000000   0.00240842   0.04250330   0.69587066   0.70740645   0.71059719
  9.28000000   0.00236398   0.04207370   0.70343471   0.71617202   0.72059497
  9.30000000   0.00232035   0.04164831   0.71108201   0.72504231   0.73072489
  9.32000000   0.00227752   0.04122707   0.71881348   0.73401854   0.74098862
  9.34000000   0.00223547   0.04080996   0.72663006   0.74310196   0.75138784
  9.36000000   0.00219419   0.04039692   0.73453268   0.75229381   0.76192428
  9.38000000   0.00215366   0.03998794   0.74252228   0.76159537   0.77259965
  9.40000000   0.00211388   0.03958296   0.75059983   0.77100790   0.78341571
  9.42000000   0.00207483   0.03918196   0.75876631   0.78053272   0.79437423
  9.44000000   0.00203649   0.03878489   0.76702268   0.79017113   0.80547700
  9.46000000   0.00199886   0.03839172   0.77536995   0.79992445   0.81672584
  9.48000000   0.00196192   0.03800242   0.78380910   0.80979403   0.82812258
  9.50000000   0.00192565   0.03761694   0.79234117   0.81978122   0.83966908
  9.52000000   0.00189005   0.03723526   0.80096717   0.82988740   0.85136723
  9.54000000   0.00185510   0.03685733   0.80968813   0.84011395   0.86321892
  9.56000000   0.00182079   0.03648313   0.81850511   0.85046227   0.87522610
  9.58000000   0.00178711   0.03611261   0.82741917   0.86093380   0.88739070
  9.60000000   0.00175405   0.03574575   0.83643136   0.87152995   0.89971470
  9.62000000   0.00172160   0.03538251   0.84554278   0.88225219   0.91220011
  9.64000000   0.00168974   0.03502285   0.85475452   0.89310199   0.92484895
  9.66000000   0.00165847   0.03466675   0.86406768   0.90408082   0.93766325
  9.68000000   0.00162777   0.03431417   0.87348338   0.91519019   0.95064511
  9.70000000   0.00159763   0.03396507   0.88300275   0.92643163   0.96379661
  9.72000000   0.00156805   0.03361943   0.89262694   0.93780666   0.97711987
  9.74000000   0.00153901   0.03327721   0.90235709   0.94931686   0.99061705
  9.76000000   0.00151051   0.03293837   0.91219438   0.96096377   1.00429033
  9.78000000   0.00148253   0.03260290   0.92213998   0.97274901   1.01814189
  9.80000000   0.00145507   0.03227075   0.93219509   0.98467417   1.03217397
  9.82000000   0.00142811   0.03194190   0.94236092   0.99674088   1.04638883
  9.84000000   0.00140164   0.03161631   0.95263868   1.00895080   1.06078874
  9.86000000   0.00137567   0.03129396   0.96302960   1.02130558   1.07537602
  9.88000000   0.00135017   0.03097481   0.97353493   1.03380690   1.09015300
  9.90000000   0.00132514   0.03065883   0.98415594   1.04645648   1.10512206
  9.92000000   0.00130057   0.03034599   0.99489389   1.05925603   1.12028557
  9.94000000   0.00127646   0.03003627   1.00575007   1.07220729   1.13564597
  9.96000000   0.00125278   0.02972963   1.01672579   1.08531203   1.15120571
  9.98000000   0.00122955   0.02942604   1.02782235   1.09857203   1.16696727
 10.00000000   0.00120674   0.02912548   1.03904109   1.11198909   1.18293316
