Si
   4.     28.00     2     1
  1.500000  1.500000  1.500000
   501    .020
    .0004464  -1.8276041  -2.4296887  -3.1313914
    .0200000  -1.8264571  -2.4297813  -3.1325894
    .0400000  -1.8248448  -2.4303309  -3.1350984
    .0600000  -1.8233555  -2.4315061  -3.1387345
    .0800000  -1.8222078  -2.4333725  -3.1434365
    .1000000  -1.8215096  -2.4359505  -3.1491518
    .1200000  -1.8213108  -2.4392330  -3.1558251
    .1400000  -1.8216270  -2.4431958  -3.1633974
    .1600000  -1.8224547  -2.4478053  -3.1718086
    .1800000  -1.8237811  -2.4530243  -3.1810000
    .2000000  -1.8255872  -2.4588132  -3.1909134
    .2200000  -1.8278466  -2.4651282  -3.2014895
    .2400000  -1.8305258  -2.4719209  -3.2126662
    .2600000  -1.8335862  -2.4791393  -3.2243792
    .2800000  -1.8369875  -2.4867305  -3.2365644
    .3000000  -1.8406914  -2.4946436  -3.2491593
    .3200000  -1.8446638  -2.5028306  -3.2621051
    .3400000  -1.8488763  -2.5112484  -3.2753466
    .3600000  -1.8533064  -2.5198579  -3.2888329
    .3800000  -1.8579373  -2.5286247  -3.3025166
    .4000000  -1.8627575  -2.5375181  -3.3163534
    .4200000  -1.8677603  -2.5465105  -3.3303017
    .4400000  -1.8729421  -2.5555769  -3.3443216
    .4600000  -1.8783024  -2.5646938  -3.3583742
    .4800000  -1.8838424  -2.5738387  -3.3724210
    .5000000  -1.8895642  -2.5829895  -3.3864233
    .5200000  -1.8954706  -2.5921237  -3.4003414
    .5400000  -1.9015636  -2.6012182  -3.4141347
    .5600000  -1.9078448  -2.6102486  -3.4277607
    .5800000  -1.9143144  -2.6191894  -3.4411752
    .6000000  -1.9209713  -2.6280134  -3.4543321
    .6200000  -1.9278129  -2.6366918  -3.4671831
    .6400000  -1.9348347  -2.6451942  -3.4796777
    .6600000  -1.9420307  -2.6534887  -3.4917637
    .6800000  -1.9493936  -2.6615421  -3.5033869
    .7000000  -1.9569143  -2.6693200  -3.5144914
    .7200000  -1.9645831  -2.6767873  -3.5250200
    .7400000  -1.9723890  -2.6839081  -3.5349144
    .7600000  -1.9803208  -2.6906468  -3.5441157
    .7800000  -1.9883668  -2.6969676  -3.5525644
    .8000000  -1.9965157  -2.7028356  -3.5602015
    .8200000  -2.0047564  -2.7082169  -3.5669679
    .8400000  -2.0130786  -2.7130791  -3.5728059
    .8600000  -2.0214729  -2.7173916  -3.5776587
    .8800000  -2.0299311  -2.7211258  -3.5814713
    .9000000  -2.0384466  -2.7242560  -3.5841908
    .9200000  -2.0470137  -2.7267590  -3.5857666
    .9400000  -2.0556287  -2.7286146  -3.5861508
    .9600000  -2.0642885  -2.7298056  -3.5852982
    .9800000  -2.0729917  -2.7303178  -3.5831667
   1.0000000  -2.0817372  -2.7301402  -3.5797176
   1.0200000  -2.0905243  -2.7292644  -3.5749149
   1.0400000  -2.0993522  -2.7276848  -3.5687260
   1.0600000  -2.1082192  -2.7253978  -3.5611216
   1.0800000  -2.1171225  -2.7224022  -3.5520751
   1.1000000  -2.1260572  -2.7186981  -3.5415631
   1.1200000  -2.1350158  -2.7142868  -3.5295648
   1.1400000  -2.1439880  -2.7091707  -3.5160626
   1.1600000  -2.1529602  -2.7033527  -3.5010417
   1.1800000  -2.1619148  -2.6968363  -3.4844903
   1.2000000  -2.1708309  -2.6896252  -3.4663996
   1.2200000  -2.1796832  -2.6817235  -3.4467646
   1.2400000  -2.1884432  -2.6731357  -3.4255839
   1.2600000  -2.1970786  -2.6638666  -3.4028603
   1.2800000  -2.2055540  -2.6539218  -3.3786015
   1.3000000  -2.2138312  -2.6433078  -3.3528199
   1.3200000  -2.2218695  -2.6320321  -3.3255336
   1.3400000  -2.2296263  -2.6201034  -3.2967670
   1.3600000  -2.2370577  -2.6075322  -3.2665505
   1.3800000  -2.2441184  -2.5943303  -3.2349216
   1.4000000  -2.2507629  -2.5805117  -3.2019247
   1.4200000  -2.2569454  -2.5660920  -3.1676113
   1.4400000  -2.2626203  -2.5510892  -3.1320411
   1.4600000  -2.2677428  -2.5355229  -3.0952800
   1.4800000  -2.2722690  -2.5194150  -3.0574026
   1.5000000  -2.2761565  -2.5027892  -3.0184899
   1.5200000  -2.2793644  -2.4856709  -2.9786301
   1.5400000  -2.2818539  -2.4680877  -2.9379182
   1.5600000  -2.2835884  -2.4500681  -2.8964551
   1.5800000  -2.2845342  -2.4316425  -2.8543477
   1.6000000  -2.2846597  -2.4128422  -2.8117071
   1.6200000  -2.2839374  -2.3936997  -2.7686496
   1.6400000  -2.2823419  -2.3742481  -2.7252939
   1.6600000  -2.2798525  -2.3545211  -2.6817619
   1.6800000  -2.2764513  -2.3345529  -2.6381765
   1.7000000  -2.2721252  -2.3143776  -2.5946612
   1.7200000  -2.2668641  -2.2940293  -2.5513391
   1.7400000  -2.2606634  -2.2735418  -2.5083307
   1.7600000  -2.2535216  -2.2529483  -2.4657551
   1.7800000  -2.2454429  -2.2322815  -2.4237259
   1.8000000  -2.2364349  -2.2115731  -2.3823529
   1.8200000  -2.2265104  -2.1908537  -2.3417390
   1.8400000  -2.2156867  -2.1701529  -2.3019803
   1.8600000  -2.2039849  -2.1494990  -2.2631657
   1.8800000  -2.1914320  -2.1289185  -2.2253732
   1.9000000  -2.1780571  -2.1084372  -2.1886753
   1.9200000  -2.1638957  -2.0880783  -2.1531292
   1.9400000  -2.1489852  -2.0678643  -2.1187875
   1.9600000  -2.1333681  -2.0478152  -2.0856873
   1.9800000  -2.1170895  -2.0279500  -2.0538574
   2.0000000  -2.1001974  -2.0082856  -2.0233165
   2.0200000  -2.0827434  -1.9888369  -1.9940692
   2.0400000  -2.0647798  -1.9696181  -1.9661156
   2.0600000  -2.0463622  -1.9506405  -1.9394399
   2.0800000  -2.0275468  -1.9319147  -1.9140212
   2.1000000  -2.0083908  -1.9134494  -1.8898299
   2.1200000  -1.9889522  -1.8952515  -1.8668256
   2.1400000  -1.9692886  -1.8773274  -1.8449659
   2.1600000  -1.9494570  -1.8596811  -1.8241988
   2.1800000  -1.9295138  -1.8423157  -1.8044687
   2.2000000  -1.9095143  -1.8252337  -1.7857175
   2.2200000  -1.8895104  -1.8084355  -1.7678821
   2.2400000  -1.8695541  -1.7919214  -1.7508989
   2.2600000  -1.8496929  -1.7756902  -1.7347036
   2.2800000  -1.8299715  -1.7597401  -1.7192314
   2.3000000  -1.8104334  -1.7440688  -1.7044179
   2.3200000  -1.7911159  -1.7286729  -1.6902016
   2.3400000  -1.7720537  -1.7135487  -1.6765226
   2.3600000  -1.7532798  -1.6986922  -1.6633225
   2.3800000  -1.7348196  -1.6840985  -1.6505490
   2.4000000  -1.7166970  -1.6697628  -1.6381516
   2.4200000  -1.6989331  -1.6556800  -1.6260824
   2.4400000  -1.6815419  -1.6418444  -1.6143014
   2.4600000  -1.6645360  -1.6282506  -1.6027700
   2.4800000  -1.6479255  -1.6148930  -1.5914528
   2.5000000  -1.6317141  -1.6017656  -1.5803225
   2.5200000  -1.6159042  -1.5888629  -1.5693528
   2.5400000  -1.6004967  -1.5761791  -1.5585204
   2.5600000  -1.5854869  -1.5637084  -1.5478090
   2.5800000  -1.5708694  -1.5514453  -1.5372037
   2.6000000  -1.5566378  -1.5393842  -1.5266911
   2.6200000  -1.5427821  -1.5275198  -1.5162635
   2.6400000  -1.5292911  -1.5158467  -1.5059146
   2.6600000  -1.5161539  -1.5043599  -1.4956388
   2.6800000  -1.5033572  -1.4930543  -1.4854338
   2.7000000  -1.4908875  -1.4819252  -1.4752993
   2.7200000  -1.4787309  -1.4709678  -1.4652345
   2.7400000  -1.4668735  -1.4601777  -1.4552406
   2.7600000  -1.4553011  -1.4495506  -1.4453197
   2.7800000  -1.4439996  -1.4390823  -1.4354741
   2.8000000  -1.4329552  -1.4287686  -1.4257064
   2.8200000  -1.4221548  -1.4186059  -1.4160196
   2.8400000  -1.4115856  -1.4085905  -1.4064165
   2.8600000  -1.4012350  -1.3987186  -1.3969003
   2.8800000  -1.3910917  -1.3889869  -1.3874735
   2.9000000  -1.3811449  -1.3793921  -1.3781385
   2.9200000  -1.3713842  -1.3699312  -1.3688977
   2.9400000  -1.3617996  -1.3606008  -1.3597534
   2.9600000  -1.3523829  -1.3513984  -1.3507067
   2.9800000  -1.3431260  -1.3423209  -1.3417590
   3.0000000  -1.3340208  -1.3333657  -1.3329116
   3.0200000  -1.3250605  -1.3245301  -1.3241651
   3.0400000  -1.3162392  -1.3158116  -1.3155197
   3.0600000  -1.3075511  -1.3072079  -1.3069754
   3.0800000  -1.2989904  -1.2987165  -1.2985325
   3.1000000  -1.2905527  -1.2903352  -1.2901903
   3.1200000  -1.2822339  -1.2820618  -1.2819482
   3.1400000  -1.2740296  -1.2738942  -1.2738055
   3.1600000  -1.2659361  -1.2658302  -1.2657614
   3.1800000  -1.2579503  -1.2578678  -1.2578148
   3.2000000  -1.2500692  -1.2500053  -1.2499645
   3.2200000  -1.2422898  -1.2422405  -1.2422094
   3.2400000  -1.2346095  -1.2345717  -1.2345481
   3.2600000  -1.2270259  -1.2269971  -1.2269793
   3.2800000  -1.2195369  -1.2195150  -1.2195016
   3.3000000  -1.2121402  -1.2121237  -1.2121136
   3.3200000  -1.2048338  -1.2048214  -1.2048140
   3.3400000  -1.1976159  -1.1976066  -1.1976011
   3.3600000  -1.1904847  -1.1904778  -1.1904738
   3.3800000  -1.1834385  -1.1834334  -1.1834304
   3.4000000  -1.1764756  -1.1764719  -1.1764697
   3.4200000  -1.1695945  -1.1695918  -1.1695902
   3.4400000  -1.1627937  -1.1627917  -1.1627906
   3.4600000  -1.1560717  -1.1560703  -1.1560695
   3.4800000  -1.1494271  -1.1494261  -1.1494255
   3.5000000  -1.1428586  -1.1428579  -1.1428575
   3.5200000  -1.1363648  -1.1363643  -1.1363640
   3.5400000  -1.1299445  -1.1299441  -1.1299439
   3.5600000  -1.1235963  -1.1235960  -1.1235959
   3.5800000  -1.1173191  -1.1173189  -1.1173188
   3.6000000  -1.1111116  -1.1111115  -1.1111115
   3.6200000  -1.1049728  -1.1049728  -1.1049727
   3.6400000  -1.0989015  -1.0989014  -1.0989014
   3.6600000  -1.0928965  -1.0928965  -1.0928965
   3.6800000  -1.0869568  -1.0869568  -1.0869568
   3.7000000  -1.0810813  -1.0810813  -1.0810813
   3.7200000  -1.0752691  -1.0752690  -1.0752690
   3.7400000  -1.0695189  -1.0695189  -1.0695189
   3.7600000  -1.0638299  -1.0638299  -1.0638299
   3.7800000  -1.0582012  -1.0582012  -1.0582012
   3.8000000  -1.0526317  -1.0526317  -1.0526317
   3.8200000  -1.0471205  -1.0471205  -1.0471205
   3.8400000  -1.0416668  -1.0416668  -1.0416668
   3.8600000  -1.0362695  -1.0362695  -1.0362695
   3.8800000  -1.0309279  -1.0309279  -1.0309279
   3.9000000  -1.0256411  -1.0256411  -1.0256411
   3.9200000  -1.0204082  -1.0204082  -1.0204082
   3.9400000  -1.0152285  -1.0152285  -1.0152285
   3.9600000  -1.0101010  -1.0101010  -1.0101010
   3.9800000  -1.0050252  -1.0050252  -1.0050252
   4.0000000  -1.0000000  -1.0000000  -1.0000000
   4.0200000   -.9950249   -.9950249   -.9950249
   4.0400000   -.9900990   -.9900990   -.9900990
   4.0600000   -.9852217   -.9852217   -.9852217
   4.0800000   -.9803922   -.9803922   -.9803922
   4.1000000   -.9756098   -.9756098   -.9756098
   4.1200000   -.9708738   -.9708738   -.9708738
   4.1400000   -.9661836   -.9661836   -.9661836
   4.1600000   -.9615384   -.9615384   -.9615384
   4.1800000   -.9569378   -.9569378   -.9569378
   4.2000000   -.9523809   -.9523809   -.9523809
   4.2200000   -.9478673   -.9478673   -.9478673
   4.2400000   -.9433962   -.9433962   -.9433962
   4.2600000   -.9389671   -.9389671   -.9389671
   4.2800000   -.9345794   -.9345794   -.9345794
   4.3000000   -.9302325   -.9302325   -.9302325
   4.3200000   -.9259259   -.9259259   -.9259259
   4.3400000   -.9216589   -.9216589   -.9216589
   4.3600000   -.9174311   -.9174311   -.9174311
   4.3800000   -.9132420   -.9132420   -.9132420
   4.4000000   -.9090909   -.9090909   -.9090909
   4.4200000   -.9049773   -.9049773   -.9049773
   4.4400000   -.9009009   -.9009009   -.9009009
   4.4600000   -.8968609   -.8968609   -.8968609
   4.4800000   -.8928571   -.8928571   -.8928571
   4.5000000   -.8888888   -.8888888   -.8888888
   4.5200000   -.8849557   -.8849557   -.8849557
   4.5400000   -.8810572   -.8810572   -.8810572
   4.5600000   -.8771929   -.8771929   -.8771929
   4.5800000   -.8733624   -.8733624   -.8733624
   4.6000000   -.8695652   -.8695652   -.8695652
   4.6200000   -.8658008   -.8658008   -.8658008
   4.6400000   -.8620689   -.8620689   -.8620689
   4.6600000   -.8583691   -.8583691   -.8583691
   4.6800000   -.8547008   -.8547008   -.8547008
   4.7000000   -.8510638   -.8510638   -.8510638
   4.7200000   -.8474576   -.8474576   -.8474576
   4.7400000   -.8438818   -.8438818   -.8438818
   4.7600000   -.8403361   -.8403361   -.8403361
   4.7800000   -.8368200   -.8368200   -.8368200
   4.8000000   -.8333333   -.8333333   -.8333333
   4.8200000   -.8298755   -.8298755   -.8298755
   4.8400000   -.8264462   -.8264462   -.8264462
   4.8600000   -.8230452   -.8230452   -.8230452
   4.8800000   -.8196721   -.8196721   -.8196721
   4.9000000   -.8163265   -.8163265   -.8163265
   4.9200000   -.8130081   -.8130081   -.8130081
   4.9400000   -.8097166   -.8097166   -.8097166
   4.9600000   -.8064516   -.8064516   -.8064516
   4.9800000   -.8032128   -.8032128   -.8032128
   5.0000000   -.8000000   -.8000000   -.8000000
   5.0200000   -.7968127   -.7968127   -.7968127
   5.0400000   -.7936507   -.7936507   -.7936507
   5.0600000   -.7905138   -.7905138   -.7905138
   5.0800000   -.7874015   -.7874015   -.7874015
   5.1000000   -.7843137   -.7843137   -.7843137
   5.1200000   -.7812500   -.7812500   -.7812500
   5.1400000   -.7782101   -.7782101   -.7782101
   5.1600000   -.7751938   -.7751938   -.7751938
   5.1800000   -.7722007   -.7722007   -.7722007
   5.2000000   -.7692307   -.7692307   -.7692307
   5.2200000   -.7662835   -.7662835   -.7662835
   5.2400000   -.7633587   -.7633587   -.7633587
   5.2600000   -.7604562   -.7604562   -.7604562
   5.2800000   -.7575757   -.7575757   -.7575757
   5.3000000   -.7547169   -.7547169   -.7547169
   5.3200000   -.7518797   -.7518797   -.7518797
   5.3400000   -.7490636   -.7490636   -.7490636
   5.3600000   -.7462686   -.7462686   -.7462686
   5.3800000   -.7434944   -.7434944   -.7434944
   5.4000000   -.7407407   -.7407407   -.7407407
   5.4200000   -.7380073   -.7380073   -.7380073
   5.4400000   -.7352941   -.7352941   -.7352941
   5.4600000   -.7326007   -.7326007   -.7326007
   5.4800000   -.7299270   -.7299270   -.7299270
   5.5000000   -.7272727   -.7272727   -.7272727
   5.5200000   -.7246376   -.7246376   -.7246376
   5.5400000   -.7220216   -.7220216   -.7220216
   5.5600000   -.7194244   -.7194244   -.7194244
   5.5800000   -.7168458   -.7168458   -.7168458
   5.6000000   -.7142857   -.7142857   -.7142857
   5.6200000   -.7117437   -.7117437   -.7117437
   5.6400000   -.7092198   -.7092198   -.7092198
   5.6600000   -.7067138   -.7067138   -.7067138
   5.6800000   -.7042253   -.7042253   -.7042253
   5.7000000   -.7017543   -.7017543   -.7017543
   5.7200000   -.6993007   -.6993007   -.6993007
   5.7400000   -.6968641   -.6968641   -.6968641
   5.7600000   -.6944444   -.6944444   -.6944444
   5.7800000   -.6920415   -.6920415   -.6920415
   5.8000000   -.6896551   -.6896551   -.6896551
   5.8200000   -.6872852   -.6872852   -.6872852
   5.8400000   -.6849315   -.6849315   -.6849315
   5.8600000   -.6825938   -.6825938   -.6825938
   5.8800000   -.6802721   -.6802721   -.6802721
   5.9000000   -.6779661   -.6779661   -.6779661
   5.9200000   -.6756757   -.6756757   -.6756757
   5.9400000   -.6734006   -.6734006   -.6734006
   5.9600000   -.6711409   -.6711409   -.6711409
   5.9800000   -.6688963   -.6688963   -.6688963
   6.0000000   -.6666666   -.6666666   -.6666666
   6.0200000   -.6644518   -.6644518   -.6644518
   6.0400000   -.6622516   -.6622516   -.6622516
   6.0600000   -.6600660   -.6600660   -.6600660
   6.0800000   -.6578947   -.6578947   -.6578947
   6.1000000   -.6557377   -.6557377   -.6557377
   6.1200000   -.6535947   -.6535947   -.6535947
   6.1400000   -.6514658   -.6514658   -.6514658
   6.1600000   -.6493506   -.6493506   -.6493506
   6.1800000   -.6472492   -.6472492   -.6472492
   6.2000000   -.6451613   -.6451613   -.6451613
   6.2200000   -.6430868   -.6430868   -.6430868
   6.2400000   -.6410256   -.6410256   -.6410256
   6.2600000   -.6389776   -.6389776   -.6389776
   6.2800000   -.6369426   -.6369426   -.6369426
   6.3000000   -.6349206   -.6349206   -.6349206
   6.3200000   -.6329114   -.6329114   -.6329114
   6.3400000   -.6309148   -.6309148   -.6309148
   6.3600000   -.6289308   -.6289308   -.6289308
   6.3800000   -.6269592   -.6269592   -.6269592
   6.4000000   -.6250000   -.6250000   -.6250000
   6.4200000   -.6230529   -.6230529   -.6230529
   6.4400000   -.6211180   -.6211180   -.6211180
   6.4600000   -.6191950   -.6191950   -.6191950
   6.4800000   -.6172839   -.6172839   -.6172839
   6.5000000   -.6153846   -.6153846   -.6153846
   6.5200000   -.6134969   -.6134969   -.6134969
   6.5400000   -.6116208   -.6116208   -.6116208
   6.5600000   -.6097561   -.6097561   -.6097561
   6.5800000   -.6079027   -.6079027   -.6079027
   6.6000000   -.6060606   -.6060606   -.6060606
   6.6200000   -.6042296   -.6042296   -.6042296
   6.6400000   -.6024096   -.6024096   -.6024096
   6.6600000   -.6006006   -.6006006   -.6006006
   6.6800000   -.5988024   -.5988024   -.5988024
   6.7000000   -.5970149   -.5970149   -.5970149
   6.7200000   -.5952381   -.5952381   -.5952381
   6.7400000   -.5934718   -.5934718   -.5934718
   6.7600000   -.5917160   -.5917160   -.5917160
   6.7800000   -.5899705   -.5899705   -.5899705
   6.8000000   -.5882353   -.5882353   -.5882353
   6.8200000   -.5865102   -.5865102   -.5865102
   6.8400000   -.5847953   -.5847953   -.5847953
   6.8600000   -.5830904   -.5830904   -.5830904
   6.8800000   -.5813953   -.5813953   -.5813953
   6.9000000   -.5797101   -.5797101   -.5797101
   6.9200000   -.5780347   -.5780347   -.5780347
   6.9400000   -.5763689   -.5763689   -.5763689
   6.9600000   -.5747126   -.5747126   -.5747126
   6.9800000   -.5730659   -.5730659   -.5730659
   7.0000000   -.5714286   -.5714286   -.5714286
   7.0200000   -.5698006   -.5698006   -.5698006
   7.0400000   -.5681818   -.5681818   -.5681818
   7.0600000   -.5665722   -.5665722   -.5665722
   7.0800000   -.5649717   -.5649717   -.5649717
   7.1000000   -.5633803   -.5633803   -.5633803
   7.1200000   -.5617977   -.5617977   -.5617977
   7.1400000   -.5602241   -.5602241   -.5602241
   7.1600000   -.5586592   -.5586592   -.5586592
   7.1800000   -.5571031   -.5571031   -.5571031
   7.2000000   -.5555555   -.5555555   -.5555555
   7.2200000   -.5540166   -.5540166   -.5540166
   7.2400000   -.5524862   -.5524862   -.5524862
   7.2600000   -.5509642   -.5509642   -.5509642
   7.2800000   -.5494505   -.5494505   -.5494505
   7.3000000   -.5479452   -.5479452   -.5479452
   7.3200000   -.5464481   -.5464481   -.5464481
   7.3400000   -.5449591   -.5449591   -.5449591
   7.3600000   -.5434783   -.5434783   -.5434783
   7.3800000   -.5420054   -.5420054   -.5420054
   7.4000000   -.5405405   -.5405405   -.5405405
   7.4200000   -.5390835   -.5390835   -.5390835
   7.4400000   -.5376344   -.5376344   -.5376344
   7.4600000   -.5361930   -.5361930   -.5361930
   7.4800000   -.5347593   -.5347593   -.5347593
   7.5000000   -.5333333   -.5333333   -.5333333
   7.5200000   -.5319149   -.5319149   -.5319149
   7.5400000   -.5305040   -.5305040   -.5305040
   7.5600000   -.5291005   -.5291005   -.5291005
   7.5800000   -.5277045   -.5277045   -.5277045
   7.6000000   -.5263158   -.5263158   -.5263158
   7.6200000   -.5249344   -.5249344   -.5249344
   7.6400000   -.5235602   -.5235602   -.5235602
   7.6600000   -.5221932   -.5221932   -.5221932
   7.6800000   -.5208333   -.5208333   -.5208333
   7.7000000   -.5194805   -.5194805   -.5194805
   7.7200000   -.5181347   -.5181347   -.5181347
   7.7400000   -.5167959   -.5167959   -.5167959
   7.7600000   -.5154639   -.5154639   -.5154639
   7.7800000   -.5141388   -.5141388   -.5141388
   7.8000000   -.5128205   -.5128205   -.5128205
   7.8200000   -.5115089   -.5115089   -.5115089
   7.8400000   -.5102041   -.5102041   -.5102041
   7.8600000   -.5089058   -.5089058   -.5089058
   7.8800000   -.5076142   -.5076142   -.5076142
   7.9000000   -.5063291   -.5063291   -.5063291
   7.9200000   -.5050505   -.5050505   -.5050505
   7.9400000   -.5037783   -.5037783   -.5037783
   7.9600000   -.5025126   -.5025126   -.5025126
   7.9800000   -.5012531   -.5012531   -.5012531
   8.0000000   -.5000000   -.5000000   -.5000000
   8.0200000   -.4987531   -.4987531   -.4987531
   8.0400000   -.4975124   -.4975124   -.4975124
   8.0600000   -.4962779   -.4962779   -.4962779
   8.0800000   -.4950495   -.4950495   -.4950495
   8.1000000   -.4938272   -.4938272   -.4938272
   8.1200000   -.4926108   -.4926108   -.4926108
   8.1400000   -.4914005   -.4914005   -.4914005
   8.1600000   -.4901961   -.4901961   -.4901961
   8.1800000   -.4889976   -.4889976   -.4889976
   8.2000000   -.4878049   -.4878049   -.4878049
   8.2200000   -.4866180   -.4866180   -.4866180
   8.2400000   -.4854369   -.4854369   -.4854369
   8.2600000   -.4842615   -.4842615   -.4842615
   8.2800000   -.4830918   -.4830918   -.4830918
   8.3000000   -.4819277   -.4819277   -.4819277
   8.3200000   -.4807692   -.4807692   -.4807692
   8.3400000   -.4796163   -.4796163   -.4796163
   8.3600000   -.4784689   -.4784689   -.4784689
   8.3800000   -.4773270   -.4773270   -.4773270
   8.4000000   -.4761905   -.4761905   -.4761905
   8.4200000   -.4750594   -.4750594   -.4750594
   8.4400000   -.4739336   -.4739336   -.4739336
   8.4600000   -.4728132   -.4728132   -.4728132
   8.4800000   -.4716981   -.4716981   -.4716981
   8.5000000   -.4705882   -.4705882   -.4705882
   8.5200000   -.4694836   -.4694836   -.4694836
   8.5400000   -.4683841   -.4683841   -.4683841
   8.5600000   -.4672897   -.4672897   -.4672897
   8.5800000   -.4662005   -.4662005   -.4662005
   8.6000000   -.4651163   -.4651163   -.4651163
   8.6200000   -.4640371   -.4640371   -.4640371
   8.6400000   -.4629630   -.4629630   -.4629630
   8.6600000   -.4618938   -.4618938   -.4618938
   8.6800000   -.4608295   -.4608295   -.4608295
   8.7000000   -.4597701   -.4597701   -.4597701
   8.7200000   -.4587156   -.4587156   -.4587156
   8.7400000   -.4576659   -.4576659   -.4576659
   8.7600000   -.4566210   -.4566210   -.4566210
   8.7800000   -.4555809   -.4555809   -.4555809
   8.8000000   -.4545455   -.4545455   -.4545455
   8.8200000   -.4535147   -.4535147   -.4535147
   8.8400000   -.4524887   -.4524887   -.4524887
   8.8600000   -.4514673   -.4514673   -.4514673
   8.8800000   -.4504505   -.4504505   -.4504505
   8.9000000   -.4494382   -.4494382   -.4494382
   8.9200000   -.4484305   -.4484305   -.4484305
   8.9400000   -.4474273   -.4474273   -.4474273
   8.9600000   -.4464286   -.4464286   -.4464286
   8.9800000   -.4454343   -.4454343   -.4454343
   9.0000000   -.4444444   -.4444444   -.4444444
   9.0200000   -.4434590   -.4434590   -.4434590
   9.0400000   -.4424779   -.4424779   -.4424779
   9.0600000   -.4415011   -.4415011   -.4415011
   9.0800000   -.4405286   -.4405286   -.4405286
   9.1000000   -.4395604   -.4395604   -.4395604
   9.1200000   -.4385965   -.4385965   -.4385965
   9.1400000   -.4376368   -.4376368   -.4376368
   9.1600000   -.4366812   -.4366812   -.4366812
   9.1800000   -.4357299   -.4357299   -.4357299
   9.2000000   -.4347826   -.4347826   -.4347826
   9.2200000   -.4338395   -.4338395   -.4338395
   9.2400000   -.4329004   -.4329004   -.4329004
   9.2600000   -.4319654   -.4319654   -.4319654
   9.2800000   -.4310345   -.4310345   -.4310345
   9.3000000   -.4301075   -.4301075   -.4301075
   9.3200000   -.4291846   -.4291846   -.4291846
   9.3400000   -.4282655   -.4282655   -.4282655
   9.3600000   -.4273504   -.4273504   -.4273504
   9.3800000   -.4264392   -.4264392   -.4264392
   9.4000000   -.4255319   -.4255319   -.4255319
   9.4200000   -.4246285   -.4246285   -.4246285
   9.4400000   -.4237288   -.4237288   -.4237288
   9.4600000   -.4228330   -.4228330   -.4228330
   9.4800000   -.4219409   -.4219409   -.4219409
   9.5000000   -.4210526   -.4210526   -.4210526
   9.5200000   -.4201681   -.4201681   -.4201681
   9.5400000   -.4192872   -.4192872   -.4192872
   9.5600000   -.4184100   -.4184100   -.4184100
   9.5800000   -.4175365   -.4175365   -.4175365
   9.6000000   -.4166667   -.4166667   -.4166667
   9.6200000   -.4158004   -.4158004   -.4158004
   9.6400000   -.4149378   -.4149378   -.4149378
   9.6600000   -.4140787   -.4140787   -.4140787
   9.6800000   -.4132231   -.4132231   -.4132231
   9.7000000   -.4123711   -.4123711   -.4123711
   9.7200000   -.4115226   -.4115226   -.4115226
   9.7400000   -.4106776   -.4106776   -.4106776
   9.7600000   -.4098361   -.4098361   -.4098361
   9.7800000   -.4089980   -.4089980   -.4089980
   9.8000000   -.4081633   -.4081633   -.4081633
   9.8200000   -.4073320   -.4073320   -.4073320
   9.8400000   -.4065041   -.4065041   -.4065041
   9.8600000   -.4056795   -.4056795   -.4056795
   9.8800000   -.4048583   -.4048583   -.4048583
   9.9000000   -.4040404   -.4040404   -.4040404
   9.9200000   -.4032258   -.4032258   -.4032258
   9.9400000   -.4024145   -.4024145   -.4024145
   9.9600000   -.4016064   -.4016064   -.4016064
   9.9800000   -.4008016   -.4008016   -.4008016
  10.0000000   -.4000000   -.4000000   -.4000000
    .0004464    .0002029    .0000001    .0000000
    .0200000    .0090896    .0001477    .0000000
    .0400000    .0181808    .0005908    .0000001
    .0600000    .0272752    .0013290    .0000004
    .0800000    .0363746    .0023618    .0000008
    .1000000    .0454805    .0036886    .0000016
    .1200000    .0545946    .0053086    .0000028
    .1400000    .0637186    .0072209    .0000044
    .1600000    .0728539    .0094241    .0000066
    .1800000    .0820022    .0119169    .0000094
    .2000000    .0911649    .0146976    .0000129
    .2200000    .1003435    .0177645    .0000171
    .2400000    .1095391    .0211155    .0000222
    .2600000    .1187530    .0247483    .0000282
    .2800000    .1279863    .0286602    .0000351
    .3000000    .1372401    .0328487    .0000431
    .3200000    .1465151    .0373105    .0000521
    .3400000    .1558121    .0420424    .0000624
    .3600000    .1651318    .0470407    .0000738
    .3800000    .1744746    .0523016    .0000865
    .4000000    .1838409    .0578209    .0001006
    .4200000    .1932309    .0635941    .0001160
    .4400000    .2026446    .0696165    .0001329
    .4600000    .2120819    .0758828    .0001512
    .4800000    .2215427    .0823877    .0001711
    .5000000    .2310263    .0891254    .0001926
    .5200000    .2405324    .0960900    .0002156
    .5400000    .2500600    .1032748    .0002403
    .5600000    .2596082    .1106733    .0002666
    .5800000    .2691759    .1182784    .0002946
    .6000000    .2787616    .1260826    .0003243
    .6200000    .2883638    .1340782    .0003557
    .6400000    .2979807    .1422571    .0003889
    .6600000    .3076103    .1506110    .0004238
    .6800000    .3172503    .1591311    .0004604
    .7000000    .3268983    .1678085    .0004988
    .7200000    .3365517    .1766338    .0005389
    .7400000    .3462074    .1855974    .0005808
    .7600000    .3558623    .1946894    .0006243
    .7800000    .3655130    .2038997    .0006695
    .8000000    .3751560    .2132179    .0007164
    .8200000    .3847873    .2226334    .0007649
    .8400000    .3944028    .2321354    .0008150
    .8600000    .4039982    .2417129    .0008666
    .8800000    .4135689    .2513549    .0009197
    .9000000    .4231102    .2610499    .0009744
    .9200000    .4326170    .2707868    .0010304
    .9400000    .4420839    .2805539    .0010878
    .9600000    .4515057    .2903400    .0011464
    .9800000    .4608764    .3001334    .0012063
   1.0000000    .4701902    .3099226    .0012674
   1.0200000    .4794409    .3196963    .0013296
   1.0400000    .4886221    .3294429    .0013928
   1.0600000    .4977272    .3391513    .0014570
   1.0800000    .5067493    .3488103    .0015220
   1.1000000    .5156814    .3584088    .0015879
   1.1200000    .5245162    .3679359    .0016545
   1.1400000    .5332463    .3773812    .0017218
   1.1600000    .5418640    .3867341    .0017896
   1.1800000    .5503615    .3959845    .0018580
   1.2000000    .5587307    .4051225    .0019268
   1.2200000    .5669635    .4141385    .0019960
   1.2400000    .5750515    .4230234    .0020655
   1.2600000    .5829864    .4317682    .0021352
   1.2800000    .5907595    .4403643    .0022050
   1.3000000    .5983625    .4488037    .0022749
   1.3200000    .6057865    .4570786    .0023449
   1.3400000    .6130231    .4651817    .0024148
   1.3600000    .6200635    .4731061    .0024847
   1.3800000    .6268994    .4808455    .0025544
   1.4000000    .6335222    .4883938    .0026239
   1.4200000    .6399238    .4957456    .0026932
   1.4400000    .6460959    .5028959    .0027623
   1.4600000    .6520308    .5098402    .0028311
   1.4800000    .6577208    .5165746    .0028996
   1.5000000    .6631586    .5230954    .0029677
   1.5200000    .6683372    .5293997    .0030355
   1.5400000    .6732502    .5354849    .0031030
   1.5600000    .6778912    .5413489    .0031701
   1.5800000    .6822546    .5469903    .0032368
   1.6000000    .6863352    .5524078    .0033032
   1.6200000    .6901283    .5576009    .0033693
   1.6400000    .6936297    .5625691    .0034351
   1.6600000    .6968359    .5673129    .0035005
   1.6800000    .6997440    .5718326    .0035657
   1.7000000    .7023515    .5761294    .0036307
   1.7200000    .7046568    .5802045    .0036955
   1.7400000    .7066589    .5840596    .0037601
   1.7600000    .7083574    .5876967    .0038245
   1.7800000    .7097526    .5911183    .0038889
   1.8000000    .7108454    .5943267    .0039533
   1.8200000    .7116375    .5973249    .0040177
   1.8400000    .7121312    .6001159    .0040821
   1.8600000    .7123294    .6027030    .0041467
   1.8800000    .7122357    .6050898    .0042114
   1.9000000    .7118541    .6072798    .0042763
   1.9200000    .7111897    .6092769    .0043415
   1.9400000    .7102475    .6110850    .0044070
   1.9600000    .7090335    .6127080    .0044729
   1.9800000    .7075541    .6141502    .0045391
   2.0000000    .7058159    .6154156    .0046059
   2.0200000    .7038263    .6165087    .0046731
   2.0400000    .7015929    .6174335    .0047408
   2.0600000    .6991235    .6181945    .0048092
   2.0800000    .6964265    .6187960    .0048781
   2.1000000    .6935102    .6192423    .0049477
   2.1200000    .6903833    .6195377    .0050180
   2.1400000    .6870548    .6196864    .0050890
   2.1600000    .6835335    .6196928    .0051607
   2.1800000    .6798285    .6195610    .0052332
   2.2000000    .6759488    .6192953    .0053065
   2.2200000    .6719035    .6188996    .0053806
   2.2400000    .6677015    .6183781    .0054555
   2.2600000    .6633519    .6177347    .0055313
   2.2800000    .6588634    .6169734    .0056079
   2.3000000    .6542448    .6160979    .0056854
   2.3200000    .6495044    .6151121    .0057638
   2.3400000    .6446507    .6140197    .0058430
   2.3600000    .6396917    .6128242    .0059232
   2.3800000    .6346353    .6115292    .0060043
   2.4000000    .6294890    .6101381    .0060863
   2.4200000    .6242604    .6086543    .0061692
   2.4400000    .6189564    .6070811    .0062530
   2.4600000    .6135838    .6054216    .0063378
   2.4800000    .6081493    .6036791    .0064235
   2.5000000    .6026590    .6018565    .0065101
   2.5200000    .5971189    .5999568    .0065977
   2.5400000    .5915347    .5979830    .0066862
   2.5600000    .5859119    .5959377    .0067757
   2.5800000    .5802554    .5938238    .0068662
   2.6000000    .5745704    .5916440    .0069576
   2.6200000    .5688613    .5894008    .0070500
   2.6400000    .5631325    .5870967    .0071433
   2.6600000    .5573882    .5847342    .0072377
   2.6800000    .5516323    .5823157    .0073330
   2.7000000    .5458684    .5798435    .0074294
   2.7200000    .5401001    .5773199    .0075267
   2.7400000    .5343307    .5747471    .0076251
   2.7600000    .5285631    .5721272    .0077245
   2.7800000    .5228003    .5694623    .0078250
   2.8000000    .5170453    .5667545    .0079265
   2.8200000    .5113003    .5640056    .0080290
   2.8400000    .5055679    .5612176    .0081327
   2.8600000    .4998506    .5583924    .0082374
   2.8800000    .4941502    .5555318    .0083432
   2.9000000    .4884690    .5526374    .0084502
   2.9200000    .4828088    .5497112    .0085582
   2.9400000    .4771715    .5467546    .0086675
   2.9600000    .4715588    .5437693    .0087778
   2.9800000    .4659721    .5407569    .0088894
   3.0000000    .4604132    .5377190    .0090021
   3.0200000    .4548833    .5346569    .0091160
   3.0400000    .4493839    .5315721    .0092312
   3.0600000    .4439161    .5284661    .0093475
   3.0800000    .4384813    .5253401    .0094651
   3.1000000    .4330804    .5221956    .0095840
   3.1200000    .4277145    .5190337    .0097042
   3.1400000    .4223845    .5158558    .0098256
   3.1600000    .4170916    .5126630    .0099484
   3.1800000    .4118363    .5094565    .0100725
   3.2000000    .4066196    .5062374    .0101979
   3.2200000    .4014422    .5030069    .0103247
   3.2400000    .3963048    .4997660    .0104529
   3.2600000    .3912081    .4965157    .0105825
   3.2800000    .3861525    .4932572    .0107135
   3.3000000    .3811387    .4899912    .0108459
   3.3200000    .3761672    .4867189    .0109798
   3.3400000    .3712383    .4834411    .0111152
   3.3600000    .3663527    .4801586    .0112520
   3.3800000    .3615105    .4768725    .0113904
   3.4000000    .3567122    .4735834    .0115303
   3.4200000    .3519581    .4702923    .0116717
   3.4400000    .3472485    .4669999    .0118147
   3.4600000    .3425835    .4637069    .0119592
   3.4800000    .3379634    .4604141    .0121054
   3.5000000    .3333884    .4571223    .0122532
   3.5200000    .3288587    .4538321    .0124027
   3.5400000    .3243742    .4505441    .0125538
   3.5600000    .3199353    .4472591    .0127065
   3.5800000    .3155418    .4439776    .0128610
   3.6000000    .3111939    .4407002    .0130173
   3.6200000    .3068915    .4374276    .0131752
   3.6400000    .3026348    .4341604    .0133350
   3.6600000    .2984236    .4308989    .0134965
   3.6800000    .2942580    .4276439    .0136598
   3.7000000    .2901377    .4243957    .0138250
   3.7200000    .2860629    .4211549    .0139920
   3.7400000    .2820334    .4179220    .0141609
   3.7600000    .2780490    .4146974    .0143318
   3.7800000    .2741096    .4114816    .0145045
   3.8000000    .2702152    .4082749    .0146792
   3.8200000    .2663655    .4050778    .0148558
   3.8400000    .2625603    .4018908    .0150345
   3.8600000    .2587996    .3987141    .0152151
   3.8800000    .2550830    .3955481    .0153979
   3.9000000    .2514103    .3923933    .0155826
   3.9200000    .2477814    .3892499    .0157695
   3.9400000    .2441961    .3861183    .0159585
   3.9600000    .2406540    .3829987    .0161497
   3.9800000    .2371549    .3798915    .0163430
   4.0000000    .2336986    .3767970    .0165385
   4.0200000    .2302847    .3737154    .0167362
   4.0400000    .2269131    .3706471    .0169362
   4.0600000    .2235834    .3675922    .0171384
   4.0800000    .2202954    .3645511    .0173430
   4.1000000    .2170486    .3615239    .0175499
   4.1200000    .2138430    .3585108    .0177591
   4.1400000    .2106780    .3555122    .0179707
   4.1600000    .2075535    .3525282    .0181848
   4.1800000    .2044690    .3495589    .0184013
   4.2000000    .2014244    .3466046    .0186202
   4.2200000    .1984191    .3436655    .0188417
   4.2400000    .1954530    .3407417    .0190657
   4.2600000    .1925256    .3378333    .0192923
   4.2800000    .1896367    .3349406    .0195214
   4.3000000    .1867859    .3320637    .0197532
   4.3200000    .1839728    .3292027    .0199876
   4.3400000    .1811971    .3263577    .0202248
   4.3600000    .1784585    .3235288    .0204646
   4.3800000    .1757566    .3207163    .0207072
   4.4000000    .1730910    .3179201    .0209526
   4.4200000    .1704614    .3151404    .0212008
   4.4400000    .1678674    .3123772    .0214518
   4.4600000    .1653088    .3096307    .0217058
   4.4800000    .1627850    .3069010    .0219626
   4.5000000    .1602959    .3041880    .0222224
   4.5200000    .1578409    .3014920    .0224852
   4.5400000    .1554198    .2988129    .0227510
   4.5600000    .1530322    .2961508    .0230199
   4.5800000    .1506777    .2935057    .0232919
   4.6000000    .1483560    .2908777    .0235670
   4.6200000    .1460668    .2882669    .0238453
   4.6400000    .1438096    .2856733    .0241268
   4.6600000    .1415841    .2830969    .0244115
   4.6800000    .1393900    .2805377    .0246996
   4.7000000    .1372269    .2779957    .0249909
   4.7200000    .1350945    .2754711    .0252856
   4.7400000    .1329924    .2729637    .0255837
   4.7600000    .1309202    .2704737    .0258853
   4.7800000    .1288776    .2680010    .0261903
   4.8000000    .1268643    .2655456    .0264989
   4.8200000    .1248799    .2631075    .0268110
   4.8400000    .1229241    .2606867    .0271268
   4.8600000    .1209965    .2582832    .0274462
   4.8800000    .1190968    .2558970    .0277693
   4.9000000    .1172246    .2535281    .0280961
   4.9200000    .1153797    .2511764    .0284268
   4.9400000    .1135617    .2488420    .0287612
   4.9600000    .1117702    .2465248    .0290995
   4.9800000    .1100050    .2442247    .0294418
   5.0000000    .1082656    .2419419    .0297880
   5.0200000    .1065518    .2396761    .0301382
   5.0400000    .1048633    .2374275    .0304925
   5.0600000    .1031997    .2351958    .0308510
   5.0800000    .1015607    .2329812    .0312135
   5.1000000    .0999460    .2307836    .0315803
   5.1200000    .0983553    .2286029    .0319513
   5.1400000    .0967883    .2264391    .0323267
   5.1600000    .0952447    .2242921    .0327064
   5.1800000    .0937241    .2221618    .0330905
   5.2000000    .0922263    .2200483    .0334791
   5.2200000    .0907510    .2179515    .0338722
   5.2400000    .0892978    .2158713    .0342698
   5.2600000    .0878666    .2138076    .0346721
   5.2800000    .0864568    .2117604    .0350791
   5.3000000    .0850684    .2097297    .0354908
   5.3200000    .0837011    .2077153    .0359073
   5.3400000    .0823544    .2057172    .0363287
   5.3600000    .0810282    .2037354    .0367549
   5.3800000    .0797222    .2017697    .0371861
   5.4000000    .0784360    .1998202    .0376224
   5.4200000    .0771695    .1978866    .0380637
   5.4400000    .0759224    .1959690    .0385101
   5.4600000    .0746943    .1940673    .0389618
   5.4800000    .0734851    .1921814    .0394188
   5.5000000    .0722944    .1903113    .0398810
   5.5200000    .0711221    .1884568    .0403487
   5.5400000    .0699678    .1866179    .0408218
   5.5600000    .0688313    .1847944    .0413004
   5.5800000    .0677124    .1829865    .0417846
   5.6000000    .0666107    .1811938    .0422745
   5.6200000    .0655262    .1794164    .0427701
   5.6400000    .0644584    .1776542    .0432714
   5.6600000    .0634073    .1759071    .0437786
   5.6800000    .0623725    .1741750    .0442918
   5.7000000    .0613538    .1724579    .0448109
   5.7200000    .0603510    .1707556    .0453361
   5.7400000    .0593638    .1690680    .0458675
   5.7600000    .0583921    .1673951    .0464050
   5.7800000    .0574356    .1657369    .0469489
   5.8000000    .0564941    .1640931    .0474991
   5.8200000    .0555674    .1624638    .0480557
   5.8400000    .0546552    .1608487    .0486188
   5.8600000    .0537574    .1592480    .0491885
   5.8800000    .0528737    .1576614    .0497649
   5.9000000    .0520040    .1560888    .0503481
   5.9200000    .0511480    .1545302    .0509380
   5.9400000    .0503055    .1529856    .0515349
   5.9600000    .0494763    .1514547    .0521387
   5.9800000    .0486603    .1499375    .0527496
   6.0000000    .0478572    .1484340    .0533677
   6.0200000    .0470669    .1469440    .0539930
   6.0400000    .0462891    .1454674    .0546256
   6.0600000    .0455237    .1440042    .0552657
   6.0800000    .0447705    .1425543    .0559132
   6.1000000    .0440293    .1411175    .0565683
   6.1200000    .0432999    .1396938    .0572311
   6.1400000    .0425822    .1382831    .0579017
   6.1600000    .0418760    .1368853    .0585801
   6.1800000    .0411810    .1355003    .0592665
   6.2000000    .0404972    .1341280    .0599609
   6.2200000    .0398244    .1327684    .0606635
   6.2400000    .0391624    .1314213    .0613743
   6.2600000    .0385110    .1300866    .0620935
   6.2800000    .0378700    .1287643    .0628210
   6.3000000    .0372394    .1274543    .0635572
   6.3200000    .0366190    .1261565    .0643019
   6.3400000    .0360086    .1248707    .0650554
   6.3600000    .0354080    .1235970    .0658177
   6.3800000    .0348171    .1223351    .0665890
   6.4000000    .0342358    .1210851    .0673693
   6.4200000    .0336639    .1198468    .0681588
   6.4400000    .0331012    .1186202    .0689576
   6.4600000    .0325477    .1174051    .0697657
   6.4800000    .0320031    .1162015    .0705834
   6.5000000    .0314674    .1150092    .0714106
   6.5200000    .0309405    .1138283    .0722475
   6.5400000    .0304220    .1126585    .0730943
   6.5600000    .0299120    .1114999    .0739510
   6.5800000    .0294103    .1103523    .0748178
   6.6000000    .0289168    .1092156    .0756947
   6.6200000    .0284314    .1080898    .0765820
   6.6400000    .0279539    .1069747    .0774797
   6.6600000    .0274842    .1058704    .0783880
   6.6800000    .0270221    .1047766    .0793069
   6.7000000    .0265677    .1036933    .0802366
   6.7200000    .0261206    .1026205    .0811772
   6.7400000    .0256809    .1015580    .0821289
   6.7600000    .0252484    .1005057    .0830918
   6.7800000    .0248230    .0994637    .0840660
   6.8000000    .0244046    .0984317    .0850517
   6.8200000    .0239931    .0974097    .0860489
   6.8400000    .0235884    .0963977    .0870579
   6.8600000    .0231903    .0953955    .0880788
   6.8800000    .0227987    .0944030    .0891116
   6.9000000    .0224136    .0934203    .0901566
   6.9200000    .0220349    .0924471    .0912139
   6.9400000    .0216624    .0914834    .0922836
   6.9600000    .0212961    .0905292    .0933659
   6.9800000    .0209358    .0895843    .0944609
   7.0000000    .0205815    .0886487    .0955689
   7.0200000    .0202330    .0877223    .0966898
   7.0400000    .0198903    .0868050    .0978239
   7.0600000    .0195533    .0858968    .0989714
   7.0800000    .0192219    .0849975    .1001324
   7.1000000    .0188960    .0841071    .1013070
   7.1200000    .0185754    .0832255    .1024955
   7.1400000    .0182603    .0823526    .1036980
   7.1600000    .0179503    .0814884    .1049146
   7.1800000    .0176455    .0806328    .1061455
   7.2000000    .0173458    .0797856    .1073909
   7.2200000    .0170510    .0789469    .1086510
   7.2400000    .0167612    .0781166    .1099259
   7.2600000    .0164762    .0772945    .1112158
   7.2800000    .0161959    .0764806    .1125209
   7.3000000    .0159203    .0756749    .1138413
   7.3200000    .0156494    .0748772    .1151774
   7.3400000    .0153829    .0740875    .1165291
   7.3600000    .0151209    .0733058    .1178968
   7.3800000    .0148633    .0725318    .1192805
   7.4000000    .0146100    .0717657    .1206805
   7.4200000    .0143609    .0710072    .1220970
   7.4400000    .0141160    .0702564    .1235302
   7.4600000    .0138752    .0695132    .1249803
   7.4800000    .0136385    .0687774    .1264474
   7.5000000    .0134057    .0680491    .1279319
   7.5200000    .0131768    .0673282    .1294338
   7.5400000    .0129518    .0666145    .1309534
   7.5600000    .0127305    .0659081    .1324909
   7.5800000    .0125130    .0652088    .1340464
   7.6000000    .0122991    .0645166    .1356203
   7.6200000    .0120888    .0638314    .1372128
   7.6400000    .0118821    .0631533    .1388239
   7.6600000    .0116788    .0624820    .1404541
   7.6800000    .0114790    .0618175    .1421035
   7.7000000    .0112825    .0611598    .1437723
   7.7200000    .0110894    .0605089    .1454607
   7.7400000    .0108995    .0598646    .1471691
   7.7600000    .0107128    .0592268    .1488975
   7.7800000    .0105293    .0585956    .1506463
   7.8000000    .0103488    .0579708    .1524156
   7.8200000    .0101714    .0573525    .1542059
   7.8400000    .0099970    .0567405    .1560172
   7.8600000    .0098256    .0561347    .1578498
   7.8800000    .0096571    .0555352    .1597041
   7.9000000    .0094914    .0549419    .1615802
   7.9200000    .0093285    .0543546    .1634783
   7.9400000    .0091684    .0537734    .1653988
   7.9600000    .0090110    .0531982    .1673419
   7.9800000    .0088563    .0526289    .1693079
   8.0000000    .0087042    .0520655    .1712971
   8.0200000    .0085547    .0515079    .1733096
   8.0400000    .0084077    .0509561    .1753459
   8.0600000    .0082632    .0504100    .1774062
   8.0800000    .0081212    .0498695    .1794908
   8.1000000    .0079816    .0493346    .1815999
   8.1200000    .0078443    .0488053    .1837338
   8.1400000    .0077094    .0482815    .1858928
   8.1600000    .0075768    .0477631    .1880773
   8.1800000    .0074465    .0472500    .1902874
   8.2000000    .0073184    .0467423    .1925236
   8.2200000    .0071924    .0462399    .1947861
   8.2400000    .0070686    .0457428    .1970753
   8.2600000    .0069470    .0452508    .1993915
   8.2800000    .0068274    .0447639    .2017349
   8.3000000    .0067098    .0442821    .2041059
   8.3200000    .0065943    .0438053    .2065048
   8.3400000    .0064807    .0433335    .2089320
   8.3600000    .0063691    .0428667    .2113877
   8.3800000    .0062594    .0424047    .2138723
   8.4000000    .0061515    .0419475    .2163861
   8.4200000    .0060455    .0414952    .2189296
   8.4400000    .0059413    .0410476    .2215030
   8.4600000    .0058389    .0406046    .2241067
   8.4800000    .0057383    .0401663    .2267411
   8.5000000    .0056394    .0397327    .2294066
   8.5200000    .0055422    .0393035    .2321033
   8.5400000    .0054466    .0388789    .2348318
   8.5600000    .0053527    .0384587    .2375924
   8.5800000    .0052604    .0380430    .2403855
   8.6000000    .0051697    .0376316    .2432115
   8.6200000    .0050806    .0372246    .2460707
   8.6400000    .0049930    .0368218    .2489636
   8.6600000    .0049069    .0364233    .2518905
   8.6800000    .0048223    .0360290    .2548519
   8.7000000    .0047391    .0356389    .2578481
   8.7200000    .0046574    .0352529    .2608795
   8.7400000    .0045771    .0348709    .2639466
   8.7600000    .0044981    .0344930    .2670497
   8.7800000    .0044205    .0341191    .2701892
   8.8000000    .0043443    .0337491    .2733657
   8.8200000    .0042694    .0333831    .2765795
   8.8400000    .0041958    .0330209    .2798313
   8.8600000    .0041234    .0326626    .2831213
   8.8800000    .0040523    .0323081    .2864501
   8.9000000    .0039825    .0319573    .2898181
   8.9200000    .0039138    .0316103    .2932259
   8.9400000    .0038464    .0312669    .2966737
   8.9600000    .0037801    .0309272    .3001623
   8.9800000    .0037149    .0305911    .3036918
   9.0000000    .0036509    .0302586    .3072629
   9.0200000    .0035880    .0299296    .3108760
   9.0400000    .0035262    .0296041    .3145316
   9.0600000    .0034654    .0292820    .3182300
   9.0800000    .0034058    .0289634    .3219719
   9.1000000    .0033471    .0286482    .3257575
   9.1200000    .0032895    .0283364    .3295875
   9.1400000    .0032329    .0280279    .3334621
   9.1600000    .0031773    .0277227    .3373820
   9.1800000    .0031226    .0274207    .3413476
   9.2000000    .0030689    .0271219    .3453593
   9.2200000    .0030161    .0268264    .3494180
   9.2400000    .0029643    .0265339    .3535244
   9.2600000    .0029133    .0262447    .3576792
   9.2800000    .0028633    .0259585    .3618833
   9.3000000    .0028141    .0256754    .3661372
   9.3200000    .0027658    .0253953    .3704418
   9.3400000    .0027184    .0251182    .3747979
   9.3600000    .0026717    .0248441    .3792062
   9.3800000    .0026259    .0245729    .3836674
   9.4000000    .0025809    .0243047    .3881823
   9.4200000    .0025367    .0240393    .3927515
   9.4400000    .0024933    .0237768    .3973753
   9.4600000    .0024506    .0235172    .4020536
   9.4800000    .0024087    .0232603    .4067866
   9.5000000    .0023675    .0230061    .4115742
   9.5200000    .0023271    .0227547    .4164166
   9.5400000    .0022874    .0225060    .4213136
   9.5600000    .0022483    .0222599    .4262654
   9.5800000    .0022100    .0220164    .4312720
   9.6000000    .0021723    .0217756    .4363334
   9.6200000    .0021353    .0215373    .4414496
   9.6400000    .0020990    .0213015    .4466208
   9.6600000    .0020633    .0210683    .4518479
   9.6800000    .0020283    .0208375    .4571338
   9.7000000    .0019938    .0206092    .4624815
   9.7200000    .0019600    .0203834    .4678940
   9.7400000    .0019268    .0201600    .4733742
   9.7600000    .0018942    .0199391    .4789252
   9.7800000    .0018621    .0197206    .4845500
   9.8000000    .0018307    .0195046    .4902515
   9.8200000    .0017998    .0192910    .4960328
   9.8400000    .0017695    .0190798    .5018968
   9.8600000    .0017397    .0188710    .5078465
   9.8800000    .0017105    .0186646    .5138849
   9.9000000    .0016818    .0184605    .5200107
   9.9200000    .0016537    .0182587    .5262170
   9.9400000    .0016261    .0180591    .5324966
   9.9600000    .0015989    .0178616    .5388425
   9.9800000    .0015723    .0176662    .5452472
  10.0000000    .0015461    .0174728    .5517037
