Tl
3.000000 204.000000 4
1.236364 1.735555 2.109391 1.735555 1.735555 
501 0.020000
  0.00000309   7.08826236  -0.41037276   0.91606605  -2.52901125  -2.07218602
  0.02000000   7.08748295  -0.24943186  -0.79807853  -2.39719968  -2.07268087
  0.04000000   7.07578147  -0.25036529  -0.80245735  -2.40045214  -2.07480645
  0.06000000   7.05020536  -0.25316847  -0.80811649  -2.40580668  -2.03558684
  0.08000000   7.01029256  -0.25793788  -0.81480101  -2.41317873  -2.04251096
  0.10000000   6.95640740  -0.26460223  -0.82235474  -2.42242098  -2.05130647
  0.12000000   6.88929964  -0.27302014  -0.83066622  -2.43336123  -2.06180642
  0.14000000   6.80989849  -0.28302476  -0.83964991  -2.44582316  -2.07383611
  0.16000000   6.71917310  -0.29445358  -0.84923803  -2.45964266  -2.08723171
  0.18000000   6.61816001  -0.30713738  -0.85937391  -2.47465646  -2.10182888
  0.20000000   6.50798852  -0.32088959  -0.87000759  -2.49069215  -2.11745274
  0.22000000   6.38980346  -0.33552160  -0.88109477  -2.50757844  -2.13392895
  0.24000000   6.26467280  -0.35086286  -0.89259693  -2.52515941  -2.15109884
  0.26000000   6.13358631  -0.36675890  -0.90448005  -2.54329241  -2.16881734
  0.28000000   5.99749406  -0.38305930  -0.91671274  -2.56183861  -2.18694316
  0.30000000   5.85727473  -0.39962420  -0.92926626  -2.58066761  -2.20534363
  0.32000000   5.71365948  -0.41634343  -0.94211560  -2.59967150  -2.22390962
  0.34000000   5.56719289  -0.43314729  -0.95524008  -2.61877284  -2.24256398
  0.36000000   5.41824853  -0.45000362  -0.96862294  -2.63792231  -2.26125914
  0.38000000   5.26707426  -0.46690706  -0.98225025  -2.65709064  -2.27996861
  0.40000000   5.11384272  -0.48386656  -0.99610976  -2.67625916  -2.29867703
  0.42000000   4.95869337  -0.50089468  -1.01018994  -2.69541174  -2.31737173
  0.44000000   4.80176133  -0.51800012  -1.02447922  -2.71452912  -2.33603671
  0.46000000   4.64319299  -0.53518359  -1.03896558  -2.73358584  -2.35464942
  0.48000000   4.48315068  -0.55243662  -1.05363640  -2.75254927  -2.37317975
  0.50000000   4.32180991  -0.56974255  -1.06847846  -2.77138034  -2.39159080
  0.52000000   4.15935232  -0.58707881  -1.08347810  -2.79003526  -2.40984066
  0.54000000   3.99595751  -0.60441969  -1.09862140  -2.80846757  -2.42788461
  0.56000000   3.83179601  -0.62173900  -1.11389442  -2.82663018  -2.44567726
  0.58000000   3.66702496  -0.63901205  -1.12928330  -2.84447681  -2.46317410
  0.60000000   3.50178720  -0.65621671  -1.14477437  -2.86196289  -2.48033238
  0.62000000   3.33621349  -0.67333352  -1.16035415  -2.87904559  -2.49711125
  0.64000000   3.17042694  -0.69034510  -1.17600925  -2.89568346  -2.51347127
  0.66000000   3.00454834  -0.70723517  -1.19172632  -2.91183566  -2.52937372
  0.68000000   2.83870100  -0.72398761  -1.20749192  -2.92746135  -2.54477985
  0.70000000   2.67301419  -0.74058588  -1.22329245  -2.94251921  -2.55965041
  0.72000000   2.50762463  -0.75701290  -1.23911413  -2.95696744  -2.57394571
  0.74000000   2.34267638  -0.77325147  -1.25494301  -2.97076406  -2.58762586
  0.76000000   2.17831958  -0.78928499  -1.27076502  -2.98386754  -2.60065148
  0.78000000   2.01470874  -0.80509829  -1.28656606  -2.99623745  -2.61298439
  0.80000000   1.85200103  -0.82067851  -1.30233203  -3.00783519  -2.62458839
  0.82000000   1.69035512  -0.83601574  -1.31804892  -3.01862451  -2.63542982
  0.84000000   1.52993054  -0.85110343  -1.33370281  -3.02857192  -2.64547801
  0.86000000   1.37088759  -0.86593863  -1.34927996  -3.03764690  -2.65470550
  0.88000000   1.21338777  -0.88052193  -1.36476673  -3.04582199  -2.66308815
  0.90000000   1.05759442  -0.89485728  -1.38014962  -3.05307265  -2.67060503
  0.92000000   0.90367349  -0.90895164  -1.39541521  -3.05937718  -2.67723830
  0.94000000   0.75179432  -0.92281464  -1.41055017  -3.06471643  -2.68297296
  0.96000000   0.60213023  -0.93645806  -1.42554114  -3.06907362  -2.68779661
  0.98000000   0.45485891  -0.94989543  -1.44037477  -3.07243399  -2.69169917
  1.00000000   0.31016256  -0.96314153  -1.45503760  -3.07478464  -2.69467266
  1.02000000   0.16822767  -0.97621199  -1.46951609  -3.07611424  -2.69671090
  1.04000000   0.02924459  -0.98912288  -1.48379650  -3.07641282  -2.69780935
  1.06000000  -0.10659329  -1.00189034  -1.49786489  -3.07567162  -2.69796486
  1.08000000  -0.23909056  -1.01453026  -1.51170710  -3.07388293  -2.69717559
  1.10000000  -0.36805107  -1.02705798  -1.52530866  -3.07103994  -2.69544082
  1.12000000  -0.49327950  -1.03948804  -1.53865479  -3.06713669  -2.69276087
  1.14000000  -0.61458298  -1.05183398  -1.55173037  -3.06216797  -2.68913704
  1.16000000  -0.73177297  -1.06410813  -1.56451992  -3.05612932  -2.68457152
  1.18000000  -0.84466721  -1.07632143  -1.57700755  -3.04901695  -2.67906741
  1.20000000  -0.95309167  -1.08848336  -1.58917696  -3.04082780  -2.67262867
  1.22000000  -1.05688260  -1.10060177  -1.60101143  -3.03155955  -2.66526013
  1.24000000  -1.15588857  -1.11268279  -1.61249383  -3.02121064  -2.65696751
  1.26000000  -1.24997234  -1.12473081  -1.62360654  -3.00978031  -2.64775744
  1.28000000  -1.33901282  -1.13674839  -1.63433156  -2.99726872  -2.63763750
  1.30000000  -1.42290671  -1.14873623  -1.64465043  -2.98367696  -2.62661627
  1.32000000  -1.50157013  -1.16069313  -1.65454428  -2.96900718  -2.61470335
  1.34000000  -1.57493996  -1.17261603  -1.66399384  -2.95326270  -2.60190944
  1.36000000  -1.64297504  -1.18449998  -1.67297947  -2.93644807  -2.58824636
  1.38000000  -1.70565702  -1.19633817  -1.68148120  -2.91856919  -2.57372716
  1.40000000  -1.76299108  -1.20812195  -1.68947876  -2.89963348  -2.55836612
  1.42000000  -1.81500626  -1.21984091  -1.69695162  -2.87964994  -2.54217882
  1.44000000  -1.86175555  -1.23148289  -1.70387906  -2.85862931  -2.52518220
  1.46000000  -1.90331569  -1.24303410  -1.71024025  -2.83658419  -2.50739464
  1.48000000  -1.93978666  -1.25447917  -1.71601426  -2.81352920  -2.48883593
  1.50000000  -1.97129087  -1.26580123  -1.72118021  -2.78948104  -2.46952738
  1.52000000  -1.99797210  -1.27698204  -1.72571731  -2.76445870  -2.44949182
  1.54000000  -2.01999416  -1.28800212  -1.72960498  -2.73848352  -2.42875367
  1.56000000  -2.03753931  -1.29884081  -1.73282292  -2.71157935  -2.40733889
  1.58000000  -2.05080644  -1.30947646  -1.73535127  -2.68377263  -2.38527504
  1.60000000  -2.06000911  -1.31988653  -1.73717066  -2.65509250  -2.36259130
  1.62000000  -2.06537339  -1.33004778  -1.73826237  -2.62557089  -2.33931839
  1.64000000  -2.06713561  -1.33993638  -1.73860847  -2.59524259  -2.31548862
  1.66000000  -2.06553999  -1.34952810  -1.73819190  -2.56414526  -2.29113582
  1.68000000  -2.06083629  -1.35879846  -1.73699666  -2.53231953  -2.26629528
  1.70000000  -2.05327741  -1.36772291  -1.73500790  -2.49980894  -2.24100371
  1.72000000  -2.04311701  -1.37627697  -1.73221209  -2.46665998  -2.21529916
  1.74000000  -2.03060728  -1.38443643  -1.72859715  -2.43292198  -2.18922091
  1.76000000  -2.01599673  -1.39217752  -1.72415261  -2.39864710  -2.16280939
  1.78000000  -1.99952819  -1.39947705  -1.71886972  -2.36389017  -2.13610601
  1.80000000  -1.98143694  -1.40631261  -1.71274164  -2.32870856  -2.10915308
  1.82000000  -1.96194906  -1.41266271  -1.70576351  -2.29316204  -2.08199363
  1.84000000  -1.94127996  -1.41850694  -1.69793267  -2.25731252  -2.05467121
  1.86000000  -1.91963320  -1.42382612  -1.68924871  -2.22122385  -2.02722978
  1.88000000  -1.89719945  -1.42860245  -1.67971365  -2.18496152  -1.99971348
  1.90000000  -1.87415578  -1.43281965  -1.66933205  -2.14859237  -1.97216644
  1.92000000  -1.85066516  -1.43646305  -1.65811109  -2.11218425  -1.94463255
  1.94000000  -1.82687614  -1.43951977  -1.64606072  -2.07580563  -1.91715532
  1.96000000  -1.80292284  -1.44197875  -1.63319369  -2.03952524  -1.88977757
  1.98000000  -1.77892502  -1.44383090  -1.61952570  -2.00341166  -1.86254131
  2.00000000  -1.75498849  -1.44506914  -1.60507541  -1.96753287  -1.83548744
  2.02000000  -1.73120553  -1.44568849  -1.58986449  -1.93195586  -1.80865559
  2.04000000  -1.70765554  -1.44568612  -1.57391771  -1.89674611  -1.78208393
  2.06000000  -1.68440577  -1.44506138  -1.55726288  -1.86196724  -1.75580890
  2.08000000  -1.66151216  -1.44381580  -1.53993089  -1.82768049  -1.72986512
  2.10000000  -1.63902020  -1.44195317  -1.52195571  -1.79394435  -1.70428514
  2.12000000  -1.61696590  -1.43947946  -1.50337427  -1.76081413  -1.67909933
  2.14000000  -1.59537671  -1.43640281  -1.48422647  -1.72834156  -1.65433574
  2.16000000  -1.57427246  -1.43273354  -1.46455503  -1.69657449  -1.63001994
  2.18000000  -1.55366631  -1.42848404  -1.44440541  -1.66555652  -1.60617500
  2.20000000  -1.53356563  -1.42366874  -1.42382564  -1.63532673  -1.58282131
  2.22000000  -1.51397285  -1.41830402  -1.40286620  -1.60591947  -1.55997662
  2.24000000  -1.49488623  -1.41240810  -1.38157974  -1.57736417  -1.53765598
  2.26000000  -1.47630061  -1.40600096  -1.36002096  -1.54968519  -1.51587169
  2.28000000  -1.45820805  -1.39910418  -1.33824629  -1.52290175  -1.49463339
  2.30000000  -1.44059840  -1.39174085  -1.31631366  -1.49702794  -1.47394805
  2.32000000  -1.42345988  -1.38393540  -1.29428218  -1.47207268  -1.45382004
  2.34000000  -1.40677945  -1.37571346  -1.27221186  -1.44803987  -1.43425123
  2.36000000  -1.39054324  -1.36710171  -1.25016323  -1.42492849  -1.41524108
  2.38000000  -1.37473687  -1.35812767  -1.22819704  -1.40273281  -1.39678675
  2.40000000  -1.35934568  -1.34881959  -1.20637386  -1.38144261  -1.37888325
  2.42000000  -1.34435500  -1.33920624  -1.18475370  -1.36104344  -1.36152359
  2.44000000  -1.32975028  -1.32931673  -1.16339565  -1.34151697  -1.34469894
  2.46000000  -1.31551723  -1.31918034  -1.14235748  -1.32284128  -1.32839879
  2.48000000  -1.30164194  -1.30882635  -1.12169524  -1.30499128  -1.31261113
  2.50000000  -1.28811091  -1.29828388  -1.10146291  -1.28793906  -1.29732264
  2.52000000  -1.27491114  -1.28758166  -1.08171201  -1.27165429  -1.28251885
  2.54000000  -1.26203012  -1.27674797  -1.06249121  -1.25610467  -1.26818438
  2.56000000  -1.24945587  -1.26581038  -1.04384607  -1.24125628  -1.25430304
  2.58000000  -1.23717695  -1.25479568  -1.02581864  -1.22707401  -1.24085805
  2.60000000  -1.22518239  -1.24372972  -1.00844721  -1.21352196  -1.22783224
  2.62000000  -1.21346178  -1.23263726  -0.99176608  -1.20056379  -1.21520813
  2.64000000  -1.20200514  -1.22154191  -0.97580528  -1.18816309  -1.20296816
  2.66000000  -1.19080301  -1.21046602  -0.96059042  -1.17628373  -1.19109479
  2.68000000  -1.17984632  -1.19943057  -0.94614255  -1.16489012  -1.17957064
  2.70000000  -1.16912646  -1.18845511  -0.93247805  -1.15394752  -1.16837860
  2.72000000  -1.15863521  -1.17755776  -0.91960858  -1.14342228  -1.15750195
  2.74000000  -1.14836471  -1.16675510  -0.90754103  -1.13328204  -1.14692443
  2.76000000  -1.13830748  -1.15606219  -0.89627765  -1.12349588  -1.13663033
  2.78000000  -1.12845637  -1.14549255  -0.88581599  -1.11403455  -1.12660455
  2.80000000  -1.11880454  -1.13505818  -0.87614916  -1.10487046  -1.11683267
  2.82000000  -1.10934545  -1.12476957  -0.86726590  -1.09597787  -1.10730095
  2.84000000  -1.10007286  -1.11463572  -0.85915079  -1.08733287  -1.09799638
  2.86000000  -1.09098079  -1.10466421  -0.85178453  -1.07891343  -1.08890670
  2.88000000  -1.08206352  -1.09486124  -0.84514417  -1.07069938  -1.08002042
  2.90000000  -1.07331555  -1.08523169  -0.83920341  -1.06267241  -1.07132677
  2.92000000  -1.06473165  -1.07577921  -0.83393292  -1.05481599  -1.06281574
  2.94000000  -1.05630676  -1.06650628  -0.82930069  -1.04711533  -1.05447802
  2.96000000  -1.04803607  -1.05741430  -0.82527236  -1.03955728  -1.04630501
  2.98000000  -1.03991495  -1.04850367  -0.82181159  -1.03213026  -1.03828877
  3.00000000  -1.03193894  -1.03977391  -0.81888044  -1.02482414  -1.03042201
  3.02000000  -1.02410378  -1.03122369  -0.81643972  -1.01763014  -1.02269802
  3.04000000  -1.01640537  -1.02285101  -0.81444934  -1.01054074  -1.01511065
  3.06000000  -1.00883979  -1.01465318  -0.81286872  -1.00354952  -1.00765429
  3.08000000  -1.00140324  -1.00662702  -0.81165705  -0.99665107  -1.00032378
  3.10000000  -0.99409210  -0.99876886  -0.81077371  -0.98984091  -0.99311443
  3.12000000  -0.98690286  -0.99107466  -0.81017850  -0.98311532  -0.98602194
  3.14000000  -0.97983217  -0.98354008  -0.80983197  -0.97647129  -0.97904236
  3.16000000  -0.97287679  -0.97616054  -0.80969569  -0.96990639  -0.97217210
  3.18000000  -0.96603362  -0.96893130  -0.80973249  -0.96341868  -0.96540781
  3.20000000  -0.95929964  -0.96184752  -0.80990663  -0.95700666  -0.95874645
  3.22000000  -0.95267199  -0.95490429  -0.81018406  -0.95066914  -0.95218519
  3.24000000  -0.94614786  -0.94809673  -0.81053254  -0.94440522  -0.94572139
  3.26000000  -0.93972460  -0.94141995  -0.81092179  -0.93821420  -0.93935260
  3.28000000  -0.93339961  -0.93486918  -0.81132357  -0.93209554  -0.93307653
  3.30000000  -0.92717040  -0.92843973  -0.81171181  -0.92604878  -0.92689099
  3.32000000  -0.92103457  -0.92212703  -0.81206261  -0.92007357  -0.92079395
  3.34000000  -0.91498980  -0.91592667  -0.81235432  -0.91416956  -0.91478345
  3.36000000  -0.90903385  -0.90983442  -0.81256751  -0.90833643  -0.90885762
  3.38000000  -0.90316456  -0.90384621  -0.81268501  -0.90257383  -0.90301467
  3.40000000  -0.89737985  -0.89795815  -0.81269179  -0.89688139  -0.89725289
  3.42000000  -0.89167769  -0.89216654  -0.81257501  -0.89125871  -0.89157058
  3.44000000  -0.88605614  -0.88646787  -0.81232388  -0.88570530  -0.88596615
  3.46000000  -0.88051330  -0.88085883  -0.81192962  -0.88022066  -0.88043801
  3.48000000  -0.87504737  -0.87533628  -0.81138532  -0.87480420  -0.87498462
  3.50000000  -0.86965657  -0.86989725  -0.81068592  -0.86945529  -0.86960448
  3.52000000  -0.86433919  -0.86453896  -0.80982800  -0.86417323  -0.86429614
  3.54000000  -0.85909360  -0.85925879  -0.80880975  -0.85895728  -0.85905815
  3.56000000  -0.85391817  -0.85405427  -0.80763078  -0.85380665  -0.85388911
  3.58000000  -0.84881138  -0.84892308  -0.80629203  -0.84872049  -0.84878764
  3.60000000  -0.84377171  -0.84386305  -0.80479566  -0.84369792  -0.84375240
  3.62000000  -0.83879771  -0.83887212  -0.80314486  -0.83873805  -0.83878207
  3.64000000  -0.83388797  -0.83394836  -0.80134379  -0.83383992  -0.83387535
  3.66000000  -0.82904113  -0.82908994  -0.79939743  -0.82900258  -0.82903099
  3.68000000  -0.82425585  -0.82429516  -0.79731146  -0.82422505  -0.82424773
  3.70000000  -0.81953085  -0.81956239  -0.79509215  -0.81950634  -0.81952438
  3.72000000  -0.81486489  -0.81489008  -0.79274623  -0.81484545  -0.81485975
  3.74000000  -0.81025674  -0.81027679  -0.79028084  -0.81024139  -0.81025268
  3.76000000  -0.80570523  -0.80572113  -0.78770337  -0.80569317  -0.80570203
  3.78000000  -0.80120922  -0.80122178  -0.78502141  -0.80119977  -0.80120672
  3.80000000  -0.79676760  -0.79677748  -0.78224265  -0.79676023  -0.79676565
  3.82000000  -0.79237929  -0.79238703  -0.77937480  -0.79237357  -0.79237777
  3.84000000  -0.78804324  -0.78804928  -0.77642556  -0.78803881  -0.78804206
  3.86000000  -0.78375843  -0.78376312  -0.77340251  -0.78375502  -0.78375752
  3.88000000  -0.77952387  -0.77952750  -0.77031308  -0.77952126  -0.77952318
  3.90000000  -0.77533860  -0.77534140  -0.76716450  -0.77533660  -0.77533807
  3.92000000  -0.77120167  -0.77120382  -0.76396378  -0.77120015  -0.77120127
  3.94000000  -0.76711218  -0.76711383  -0.76071763  -0.76711103  -0.76711188
  3.96000000  -0.76306924  -0.76307049  -0.75743250  -0.76306837  -0.76306901
  3.98000000  -0.75907198  -0.75907293  -0.75411450  -0.75907133  -0.75907180
  4.00000000  -0.75511956  -0.75512027  -0.75076941  -0.75511907  -0.75511943
  4.02000000  -0.75121116  -0.75121169  -0.74740267  -0.75121079  -0.75121106
  4.04000000  -0.74734598  -0.74734638  -0.74401937  -0.74734571  -0.74734590
  4.06000000  -0.74352324  -0.74352354  -0.74062427  -0.74352304  -0.74352319
  4.08000000  -0.73974219  -0.73974241  -0.73722175  -0.73974205  -0.73974215
  4.10000000  -0.73600209  -0.73600225  -0.73381587  -0.73600198  -0.73600206
  4.12000000  -0.73230221  -0.73230233  -0.73041035  -0.73230213  -0.73230219
  4.14000000  -0.72864186  -0.72864194  -0.72700858  -0.72864180  -0.72864184
  4.16000000  -0.72502034  -0.72502041  -0.72361366  -0.72502030  -0.72502033
  4.18000000  -0.72143700  -0.72143704  -0.72022836  -0.72143697  -0.72143699
  4.20000000  -0.71789117  -0.71789120  -0.71685519  -0.71789115  -0.71789116
  4.22000000  -0.71438222  -0.71438225  -0.71349638  -0.71438221  -0.71438222
  4.24000000  -0.71090954  -0.71090956  -0.71015392  -0.71090953  -0.71090954
  4.26000000  -0.70747251  -0.70747252  -0.70682953  -0.70747250  -0.70747251
  4.28000000  -0.70407055  -0.70407056  -0.70352476  -0.70407054  -0.70407055
  4.30000000  -0.70070307  -0.70070307  -0.70024093  -0.70070306  -0.70070307
  4.32000000  -0.69736951  -0.69736952  -0.69697917  -0.69736951  -0.69736951
  4.34000000  -0.69406932  -0.69406933  -0.69374045  -0.69406932  -0.69406932
  4.36000000  -0.69080197  -0.69080197  -0.69052557  -0.69080197  -0.69080197
  4.38000000  -0.68756692  -0.68756692  -0.68733522  -0.68756692  -0.68756692
  4.40000000  -0.68436366  -0.68436366  -0.68416992  -0.68436366  -0.68436366
  4.42000000  -0.68119169  -0.68119169  -0.68103010  -0.68119169  -0.68119169
  4.44000000  -0.67805052  -0.67805052  -0.67791609  -0.67805052  -0.67805052
  4.46000000  -0.67493967  -0.67493967  -0.67482812  -0.67493967  -0.67493967
  4.48000000  -0.67185866  -0.67185866  -0.67176634  -0.67185866  -0.67185866
  4.50000000  -0.66880704  -0.66880704  -0.66873084  -0.66880704  -0.66880704
  4.52000000  -0.66578436  -0.66578436  -0.66572162  -0.66578436  -0.66578436
  4.54000000  -0.66279018  -0.66279018  -0.66273866  -0.66279018  -0.66279018
  4.56000000  -0.65982407  -0.65982407  -0.65978188  -0.65982407  -0.65982407
  4.58000000  -0.65688560  -0.65688560  -0.65685114  -0.65688560  -0.65688560
  4.60000000  -0.65397437  -0.65397437  -0.65394630  -0.65397437  -0.65397437
  4.62000000  -0.65108997  -0.65108997  -0.65106717  -0.65108997  -0.65108997
  4.64000000  -0.64823201  -0.64823201  -0.64821353  -0.64823201  -0.64823201
  4.66000000  -0.64540010  -0.64540010  -0.64538517  -0.64540010  -0.64540010
  4.68000000  -0.64259386  -0.64259386  -0.64258183  -0.64259386  -0.64259386
  4.70000000  -0.63981292  -0.63981292  -0.63980325  -0.63981292  -0.63981292
  4.72000000  -0.63705691  -0.63705691  -0.63704917  -0.63705691  -0.63705691
  4.74000000  -0.63432549  -0.63432549  -0.63431930  -0.63432549  -0.63432549
  4.76000000  -0.63161830  -0.63161830  -0.63161337  -0.63161830  -0.63161830
  4.78000000  -0.62893500  -0.62893500  -0.62893108  -0.62893500  -0.62893500
  4.80000000  -0.62627526  -0.62627526  -0.62627216  -0.62627526  -0.62627526
  4.82000000  -0.62363874  -0.62363874  -0.62363629  -0.62363874  -0.62363874
  4.84000000  -0.62102513  -0.62102513  -0.62102320  -0.62102513  -0.62102513
  4.86000000  -0.61843411  -0.61843411  -0.61843260  -0.61843411  -0.61843411
  4.88000000  -0.61586537  -0.61586537  -0.61586418  -0.61586537  -0.61586537
  4.90000000  -0.61331861  -0.61331861  -0.61331768  -0.61331861  -0.61331861
  4.92000000  -0.61079353  -0.61079353  -0.61079280  -0.61079353  -0.61079353
  4.94000000  -0.60828983  -0.60828983  -0.60828927  -0.60828983  -0.60828983
  4.96000000  -0.60580724  -0.60580724  -0.60580680  -0.60580724  -0.60580724
  4.98000000  -0.60334546  -0.60334546  -0.60334513  -0.60334546  -0.60334546
  5.00000000  -0.60090424  -0.60090424  -0.60090398  -0.60090424  -0.60090424
  5.02000000  -0.59848328  -0.59848328  -0.59848308  -0.59848328  -0.59848328
  5.04000000  -0.59608233  -0.59608233  -0.59608218  -0.59608233  -0.59608233
  5.06000000  -0.59370114  -0.59370114  -0.59370102  -0.59370114  -0.59370114
  5.08000000  -0.59133943  -0.59133943  -0.59133934  -0.59133943  -0.59133943
  5.10000000  -0.58899697  -0.58899697  -0.58899690  -0.58899697  -0.58899697
  5.12000000  -0.58667350  -0.58667350  -0.58667345  -0.58667350  -0.58667350
  5.14000000  -0.58436878  -0.58436878  -0.58436874  -0.58436878  -0.58436878
  5.16000000  -0.58208258  -0.58208258  -0.58208255  -0.58208258  -0.58208258
  5.18000000  -0.57981466  -0.57981466  -0.57981464  -0.57981466  -0.57981466
  5.20000000  -0.57756479  -0.57756479  -0.57756478  -0.57756479  -0.57756479
  5.22000000  -0.57533275  -0.57533275  -0.57533274  -0.57533275  -0.57533275
  5.24000000  -0.57311832  -0.57311832  -0.57311831  -0.57311832  -0.57311832
  5.26000000  -0.57092127  -0.57092127  -0.57092126  -0.57092127  -0.57092127
  5.28000000  -0.56874140  -0.56874140  -0.56874139  -0.56874140  -0.56874140
  5.30000000  -0.56657849  -0.56657849  -0.56657849  -0.56657849  -0.56657849
  5.32000000  -0.56443234  -0.56443234  -0.56443234  -0.56443234  -0.56443234
  5.34000000  -0.56230274  -0.56230274  -0.56230274  -0.56230274  -0.56230274
  5.36000000  -0.56018950  -0.56018950  -0.56018950  -0.56018950  -0.56018950
  5.38000000  -0.55809242  -0.55809242  -0.55809242  -0.55809242  -0.55809242
  5.40000000  -0.55601131  -0.55601131  -0.55601131  -0.55601131  -0.55601131
  5.42000000  -0.55394597  -0.55394597  -0.55394597  -0.55394597  -0.55394597
  5.44000000  -0.55189623  -0.55189623  -0.55189623  -0.55189623  -0.55189623
  5.46000000  -0.54986189  -0.54986189  -0.54986189  -0.54986189  -0.54986189
  5.48000000  -0.54784279  -0.54784279  -0.54784279  -0.54784279  -0.54784279
  5.50000000  -0.54583873  -0.54583873  -0.54583873  -0.54583873  -0.54583873
  5.52000000  -0.54384955  -0.54384955  -0.54384955  -0.54384955  -0.54384955
  5.54000000  -0.54187507  -0.54187507  -0.54187507  -0.54187507  -0.54187507
  5.56000000  -0.53991513  -0.53991513  -0.53991513  -0.53991513  -0.53991513
  5.58000000  -0.53796956  -0.53796956  -0.53796956  -0.53796956  -0.53796956
  5.60000000  -0.53603819  -0.53603819  -0.53603819  -0.53603819  -0.53603819
  5.62000000  -0.53412087  -0.53412087  -0.53412087  -0.53412087  -0.53412087
  5.64000000  -0.53221744  -0.53221744  -0.53221744  -0.53221744  -0.53221744
  5.66000000  -0.53032774  -0.53032774  -0.53032774  -0.53032774  -0.53032774
  5.68000000  -0.52845162  -0.52845162  -0.52845162  -0.52845162  -0.52845162
  5.70000000  -0.52658892  -0.52658892  -0.52658892  -0.52658892  -0.52658892
  5.72000000  -0.52473951  -0.52473951  -0.52473951  -0.52473951  -0.52473951
  5.74000000  -0.52290322  -0.52290322  -0.52290322  -0.52290322  -0.52290322
  5.76000000  -0.52107993  -0.52107993  -0.52107993  -0.52107993  -0.52107993
  5.78000000  -0.51926948  -0.51926948  -0.51926948  -0.51926948  -0.51926948
  5.80000000  -0.51747174  -0.51747174  -0.51747174  -0.51747174  -0.51747174
  5.82000000  -0.51568656  -0.51568656  -0.51568656  -0.51568656  -0.51568656
  5.84000000  -0.51391382  -0.51391382  -0.51391382  -0.51391382  -0.51391382
  5.86000000  -0.51215339  -0.51215339  -0.51215339  -0.51215339  -0.51215339
  5.88000000  -0.51040512  -0.51040512  -0.51040512  -0.51040512  -0.51040512
  5.90000000  -0.50866889  -0.50866889  -0.50866889  -0.50866889  -0.50866889
  5.92000000  -0.50694457  -0.50694457  -0.50694457  -0.50694457  -0.50694457
  5.94000000  -0.50523204  -0.50523204  -0.50523204  -0.50523204  -0.50523204
  5.96000000  -0.50353117  -0.50353117  -0.50353117  -0.50353117  -0.50353117
  5.98000000  -0.50184184  -0.50184184  -0.50184184  -0.50184184  -0.50184184
  6.00000000  -0.50016394  -0.50016394  -0.50016394  -0.50016394  -0.50016394
  6.02000000  -0.49849733  -0.49849733  -0.49849733  -0.49849733  -0.49849733
  6.04000000  -0.49684191  -0.49684191  -0.49684191  -0.49684191  -0.49684191
  6.06000000  -0.49519756  -0.49519756  -0.49519756  -0.49519756  -0.49519756
  6.08000000  -0.49356416  -0.49356416  -0.49356416  -0.49356416  -0.49356416
  6.10000000  -0.49194161  -0.49194161  -0.49194161  -0.49194161  -0.49194161
  6.12000000  -0.49032979  -0.49032979  -0.49032979  -0.49032979  -0.49032979
  6.14000000  -0.48872860  -0.48872860  -0.48872860  -0.48872860  -0.48872860
  6.16000000  -0.48713793  -0.48713793  -0.48713793  -0.48713793  -0.48713793
  6.18000000  -0.48555767  -0.48555767  -0.48555767  -0.48555767  -0.48555767
  6.20000000  -0.48398771  -0.48398771  -0.48398771  -0.48398771  -0.48398771
  6.22000000  -0.48242797  -0.48242797  -0.48242797  -0.48242797  -0.48242797
  6.24000000  -0.48087832  -0.48087832  -0.48087832  -0.48087832  -0.48087832
  6.26000000  -0.47933868  -0.47933868  -0.47933868  -0.47933868  -0.47933868
  6.28000000  -0.47780895  -0.47780895  -0.47780895  -0.47780895  -0.47780895
  6.30000000  -0.47628902  -0.47628902  -0.47628902  -0.47628902  -0.47628902
  6.32000000  -0.47477881  -0.47477881  -0.47477881  -0.47477881  -0.47477881
  6.34000000  -0.47327821  -0.47327821  -0.47327821  -0.47327821  -0.47327821
  6.36000000  -0.47178714  -0.47178714  -0.47178714  -0.47178714  -0.47178714
  6.38000000  -0.47030550  -0.47030550  -0.47030550  -0.47030550  -0.47030550
  6.40000000  -0.46883320  -0.46883320  -0.46883320  -0.46883320  -0.46883320
  6.42000000  -0.46737015  -0.46737015  -0.46737015  -0.46737015  -0.46737015
  6.44000000  -0.46591627  -0.46591627  -0.46591627  -0.46591627  -0.46591627
  6.46000000  -0.46447146  -0.46447146  -0.46447146  -0.46447146  -0.46447146
  6.48000000  -0.46303563  -0.46303563  -0.46303563  -0.46303563  -0.46303563
  6.50000000  -0.46160872  -0.46160872  -0.46160872  -0.46160872  -0.46160872
  6.52000000  -0.46019062  -0.46019062  -0.46019062  -0.46019062  -0.46019062
  6.54000000  -0.45878126  -0.45878126  -0.45878126  -0.45878126  -0.45878126
  6.56000000  -0.45738056  -0.45738056  -0.45738056  -0.45738056  -0.45738056
  6.58000000  -0.45598843  -0.45598843  -0.45598843  -0.45598843  -0.45598843
  6.60000000  -0.45460479  -0.45460479  -0.45460479  -0.45460479  -0.45460479
  6.62000000  -0.45322957  -0.45322957  -0.45322957  -0.45322957  -0.45322957
  6.64000000  -0.45186269  -0.45186269  -0.45186269  -0.45186269  -0.45186269
  6.66000000  -0.45050407  -0.45050407  -0.45050407  -0.45050407  -0.45050407
  6.68000000  -0.44915364  -0.44915364  -0.44915364  -0.44915364  -0.44915364
  6.70000000  -0.44781132  -0.44781132  -0.44781132  -0.44781132  -0.44781132
  6.72000000  -0.44647703  -0.44647703  -0.44647703  -0.44647703  -0.44647703
  6.74000000  -0.44515071  -0.44515071  -0.44515071  -0.44515071  -0.44515071
  6.76000000  -0.44383228  -0.44383228  -0.44383228  -0.44383228  -0.44383228
  6.78000000  -0.44252168  -0.44252168  -0.44252168  -0.44252168  -0.44252168
  6.80000000  -0.44121882  -0.44121882  -0.44121882  -0.44121882  -0.44121882
  6.82000000  -0.43992364  -0.43992364  -0.43992364  -0.43992364  -0.43992364
  6.84000000  -0.43863608  -0.43863608  -0.43863608  -0.43863608  -0.43863608
  6.86000000  -0.43735606  -0.43735606  -0.43735606  -0.43735606  -0.43735606
  6.88000000  -0.43608352  -0.43608352  -0.43608352  -0.43608352  -0.43608352
  6.90000000  -0.43481840  -0.43481840  -0.43481840  -0.43481840  -0.43481840
  6.92000000  -0.43356061  -0.43356061  -0.43356061  -0.43356061  -0.43356061
  6.94000000  -0.43231012  -0.43231012  -0.43231012  -0.43231012  -0.43231012
  6.96000000  -0.43106683  -0.43106683  -0.43106683  -0.43106683  -0.43106683
  6.98000000  -0.42983071  -0.42983071  -0.42983071  -0.42983071  -0.42983071
  7.00000000  -0.42860168  -0.42860168  -0.42860168  -0.42860168  -0.42860168
  7.02000000  -0.42737968  -0.42737968  -0.42737968  -0.42737968  -0.42737968
  7.04000000  -0.42616465  -0.42616465  -0.42616465  -0.42616465  -0.42616465
  7.06000000  -0.42495653  -0.42495653  -0.42495653  -0.42495653  -0.42495653
  7.08000000  -0.42375526  -0.42375526  -0.42375526  -0.42375526  -0.42375526
  7.10000000  -0.42256078  -0.42256078  -0.42256078  -0.42256078  -0.42256078
  7.12000000  -0.42137304  -0.42137304  -0.42137304  -0.42137304  -0.42137304
  7.14000000  -0.42019198  -0.42019198  -0.42019198  -0.42019198  -0.42019198
  7.16000000  -0.41901753  -0.41901753  -0.41901753  -0.41901753  -0.41901753
  7.18000000  -0.41784966  -0.41784966  -0.41784966  -0.41784966  -0.41784966
  7.20000000  -0.41668829  -0.41668829  -0.41668829  -0.41668829  -0.41668829
  7.22000000  -0.41553337  -0.41553337  -0.41553337  -0.41553337  -0.41553337
  7.24000000  -0.41438486  -0.41438486  -0.41438486  -0.41438486  -0.41438486
  7.26000000  -0.41324269  -0.41324269  -0.41324269  -0.41324269  -0.41324269
  7.28000000  -0.41210682  -0.41210682  -0.41210682  -0.41210682  -0.41210682
  7.30000000  -0.41097719  -0.41097719  -0.41097719  -0.41097719  -0.41097719
  7.32000000  -0.40985375  -0.40985375  -0.40985375  -0.40985375  -0.40985375
  7.34000000  -0.40873645  -0.40873645  -0.40873645  -0.40873645  -0.40873645
  7.36000000  -0.40762523  -0.40762523  -0.40762523  -0.40762523  -0.40762523
  7.38000000  -0.40652006  -0.40652006  -0.40652006  -0.40652006  -0.40652006
  7.40000000  -0.40542087  -0.40542087  -0.40542087  -0.40542087  -0.40542087
  7.42000000  -0.40432763  -0.40432763  -0.40432763  -0.40432763  -0.40432763
  7.44000000  -0.40324027  -0.40324027  -0.40324027  -0.40324027  -0.40324027
  7.46000000  -0.40215876  -0.40215876  -0.40215876  -0.40215876  -0.40215876
  7.48000000  -0.40108305  -0.40108305  -0.40108305  -0.40108305  -0.40108305
  7.50000000  -0.40001308  -0.40001308  -0.40001308  -0.40001308  -0.40001308
  7.52000000  -0.39894882  -0.39894882  -0.39894882  -0.39894882  -0.39894882
  7.54000000  -0.39789022  -0.39789022  -0.39789022  -0.39789022  -0.39789022
  7.56000000  -0.39683723  -0.39683723  -0.39683723  -0.39683723  -0.39683723
  7.58000000  -0.39578981  -0.39578981  -0.39578981  -0.39578981  -0.39578981
  7.60000000  -0.39474791  -0.39474791  -0.39474791  -0.39474791  -0.39474791
  7.62000000  -0.39371150  -0.39371150  -0.39371150  -0.39371150  -0.39371150
  7.64000000  -0.39268051  -0.39268051  -0.39268051  -0.39268051  -0.39268051
  7.66000000  -0.39165493  -0.39165493  -0.39165493  -0.39165493  -0.39165493
  7.68000000  -0.39063469  -0.39063469  -0.39063469  -0.39063469  -0.39063469
  7.70000000  -0.38961976  -0.38961976  -0.38961976  -0.38961976  -0.38961976
  7.72000000  -0.38861010  -0.38861010  -0.38861010  -0.38861010  -0.38861010
  7.74000000  -0.38760566  -0.38760566  -0.38760566  -0.38760566  -0.38760566
  7.76000000  -0.38660642  -0.38660642  -0.38660642  -0.38660642  -0.38660642
  7.78000000  -0.38561231  -0.38561231  -0.38561231  -0.38561231  -0.38561231
  7.80000000  -0.38462332  -0.38462332  -0.38462332  -0.38462332  -0.38462332
  7.82000000  -0.38363938  -0.38363938  -0.38363938  -0.38363938  -0.38363938
  7.84000000  -0.38266048  -0.38266048  -0.38266048  -0.38266048  -0.38266048
  7.86000000  -0.38168657  -0.38168657  -0.38168657  -0.38168657  -0.38168657
  7.88000000  -0.38071760  -0.38071760  -0.38071760  -0.38071760  -0.38071760
  7.90000000  -0.37975355  -0.37975355  -0.37975355  -0.37975355  -0.37975355
  7.92000000  -0.37879437  -0.37879437  -0.37879437  -0.37879437  -0.37879437
  7.94000000  -0.37784004  -0.37784004  -0.37784004  -0.37784004  -0.37784004
  7.96000000  -0.37689050  -0.37689050  -0.37689050  -0.37689050  -0.37689050
  7.98000000  -0.37594573  -0.37594573  -0.37594573  -0.37594573  -0.37594573
  8.00000000  -0.37500569  -0.37500569  -0.37500569  -0.37500569  -0.37500569
  8.02000000  -0.37407034  -0.37407034  -0.37407034  -0.37407034  -0.37407034
  8.04000000  -0.37313965  -0.37313965  -0.37313965  -0.37313965  -0.37313965
  8.06000000  -0.37221358  -0.37221358  -0.37221358  -0.37221358  -0.37221358
  8.08000000  -0.37129211  -0.37129211  -0.37129211  -0.37129211  -0.37129211
  8.10000000  -0.37037519  -0.37037519  -0.37037519  -0.37037519  -0.37037519
  8.12000000  -0.36946279  -0.36946279  -0.36946279  -0.36946279  -0.36946279
  8.14000000  -0.36855487  -0.36855487  -0.36855487  -0.36855487  -0.36855487
  8.16000000  -0.36765142  -0.36765142  -0.36765142  -0.36765142  -0.36765142
  8.18000000  -0.36675238  -0.36675238  -0.36675238  -0.36675238  -0.36675238
  8.20000000  -0.36585774  -0.36585774  -0.36585774  -0.36585774  -0.36585774
  8.22000000  -0.36496745  -0.36496745  -0.36496745  -0.36496745  -0.36496745
  8.24000000  -0.36408149  -0.36408149  -0.36408149  -0.36408149  -0.36408149
  8.26000000  -0.36319982  -0.36319982  -0.36319982  -0.36319982  -0.36319982
  8.28000000  -0.36232241  -0.36232241  -0.36232241  -0.36232241  -0.36232241
  8.30000000  -0.36144924  -0.36144924  -0.36144924  -0.36144924  -0.36144924
  8.32000000  -0.36058027  -0.36058027  -0.36058027  -0.36058027  -0.36058027
  8.34000000  -0.35971546  -0.35971546  -0.35971546  -0.35971546  -0.35971546
  8.36000000  -0.35885480  -0.35885480  -0.35885480  -0.35885480  -0.35885480
  8.38000000  -0.35799825  -0.35799825  -0.35799825  -0.35799825  -0.35799825
  8.40000000  -0.35714578  -0.35714578  -0.35714578  -0.35714578  -0.35714578
  8.42000000  -0.35629737  -0.35629737  -0.35629737  -0.35629737  -0.35629737
  8.44000000  -0.35545298  -0.35545298  -0.35545298  -0.35545298  -0.35545298
  8.46000000  -0.35461258  -0.35461258  -0.35461258  -0.35461258  -0.35461258
  8.48000000  -0.35377615  -0.35377615  -0.35377615  -0.35377615  -0.35377615
  8.50000000  -0.35294366  -0.35294366  -0.35294366  -0.35294366  -0.35294366
  8.52000000  -0.35211508  -0.35211508  -0.35211508  -0.35211508  -0.35211508
  8.54000000  -0.35129038  -0.35129038  -0.35129038  -0.35129038  -0.35129038
  8.56000000  -0.35046954  -0.35046954  -0.35046954  -0.35046954  -0.35046954
  8.58000000  -0.34965252  -0.34965252  -0.34965252  -0.34965252  -0.34965252
  8.60000000  -0.34883931  -0.34883931  -0.34883931  -0.34883931  -0.34883931
  8.62000000  -0.34802988  -0.34802988  -0.34802988  -0.34802988  -0.34802988
  8.64000000  -0.34722419  -0.34722419  -0.34722419  -0.34722419  -0.34722419
  8.66000000  -0.34642223  -0.34642223  -0.34642223  -0.34642223  -0.34642223
  8.68000000  -0.34562396  -0.34562396  -0.34562396  -0.34562396  -0.34562396
  8.70000000  -0.34482937  -0.34482937  -0.34482937  -0.34482937  -0.34482937
  8.72000000  -0.34403842  -0.34403842  -0.34403842  -0.34403842  -0.34403842
  8.74000000  -0.34325110  -0.34325110  -0.34325110  -0.34325110  -0.34325110
  8.76000000  -0.34246737  -0.34246737  -0.34246737  -0.34246737  -0.34246737
  8.78000000  -0.34168721  -0.34168721  -0.34168721  -0.34168721  -0.34168721
  8.80000000  -0.34091060  -0.34091060  -0.34091060  -0.34091060  -0.34091060
  8.82000000  -0.34013752  -0.34013752  -0.34013752  -0.34013752  -0.34013752
  8.84000000  -0.33936793  -0.33936793  -0.33936793  -0.33936793  -0.33936793
  8.86000000  -0.33860182  -0.33860182  -0.33860182  -0.33860182  -0.33860182
  8.88000000  -0.33783916  -0.33783916  -0.33783916  -0.33783916  -0.33783916
  8.90000000  -0.33707993  -0.33707993  -0.33707993  -0.33707993  -0.33707993
  8.92000000  -0.33632411  -0.33632411  -0.33632411  -0.33632411  -0.33632411
  8.94000000  -0.33557167  -0.33557167  -0.33557167  -0.33557167  -0.33557167
  8.96000000  -0.33482259  -0.33482259  -0.33482259  -0.33482259  -0.33482259
  8.98000000  -0.33407685  -0.33407685  -0.33407685  -0.33407685  -0.33407685
  9.00000000  -0.33333442  -0.33333442  -0.33333442  -0.33333442  -0.33333442
  9.02000000  -0.33259529  -0.33259529  -0.33259529  -0.33259529  -0.33259529
  9.04000000  -0.33185942  -0.33185942  -0.33185942  -0.33185942  -0.33185942
  9.06000000  -0.33112681  -0.33112681  -0.33112681  -0.33112681  -0.33112681
  9.08000000  -0.33039743  -0.33039743  -0.33039743  -0.33039743  -0.33039743
  9.10000000  -0.32967125  -0.32967125  -0.32967125  -0.32967125  -0.32967125
  9.12000000  -0.32894826  -0.32894826  -0.32894826  -0.32894826  -0.32894826
  9.14000000  -0.32822843  -0.32822843  -0.32822843  -0.32822843  -0.32822843
  9.16000000  -0.32751175  -0.32751175  -0.32751175  -0.32751175  -0.32751175
  9.18000000  -0.32679819  -0.32679819  -0.32679819  -0.32679819  -0.32679819
  9.20000000  -0.32608774  -0.32608774  -0.32608774  -0.32608774  -0.32608774
  9.22000000  -0.32538037  -0.32538037  -0.32538037  -0.32538037  -0.32538037
  9.24000000  -0.32467606  -0.32467606  -0.32467606  -0.32467606  -0.32467606
  9.26000000  -0.32397479  -0.32397479  -0.32397479  -0.32397479  -0.32397479
  9.28000000  -0.32327655  -0.32327655  -0.32327655  -0.32327655  -0.32327655
  9.30000000  -0.32258131  -0.32258131  -0.32258131  -0.32258131  -0.32258131
  9.32000000  -0.32188905  -0.32188905  -0.32188905  -0.32188905  -0.32188905
  9.34000000  -0.32119976  -0.32119976  -0.32119976  -0.32119976  -0.32119976
  9.36000000  -0.32051342  -0.32051342  -0.32051342  -0.32051342  -0.32051342
  9.38000000  -0.31983001  -0.31983001  -0.31983001  -0.31983001  -0.31983001
  9.40000000  -0.31914950  -0.31914950  -0.31914950  -0.31914950  -0.31914950
  9.42000000  -0.31847188  -0.31847188  -0.31847188  -0.31847188  -0.31847188
  9.44000000  -0.31779714  -0.31779714  -0.31779714  -0.31779714  -0.31779714
  9.46000000  -0.31712525  -0.31712525  -0.31712525  -0.31712525  -0.31712525
  9.48000000  -0.31645619  -0.31645619  -0.31645619  -0.31645619  -0.31645619
  9.50000000  -0.31578995  -0.31578995  -0.31578995  -0.31578995  -0.31578995
  9.52000000  -0.31512651  -0.31512651  -0.31512651  -0.31512651  -0.31512651
  9.54000000  -0.31446586  -0.31446586  -0.31446586  -0.31446586  -0.31446586
  9.56000000  -0.31380796  -0.31380796  -0.31380796  -0.31380796  -0.31380796
  9.58000000  -0.31315282  -0.31315282  -0.31315282  -0.31315282  -0.31315282
  9.60000000  -0.31250041  -0.31250041  -0.31250041  -0.31250041  -0.31250041
  9.62000000  -0.31185070  -0.31185070  -0.31185070  -0.31185070  -0.31185070
  9.64000000  -0.31120370  -0.31120370  -0.31120370  -0.31120370  -0.31120370
  9.66000000  -0.31055937  -0.31055937  -0.31055937  -0.31055937  -0.31055937
  9.68000000  -0.30991771  -0.30991771  -0.30991771  -0.30991771  -0.30991771
  9.70000000  -0.30927869  -0.30927869  -0.30927869  -0.30927869  -0.30927869
  9.72000000  -0.30864231  -0.30864231  -0.30864231  -0.30864231  -0.30864231
  9.74000000  -0.30800854  -0.30800854  -0.30800854  -0.30800854  -0.30800854
  9.76000000  -0.30737736  -0.30737736  -0.30737736  -0.30737736  -0.30737736
  9.78000000  -0.30674877  -0.30674877  -0.30674877  -0.30674877  -0.30674877
  9.80000000  -0.30612274  -0.30612274  -0.30612274  -0.30612274  -0.30612274
  9.82000000  -0.30549926  -0.30549926  -0.30549926  -0.30549926  -0.30549926
  9.84000000  -0.30487832  -0.30487832  -0.30487832  -0.30487832  -0.30487832
  9.86000000  -0.30425990  -0.30425990  -0.30425990  -0.30425990  -0.30425990
  9.88000000  -0.30364398  -0.30364398  -0.30364398  -0.30364398  -0.30364398
  9.90000000  -0.30303055  -0.30303055  -0.30303055  -0.30303055  -0.30303055
  9.92000000  -0.30241960  -0.30241960  -0.30241960  -0.30241960  -0.30241960
  9.94000000  -0.30181110  -0.30181110  -0.30181110  -0.30181110  -0.30181110
  9.96000000  -0.30120504  -0.30120504  -0.30120504  -0.30120504  -0.30120504
  9.98000000  -0.30060142  -0.30060142  -0.30060142  -0.30060142  -0.30060142
 10.00000000  -0.30000021  -0.30000021  -0.30000021  -0.30000021  -0.30000021
  0.00000309   0.00000017   0.00000000   0.00000000   0.00000000   0.00000000
  0.02000000   0.00111808   0.00004261   0.00000002   0.00000000   0.00000000
  0.04000000   0.00224382   0.00017047   0.00000014   0.00000000   0.00000000
  0.06000000   0.00338491   0.00038369   0.00000047   0.00000001   0.00000000
  0.08000000   0.00454910   0.00068249   0.00000110   0.00000002   0.00000000
  0.10000000   0.00574417   0.00106712   0.00000216   0.00000005   0.00000000
  0.12000000   0.00697798   0.00153793   0.00000373   0.00000010   0.00000000
  0.14000000   0.00825848   0.00209533   0.00000592   0.00000019   0.00000000
  0.16000000   0.00959371   0.00273981   0.00000884   0.00000032   0.00000000
  0.18000000   0.01099180   0.00347191   0.00001259   0.00000052   0.00000001
  0.20000000   0.01246101   0.00429222   0.00001727   0.00000079   0.00000001
  0.22000000   0.01400973   0.00520140   0.00002300   0.00000115   0.00000001
  0.24000000   0.01564650   0.00620015   0.00002987   0.00000163   0.00000002
  0.26000000   0.01738003   0.00728920   0.00003800   0.00000225   0.00000003
  0.28000000   0.01921916   0.00846936   0.00004748   0.00000302   0.00000005
  0.30000000   0.02117296   0.00974142   0.00005843   0.00000397   0.00000007
  0.32000000   0.02325065   0.01110623   0.00007095   0.00000513   0.00000009
  0.34000000   0.02546170   0.01256466   0.00008514   0.00000652   0.00000013
  0.36000000   0.02781572   0.01411760   0.00010112   0.00000818   0.00000017
  0.38000000   0.03032258   0.01576596   0.00011899   0.00001013   0.00000022
  0.40000000   0.03299230   0.01751066   0.00013885   0.00001241   0.00000029
  0.42000000   0.03583510   0.01935261   0.00016082   0.00001504   0.00000037
  0.44000000   0.03886136   0.02129275   0.00018499   0.00001806   0.00000046
  0.46000000   0.04208159   0.02333198   0.00021148   0.00002151   0.00000057
  0.48000000   0.04550641   0.02547122   0.00024039   0.00002543   0.00000071
  0.50000000   0.04914653   0.02771137   0.00027183   0.00002983   0.00000087
  0.52000000   0.05301268   0.03005328   0.00030589   0.00003478   0.00000105
  0.54000000   0.05711561   0.03249781   0.00034269   0.00004029   0.00000127
  0.56000000   0.06146601   0.03504577   0.00038232   0.00004642   0.00000152
  0.58000000   0.06607446   0.03769794   0.00042489   0.00005319   0.00000180
  0.60000000   0.07095141   0.04045505   0.00047050   0.00006065   0.00000213
  0.62000000   0.07610707   0.04331778   0.00051924   0.00006883   0.00000250
  0.64000000   0.08155137   0.04628677   0.00057122   0.00007778   0.00000293
  0.66000000   0.08729388   0.04936259   0.00062652   0.00008753   0.00000340
  0.68000000   0.09334372   0.05254578   0.00068525   0.00009812   0.00000394
  0.70000000   0.09970949   0.05583677   0.00074748   0.00010959   0.00000454
  0.72000000   0.10639918   0.05923595   0.00081332   0.00012197   0.00000520
  0.74000000   0.11342007   0.06274362   0.00088284   0.00013530   0.00000594
  0.76000000   0.12077866   0.06636001   0.00095613   0.00014962   0.00000677
  0.78000000   0.12848054   0.07008526   0.00103327   0.00016496   0.00000767
  0.80000000   0.13653032   0.07391945   0.00111434   0.00018134   0.00000867
  0.82000000   0.14493153   0.07786252   0.00119940   0.00019881   0.00000977
  0.84000000   0.15368652   0.08191437   0.00128853   0.00021739   0.00001097
  0.86000000   0.16279636   0.08607477   0.00138179   0.00023712   0.00001228
  0.88000000   0.17226076   0.09034341   0.00147925   0.00025801   0.00001371
  0.90000000   0.18207799   0.09471987   0.00158095   0.00028010   0.00001526
  0.92000000   0.19224476   0.09920362   0.00168695   0.00030340   0.00001694
  0.94000000   0.20275619   0.10379404   0.00179730   0.00032794   0.00001877
  0.96000000   0.21360570   0.10849037   0.00191203   0.00035374   0.00002074
  0.98000000   0.22478499   0.11329176   0.00203119   0.00038081   0.00002286
  1.00000000   0.23628397   0.11819722   0.00215480   0.00040917   0.00002514
  1.02000000   0.24809072   0.12320566   0.00228288   0.00043884   0.00002759
  1.04000000   0.26019151   0.12831583   0.00241547   0.00046981   0.00003021
  1.06000000   0.27257074   0.13352638   0.00255255   0.00050211   0.00003302
  1.08000000   0.28521099   0.13883581   0.00269415   0.00053573   0.00003602
  1.10000000   0.29809304   0.14424248   0.00284026   0.00057068   0.00003922
  1.12000000   0.31119593   0.14974462   0.00299088   0.00060697   0.00004263
  1.14000000   0.32449699   0.15534029   0.00314598   0.00064458   0.00004625
  1.16000000   0.33797199   0.16102742   0.00330555   0.00068352   0.00005010
  1.18000000   0.35159521   0.16680379   0.00346955   0.00072378   0.00005417
  1.20000000   0.36533956   0.17266700   0.00363796   0.00076535   0.00005848
  1.22000000   0.37917674   0.17861450   0.00381074   0.00080823   0.00006305
  1.24000000   0.39307742   0.18464358   0.00398782   0.00085240   0.00006786
  1.26000000   0.40701138   0.19075138   0.00416916   0.00089785   0.00007294
  1.28000000   0.42094773   0.19693484   0.00435468   0.00094457   0.00007829
  1.30000000   0.43485508   0.20319074   0.00454433   0.00099253   0.00008392
  1.32000000   0.44870182   0.20951572   0.00473803   0.00104172   0.00008983
  1.34000000   0.46245624   0.21590621   0.00493568   0.00109212   0.00009604
  1.36000000   0.47608685   0.22235849   0.00513720   0.00114372   0.00010256
  1.38000000   0.48956252   0.22886866   0.00534250   0.00119648   0.00010938
  1.40000000   0.50285274   0.23543267   0.00555147   0.00125038   0.00011652
  1.42000000   0.51592784   0.24204629   0.00576400   0.00130541   0.00012399
  1.44000000   0.52875916   0.24870511   0.00597999   0.00136154   0.00013179
  1.46000000   0.54131926   0.25540461   0.00619930   0.00141875   0.00013994
  1.48000000   0.55358211   0.26214006   0.00642182   0.00147701   0.00014844
  1.50000000   0.56552322   0.26890661   0.00664743   0.00153630   0.00015730
  1.52000000   0.57711978   0.27569926   0.00687599   0.00159659   0.00016652
  1.54000000   0.58835083   0.28251289   0.00710736   0.00165788   0.00017612
  1.56000000   0.59919727   0.28934222   0.00734141   0.00172012   0.00018610
  1.58000000   0.60964204   0.29618188   0.00757800   0.00178332   0.00019648
  1.60000000   0.61967008   0.30302637   0.00781699   0.00184744   0.00020725
  1.62000000   0.62926841   0.30987012   0.00805824   0.00191247   0.00021844
  1.64000000   0.63842612   0.31670744   0.00830160   0.00197839   0.00023004
  1.66000000   0.64713435   0.32353258   0.00854693   0.00204519   0.00024207
  1.68000000   0.65538627   0.33033974   0.00879410   0.00211286   0.00025454
  1.70000000   0.66317702   0.33712306   0.00904295   0.00218138   0.00026745
  1.72000000   0.67050362   0.34387666   0.00929336   0.00225076   0.00028082
  1.74000000   0.67736490   0.35059462   0.00954518   0.00232099   0.00029466
  1.76000000   0.68376143   0.35727105   0.00979829   0.00239206   0.00030897
  1.78000000   0.68969535   0.36390005   0.01005256   0.00246398   0.00032377
  1.80000000   0.69517029   0.37047577   0.01030786   0.00253674   0.00033907
  1.82000000   0.70019124   0.37699240   0.01056409   0.00261036   0.00035487
  1.84000000   0.70476443   0.38344419   0.01082112   0.00268485   0.00037120
  1.86000000   0.70889719   0.38982550   0.01107886   0.00276021   0.00038805
  1.88000000   0.71259783   0.39613076   0.01133721   0.00283647   0.00040546
  1.90000000   0.71587551   0.40235453   0.01159608   0.00291363   0.00042342
  1.92000000   0.71874013   0.40849152   0.01185540   0.00299173   0.00044195
  1.94000000   0.72120218   0.41453657   0.01211510   0.00307078   0.00046106
  1.96000000   0.72327266   0.42048469   0.01237511   0.00315082   0.00048077
  1.98000000   0.72496300   0.42633110   0.01263538   0.00323187   0.00050110
  2.00000000   0.72628488   0.43207117   0.01289589   0.00331396   0.00052205
  2.02000000   0.72725024   0.43770053   0.01315660   0.00339713   0.00054364
  2.04000000   0.72787114   0.44321501   0.01341750   0.00348142   0.00056590
  2.06000000   0.72815968   0.44861067   0.01367858   0.00356687   0.00058883
  2.08000000   0.72812798   0.45388383   0.01393986   0.00365351   0.00061245
  2.10000000   0.72778812   0.45903107   0.01420136   0.00374140   0.00063678
  2.12000000   0.72715204   0.46404923   0.01446311   0.00383057   0.00066183
  2.14000000   0.72623155   0.46893542   0.01472515   0.00392108   0.00068764
  2.16000000   0.72503828   0.47368703   0.01498755   0.00401298   0.00071420
  2.18000000   0.72358366   0.47830174   0.01525038   0.00410630   0.00074155
  2.20000000   0.72187886   0.48277749   0.01551371   0.00420111   0.00076970
  2.22000000   0.71993483   0.48711255   0.01577765   0.00429746   0.00079868
  2.24000000   0.71776223   0.49130544   0.01604231   0.00439540   0.00082849
  2.26000000   0.71537147   0.49535497   0.01630779   0.00449498   0.00085918
  2.28000000   0.71277265   0.49926025   0.01657423   0.00459625   0.00089074
  2.30000000   0.70997559   0.50302066   0.01684178   0.00469927   0.00092322
  2.32000000   0.70698984   0.50663584   0.01711057   0.00480409   0.00095662
  2.34000000   0.70382465   0.51010571   0.01738076   0.00491076   0.00099098
  2.36000000   0.70048897   0.51343045   0.01765253   0.00501934   0.00102630
  2.38000000   0.69699149   0.51661048   0.01792605   0.00512987   0.00106263
  2.40000000   0.69334059   0.51964645   0.01820149   0.00524242   0.00109998
  2.42000000   0.68954440   0.52253927   0.01847905   0.00535702   0.00113838
  2.44000000   0.68561076   0.52529002   0.01875892   0.00547374   0.00117784
  2.46000000   0.68154727   0.52790003   0.01904129   0.00559261   0.00121840
  2.48000000   0.67736125   0.53037078   0.01932637   0.00571368   0.00126008
  2.50000000   0.67305976   0.53270396   0.01961435   0.00583701   0.00130290
  2.52000000   0.66864964   0.53490140   0.01990545   0.00596263   0.00134689
  2.54000000   0.66413748   0.53696509   0.02019986   0.00609060   0.00139208
  2.56000000   0.65952962   0.53889714   0.02049779   0.00622094   0.00143849
  2.58000000   0.65483219   0.54069981   0.02079945   0.00635372   0.00148615
  2.60000000   0.65005110   0.54237545   0.02110502   0.00648895   0.00153508
  2.62000000   0.64519204   0.54392648   0.02141472   0.00662670   0.00158532
  2.64000000   0.64026049   0.54535544   0.02172872   0.00676699   0.00163688
  2.66000000   0.63526173   0.54666491   0.02204723   0.00690986   0.00168980
  2.68000000   0.63020085   0.54785752   0.02237041   0.00705534   0.00174411
  2.70000000   0.62508274   0.54893598   0.02269845   0.00720348   0.00179983
  2.72000000   0.61991210   0.54990297   0.02303151   0.00735431   0.00185699
  2.74000000   0.61469348   0.55076124   0.02336974   0.00750787   0.00191562
  2.76000000   0.60943123   0.55151352   0.02371331   0.00766418   0.00197574
  2.78000000   0.60412953   0.55216256   0.02406234   0.00782328   0.00203740
  2.80000000   0.59879241   0.55271107   0.02441698   0.00798520   0.00210061
  2.82000000   0.59342374   0.55316178   0.02477733   0.00814997   0.00216542
  2.84000000   0.58802724   0.55351737   0.02514351   0.00831763   0.00223184
  2.86000000   0.58260646   0.55378050   0.02551562   0.00848821   0.00229991
  2.88000000   0.57716484   0.55395378   0.02589373   0.00866174   0.00236966
  2.90000000   0.57170565   0.55403981   0.02627794   0.00883824   0.00244112
  2.92000000   0.56623205   0.55404110   0.02666830   0.00901776   0.00251433
  2.94000000   0.56074706   0.55396015   0.02706486   0.00920032   0.00258931
  2.96000000   0.55525357   0.55379938   0.02746767   0.00938596   0.00266610
  2.98000000   0.54975434   0.55356118   0.02787676   0.00957470   0.00274473
  3.00000000   0.54425205   0.55324787   0.02829214   0.00976658   0.00282524
  3.02000000   0.53874922   0.55286171   0.02871382   0.00996164   0.00290766
  3.04000000   0.53324829   0.55240491   0.02914181   0.01015989   0.00299202
  3.06000000   0.52775158   0.55187961   0.02957608   0.01036139   0.00307836
  3.08000000   0.52226131   0.55128792   0.03001663   0.01056616   0.00316672
  3.10000000   0.51677961   0.55063185   0.03046341   0.01077423   0.00325712
  3.12000000   0.51130849   0.54991338   0.03091640   0.01098565   0.00334961
  3.14000000   0.50584990   0.54913444   0.03137554   0.01120044   0.00344422
  3.16000000   0.50040568   0.54829688   0.03184078   0.01141864   0.00354099
  3.18000000   0.49497758   0.54740251   0.03231206   0.01164029   0.00363996
  3.20000000   0.48956728   0.54645310   0.03278933   0.01186543   0.00374117
  3.22000000   0.48417637   0.54545033   0.03327250   0.01209408   0.00384465
  3.24000000   0.47880637   0.54439588   0.03376150   0.01232630   0.00395045
  3.26000000   0.47345871   0.54329135   0.03425626   0.01256212   0.00405859
  3.28000000   0.46813477   0.54213829   0.03475670   0.01280158   0.00416914
  3.30000000   0.46283584   0.54093823   0.03526272   0.01304472   0.00428211
  3.32000000   0.45756315   0.53969263   0.03577426   0.01329157   0.00439757
  3.34000000   0.45231787   0.53840294   0.03629121   0.01354218   0.00451554
  3.36000000   0.44710110   0.53707054   0.03681349   0.01379660   0.00463607
  3.38000000   0.44191389   0.53569679   0.03734102   0.01405485   0.00475920
  3.40000000   0.43675721   0.53428301   0.03787372   0.01431700   0.00488499
  3.42000000   0.43163200   0.53283047   0.03841149   0.01458307   0.00501346
  3.44000000   0.42653912   0.53134042   0.03895426   0.01485311   0.00514467
  3.46000000   0.42147941   0.52981408   0.03950195   0.01512716   0.00527866
  3.48000000   0.41645362   0.52825264   0.04005448   0.01540528   0.00541547
  3.50000000   0.41146250   0.52665725   0.04061178   0.01568750   0.00555516
  3.52000000   0.40650670   0.52502902   0.04117377   0.01597387   0.00569777
  3.54000000   0.40158687   0.52336906   0.04174039   0.01626444   0.00584335
  3.56000000   0.39670359   0.52167844   0.04231158   0.01655925   0.00599195
  3.58000000   0.39185741   0.51995819   0.04288729   0.01685835   0.00614360
  3.60000000   0.38704884   0.51820933   0.04346745   0.01716179   0.00629838
  3.62000000   0.38227834   0.51643286   0.04405202   0.01746961   0.00645631
  3.64000000   0.37754635   0.51462974   0.04464096   0.01778186   0.00661746
  3.66000000   0.37285326   0.51280092   0.04523422   0.01809860   0.00678188
  3.68000000   0.36819944   0.51094732   0.04583177   0.01841987   0.00694962
  3.70000000   0.36358521   0.50906984   0.04643359   0.01874571   0.00712072
  3.72000000   0.35901087   0.50716935   0.04703964   0.01907619   0.00729525
  3.74000000   0.35447670   0.50524671   0.04764991   0.01941135   0.00747326
  3.76000000   0.34998292   0.50330277   0.04826439   0.01975125   0.00765479
  3.78000000   0.34552976   0.50133834   0.04888306   0.02009593   0.00783992
  3.80000000   0.34111738   0.49935421   0.04950592   0.02044544   0.00802869
  3.82000000   0.33674596   0.49735118   0.05013296   0.02079985   0.00822115
  3.84000000   0.33241562   0.49532999   0.05076420   0.02115919   0.00841738
  3.86000000   0.32812648   0.49329139   0.05139963   0.02152354   0.00861741
  3.88000000   0.32387862   0.49123610   0.05203927   0.02189293   0.00882133
  3.90000000   0.31967211   0.48916485   0.05268313   0.02226743   0.00902917
  3.92000000   0.31550699   0.48707831   0.05333123   0.02264709   0.00924100
  3.94000000   0.31138328   0.48497717   0.05398360   0.02303197   0.00945689
  3.96000000   0.30730100   0.48286208   0.05464025   0.02342212   0.00967689
  3.98000000   0.30326014   0.48073368   0.05530122   0.02381760   0.00990107
  4.00000000   0.29926065   0.47859262   0.05596654   0.02421846   0.01012949
  4.02000000   0.29530250   0.47643949   0.05663624   0.02462477   0.01036221
  4.04000000   0.29138562   0.47427490   0.05731036   0.02503658   0.01059930
  4.06000000   0.28750993   0.47209944   0.05798893   0.02545396   0.01084082
  4.08000000   0.28367535   0.46991368   0.05867200   0.02587696   0.01108685
  4.10000000   0.27988177   0.46771817   0.05935962   0.02630563   0.01133743
  4.12000000   0.27612906   0.46551346   0.06005182   0.02674005   0.01159265
  4.14000000   0.27241711   0.46330008   0.06074865   0.02718028   0.01185257
  4.16000000   0.26874576   0.46107855   0.06145016   0.02762636   0.01211726
  4.18000000   0.26511485   0.45884937   0.06215641   0.02807838   0.01238679
  4.20000000   0.26152423   0.45661304   0.06286744   0.02853639   0.01266124
  4.22000000   0.25797372   0.45437004   0.06358331   0.02900045   0.01294066
  4.24000000   0.25446314   0.45212085   0.06430406   0.02947062   0.01322515
  4.26000000   0.25099228   0.44986591   0.06502977   0.02994699   0.01351476
  4.28000000   0.24756094   0.44760568   0.06576047   0.03042960   0.01380957
  4.30000000   0.24416892   0.44534059   0.06649624   0.03091852   0.01410966
  4.32000000   0.24081599   0.44307108   0.06723712   0.03141383   0.01441511
  4.34000000   0.23750193   0.44079755   0.06798318   0.03191558   0.01472598
  4.36000000   0.23422650   0.43852041   0.06873447   0.03242385   0.01504237
  4.38000000   0.23098947   0.43624006   0.06949106   0.03293871   0.01536434
  4.40000000   0.22779058   0.43395688   0.07025301   0.03346022   0.01569198
  4.42000000   0.22462958   0.43167125   0.07102038   0.03398846   0.01602537
  4.44000000   0.22150622   0.42938354   0.07179323   0.03452349   0.01636458
  4.46000000   0.21842022   0.42709409   0.07257163   0.03506538   0.01670971
  4.48000000   0.21537134   0.42480327   0.07335564   0.03561422   0.01706083
  4.50000000   0.21235928   0.42251141   0.07414532   0.03617006   0.01741803
  4.52000000   0.20938378   0.42021884   0.07494074   0.03673299   0.01778139
  4.54000000   0.20644456   0.41792588   0.07574197   0.03730308   0.01815101
  4.56000000   0.20354133   0.41563285   0.07654906   0.03788040   0.01852696
  4.58000000   0.20067380   0.41334006   0.07736210   0.03846503   0.01890934
  4.60000000   0.19784169   0.41104780   0.07818113   0.03905705   0.01929823
  4.62000000   0.19504469   0.40875637   0.07900623   0.03965652   0.01969373
  4.64000000   0.19228253   0.40646605   0.07983748   0.04026354   0.02009592
  4.66000000   0.18955489   0.40417711   0.08067493   0.04087817   0.02050490
  4.68000000   0.18686148   0.40188982   0.08151865   0.04150050   0.02092077
  4.70000000   0.18420200   0.39960445   0.08236872   0.04213061   0.02134361
  4.72000000   0.18157614   0.39732125   0.08322521   0.04276857   0.02177353
  4.74000000   0.17898360   0.39504046   0.08408817   0.04341448   0.02221061
  4.76000000   0.17642407   0.39276234   0.08495770   0.04406840   0.02265497
  4.78000000   0.17389725   0.39048711   0.08583384   0.04473043   0.02310669
  4.80000000   0.17140283   0.38821501   0.08671669   0.04540065   0.02356587
  4.82000000   0.16894050   0.38594625   0.08760631   0.04607915   0.02403262
  4.84000000   0.16650995   0.38368105   0.08850277   0.04676600   0.02450705
  4.86000000   0.16411088   0.38141963   0.08940614   0.04746130   0.02498924
  4.88000000   0.16174296   0.37916219   0.09031650   0.04816513   0.02547932
  4.90000000   0.15940590   0.37690892   0.09123393   0.04887758   0.02597738
  4.92000000   0.15709938   0.37466003   0.09215850   0.04959874   0.02648353
  4.94000000   0.15482309   0.37241569   0.09309028   0.05032870   0.02699788
  4.96000000   0.15257672   0.37017610   0.09402934   0.05106755   0.02752054
  4.98000000   0.15035997   0.36794143   0.09497578   0.05181539   0.02805162
  5.00000000   0.14817253   0.36571185   0.09592965   0.05257230   0.02859123
  5.02000000   0.14601409   0.36348753   0.09689105   0.05333837   0.02913949
  5.04000000   0.14388433   0.36126864   0.09786004   0.05411371   0.02969650
  5.06000000   0.14178297   0.35905532   0.09883671   0.05489841   0.03026240
  5.08000000   0.13970968   0.35684775   0.09982113   0.05569256   0.03083729
  5.10000000   0.13766417   0.35464606   0.10081339   0.05649626   0.03142129
  5.12000000   0.13564614   0.35245039   0.10181356   0.05730961   0.03201452
  5.14000000   0.13365527   0.35026090   0.10282174   0.05813270   0.03261710
  5.16000000   0.13169127   0.34807771   0.10383798   0.05896565   0.03322917
  5.18000000   0.12975385   0.34590096   0.10486239   0.05980854   0.03385083
  5.20000000   0.12784270   0.34373077   0.10589505   0.06066149   0.03448222
  5.22000000   0.12595753   0.34156727   0.10693603   0.06152459   0.03512346
  5.24000000   0.12409804   0.33941058   0.10798542   0.06239795   0.03577468
  5.26000000   0.12226394   0.33726081   0.10904330   0.06328167   0.03643602
  5.28000000   0.12045493   0.33511808   0.11010977   0.06417586   0.03710759
  5.30000000   0.11867074   0.33298249   0.11118490   0.06508063   0.03778954
  5.32000000   0.11691106   0.33085415   0.11226879   0.06599608   0.03848200
  5.34000000   0.11517562   0.32873317   0.11336152   0.06692232   0.03918510
  5.36000000   0.11346412   0.32661963   0.11446318   0.06785947   0.03989899
  5.38000000   0.11177629   0.32451364   0.11557385   0.06880764   0.04062380
  5.40000000   0.11011185   0.32241528   0.11669364   0.06976693   0.04135967
  5.42000000   0.10847051   0.32032465   0.11782262   0.07073746   0.04210674
  5.44000000   0.10685200   0.31824183   0.11896090   0.07171935   0.04286516
  5.46000000   0.10525605   0.31616690   0.12010855   0.07271272   0.04363507
  5.48000000   0.10368238   0.31409993   0.12126568   0.07371767   0.04441662
  5.50000000   0.10213072   0.31204102   0.12243238   0.07473433   0.04520995
  5.52000000   0.10060081   0.30999022   0.12360874   0.07576282   0.04601523
  5.54000000   0.09909237   0.30794762   0.12479486   0.07680326   0.04683259
  5.56000000   0.09760515   0.30591327   0.12599083   0.07785576   0.04766220
  5.58000000   0.09613888   0.30388725   0.12719675   0.07892046   0.04850420
  5.60000000   0.09469330   0.30186961   0.12841271   0.07999747   0.04935876
  5.62000000   0.09326815   0.29986042   0.12963882   0.08108693   0.05022603
  5.64000000   0.09186318   0.29785974   0.13087517   0.08218895   0.05110618
  5.66000000   0.09047814   0.29586761   0.13212187   0.08330368   0.05199936
  5.68000000   0.08911277   0.29388409   0.13337901   0.08443122   0.05290574
  5.70000000   0.08776684   0.29190923   0.13464670   0.08557173   0.05382549
  5.72000000   0.08644008   0.28994308   0.13592503   0.08672532   0.05475878
  5.74000000   0.08513225   0.28798569   0.13721412   0.08789214   0.05570576
  5.76000000   0.08384312   0.28603709   0.13851406   0.08907231   0.05666662
  5.78000000   0.08257245   0.28409734   0.13982496   0.09026597   0.05764154
  5.80000000   0.08132000   0.28216646   0.14114693   0.09147326   0.05863067
  5.82000000   0.08008552   0.28024450   0.14248007   0.09269432   0.05963421
  5.84000000   0.07886880   0.27833149   0.14382449   0.09392928   0.06065233
  5.86000000   0.07766960   0.27642746   0.14518030   0.09517829   0.06168521
  5.88000000   0.07648770   0.27453245   0.14654762   0.09644150   0.06273303
  5.90000000   0.07532286   0.27264649   0.14792654   0.09771904   0.06379599
  5.92000000   0.07417486   0.27076959   0.14931718   0.09901106   0.06487427
  5.94000000   0.07304348   0.26890180   0.15071966   0.10031771   0.06596805
  5.96000000   0.07192851   0.26704313   0.15213409   0.10163913   0.06707753
  5.98000000   0.07082973   0.26519360   0.15356058   0.10297548   0.06820291
  6.00000000   0.06974692   0.26335325   0.15499925   0.10432691   0.06934438
  6.02000000   0.06867987   0.26152207   0.15645022   0.10569357   0.07050213
  6.04000000   0.06762838   0.25970010   0.15791359   0.10707562   0.07167637
  6.06000000   0.06659223   0.25788735   0.15938950   0.10847320   0.07286731
  6.08000000   0.06557121   0.25608383   0.16087806   0.10988649   0.07407513
  6.10000000   0.06456514   0.25428955   0.16237939   0.11131563   0.07530006
  6.12000000   0.06357380   0.25250453   0.16389361   0.11276079   0.07654231
  6.14000000   0.06259700   0.25072878   0.16542085   0.11422213   0.07780207
  6.16000000   0.06163453   0.24896231   0.16696124   0.11569982   0.07907957
  6.18000000   0.06068622   0.24720512   0.16851488   0.11719402   0.08037503
  6.20000000   0.05975186   0.24545722   0.17008192   0.11870490   0.08168866
  6.22000000   0.05883126   0.24371861   0.17166248   0.12023262   0.08302068
  6.24000000   0.05792425   0.24198930   0.17325669   0.12177736   0.08437133
  6.26000000   0.05703063   0.24026929   0.17486467   0.12333929   0.08574081
  6.28000000   0.05615021   0.23855858   0.17648657   0.12491859   0.08712937
  6.30000000   0.05528283   0.23685717   0.17812250   0.12651542   0.08853723
  6.32000000   0.05442829   0.23516506   0.17977261   0.12812998   0.08996463
  6.34000000   0.05358643   0.23348224   0.18143702   0.12976243   0.09141180
  6.36000000   0.05275706   0.23180872   0.18311588   0.13141296   0.09287899
  6.38000000   0.05194002   0.23014449   0.18480932   0.13308174   0.09436643
  6.40000000   0.05113513   0.22848954   0.18651748   0.13476898   0.09587436
  6.42000000   0.05034223   0.22684386   0.18824050   0.13647485   0.09740305
  6.44000000   0.04956115   0.22520746   0.18997852   0.13819954   0.09895273
  6.46000000   0.04879172   0.22358031   0.19173168   0.13994324   0.10052365
  6.48000000   0.04803379   0.22196242   0.19350012   0.14170614   0.10211608
  6.50000000   0.04728718   0.22035376   0.19528399   0.14348844   0.10373027
  6.52000000   0.04655175   0.21875434   0.19708343   0.14529034   0.10536648
  6.54000000   0.04582733   0.21716413   0.19889859   0.14711203   0.10702498
  6.56000000   0.04511378   0.21558312   0.20072963   0.14895371   0.10870603
  6.58000000   0.04441093   0.21401130   0.20257668   0.15081559   0.11040990
  6.60000000   0.04371865   0.21244866   0.20443991   0.15269786   0.11213686
  6.62000000   0.04303676   0.21089517   0.20631945   0.15460074   0.11388719
  6.64000000   0.04236514   0.20935083   0.20821548   0.15652443   0.11566118
  6.66000000   0.04170364   0.20781561   0.21012813   0.15846915   0.11745909
  6.68000000   0.04105211   0.20628951   0.21205758   0.16043510   0.11928122
  6.70000000   0.04041041   0.20477249   0.21400397   0.16242251   0.12112784
  6.72000000   0.03977839   0.20326454   0.21596747   0.16443158   0.12299927
  6.74000000   0.03915593   0.20176564   0.21794824   0.16646254   0.12489578
  6.76000000   0.03854289   0.20027577   0.21994644   0.16851560   0.12681767
  6.78000000   0.03793913   0.19879491   0.22196223   0.17059100   0.12876525
  6.80000000   0.03734451   0.19732303   0.22399579   0.17268895   0.13073882
  6.82000000   0.03675892   0.19586012   0.22604727   0.17480968   0.13273869
  6.84000000   0.03618221   0.19440616   0.22811684   0.17695343   0.13476517
  6.86000000   0.03561426   0.19296111   0.23020468   0.17912043   0.13681857
  6.88000000   0.03505494   0.19152495   0.23231096   0.18131091   0.13889920
  6.90000000   0.03450413   0.19009766   0.23443585   0.18352511   0.14100740
  6.92000000   0.03396171   0.18867922   0.23657953   0.18576326   0.14314348
  6.94000000   0.03342756   0.18726960   0.23874217   0.18802561   0.14530778
  6.96000000   0.03290155   0.18586877   0.24092395   0.19031241   0.14750062
  6.98000000   0.03238356   0.18447670   0.24312504   0.19262390   0.14972234
  7.00000000   0.03187349   0.18309337   0.24534564   0.19496032   0.15197328
  7.02000000   0.03137121   0.18171876   0.24758593   0.19732194   0.15425378
  7.04000000   0.03087661   0.18035282   0.24984608   0.19970900   0.15656419
  7.06000000   0.03038959   0.17899555   0.25212629   0.20212177   0.15890485
  7.08000000   0.02991002   0.17764689   0.25442674   0.20456050   0.16127613
  7.10000000   0.02943781   0.17630684   0.25674763   0.20702544   0.16367838
  7.12000000   0.02897284   0.17497535   0.25908914   0.20951688   0.16611196
  7.14000000   0.02851500   0.17365240   0.26145147   0.21203507   0.16857724
  7.16000000   0.02806420   0.17233795   0.26383481   0.21458029   0.17107459
  7.18000000   0.02762032   0.17103198   0.26623936   0.21715280   0.17360437
  7.20000000   0.02718328   0.16973446   0.26866533   0.21975288   0.17616698
  7.22000000   0.02675296   0.16844535   0.27111290   0.22238081   0.17876279
  7.24000000   0.02632927   0.16716462   0.27358229   0.22503688   0.18139218
  7.26000000   0.02591210   0.16589225   0.27607369   0.22772135   0.18405555
  7.28000000   0.02550138   0.16462819   0.27858732   0.23043453   0.18675329
  7.30000000   0.02509699   0.16337241   0.28112337   0.23317670   0.18948580
  7.32000000   0.02469884   0.16212489   0.28368207   0.23594815   0.19225348
  7.34000000   0.02430685   0.16088559   0.28626362   0.23874917   0.19505675
  7.36000000   0.02392092   0.15965447   0.28886824   0.24158007   0.19789601
  7.38000000   0.02354096   0.15843151   0.29149614   0.24444114   0.20077167
  7.40000000   0.02316688   0.15721666   0.29414755   0.24733269   0.20368417
  7.42000000   0.02279860   0.15600990   0.29682267   0.25025503   0.20663392
  7.44000000   0.02243603   0.15481119   0.29952174   0.25320846   0.20962136
  7.46000000   0.02207908   0.15362050   0.30224497   0.25619330   0.21264692
  7.48000000   0.02172767   0.15243778   0.30499259   0.25920987   0.21571104
  7.50000000   0.02138172   0.15126302   0.30776484   0.26225848   0.21881416
  7.52000000   0.02104114   0.15009616   0.31056194   0.26533946   0.22195674
  7.54000000   0.02070586   0.14893718   0.31338412   0.26845313   0.22513922
  7.56000000   0.02037579   0.14778604   0.31623162   0.27159982   0.22836207
  7.58000000   0.02005086   0.14664271   0.31910467   0.27477986   0.23162575
  7.60000000   0.01973099   0.14550715   0.32200352   0.27799359   0.23493072
  7.62000000   0.01941611   0.14437932   0.32492840   0.28124135   0.23827747
  7.64000000   0.01910613   0.14325918   0.32787956   0.28452348   0.24166647
  7.66000000   0.01880100   0.14214671   0.33085725   0.28784032   0.24509820
  7.68000000   0.01850062   0.14104187   0.33386170   0.29119223   0.24857316
  7.70000000   0.01820494   0.13994461   0.33689318   0.29457956   0.25209184
  7.72000000   0.01791387   0.13885491   0.33995193   0.29800265   0.25565474
  7.74000000   0.01762736   0.13777273   0.34303821   0.30146188   0.25926236
  7.76000000   0.01734533   0.13669802   0.34615227   0.30495761   0.26291522
  7.78000000   0.01706771   0.13563076   0.34929438   0.30849020   0.26661383
  7.80000000   0.01679444   0.13457090   0.35246480   0.31206001   0.27035871
  7.82000000   0.01652546   0.13351841   0.35566379   0.31566744   0.27415040
  7.84000000   0.01626068   0.13247326   0.35889161   0.31931285   0.27798942
  7.86000000   0.01600007   0.13143540   0.36214855   0.32299662   0.28187631
  7.88000000   0.01574354   0.13040480   0.36543486   0.32671915   0.28581162
  7.90000000   0.01549104   0.12938142   0.36875082   0.33048082   0.28979590
  7.92000000   0.01524250   0.12836522   0.37209672   0.33428201   0.29382970
  7.94000000   0.01499787   0.12735617   0.37547282   0.33812314   0.29791359
  7.96000000   0.01475709   0.12635423   0.37887942   0.34200460   0.30204814
  7.98000000   0.01452010   0.12535937   0.38231679   0.34592679   0.30623391
  8.00000000   0.01428683   0.12437154   0.38578522   0.34989013   0.31047150
  8.02000000   0.01405724   0.12339071   0.38928501   0.35389502   0.31476149
  8.04000000   0.01383127   0.12241684   0.39281644   0.35794188   0.31910447
  8.06000000   0.01360885   0.12144989   0.39637981   0.36203114   0.32350104
  8.08000000   0.01338995   0.12048983   0.39997542   0.36616322   0.32795180
  8.10000000   0.01317450   0.11953662   0.40360357   0.37033855   0.33245738
  8.12000000   0.01296244   0.11859022   0.40726456   0.37455755   0.33701839
  8.14000000   0.01275374   0.11765059   0.41095870   0.37882068   0.34163545
  8.16000000   0.01254834   0.11671770   0.41468629   0.38312837   0.34630919
  8.18000000   0.01234618   0.11579151   0.41844765   0.38748107   0.35104027
  8.20000000   0.01214721   0.11487199   0.42224310   0.39187923   0.35582932
  8.22000000   0.01195140   0.11395909   0.42607295   0.39632331   0.36067699
  8.24000000   0.01175868   0.11305277   0.42993752   0.40081375   0.36558395
  8.26000000   0.01156901   0.11215301   0.43383713   0.40535104   0.37055086
  8.28000000   0.01138235   0.11125976   0.43777212   0.40993564   0.37557839
  8.30000000   0.01119865   0.11037299   0.44174281   0.41456802   0.38066724
  8.32000000   0.01101786   0.10949266   0.44574953   0.41924865   0.38581808
  8.34000000   0.01083994   0.10861874   0.44979262   0.42397804   0.39103161
  8.36000000   0.01066484   0.10775117   0.45387242   0.42875665   0.39630854
  8.38000000   0.01049252   0.10688994   0.45798927   0.43358498   0.40164958
  8.40000000   0.01032293   0.10603500   0.46214352   0.43846354   0.40705544
  8.42000000   0.01015604   0.10518632   0.46633551   0.44339282   0.41252685
  8.44000000   0.00999180   0.10434385   0.47056560   0.44837334   0.41806455
  8.46000000   0.00983018   0.10350757   0.47483413   0.45340559   0.42366927
  8.48000000   0.00967112   0.10267743   0.47914148   0.45849011   0.42934177
  8.50000000   0.00951460   0.10185340   0.48348799   0.46362741   0.43508280
  8.52000000   0.00936056   0.10103544   0.48787403   0.46881802   0.44089314
  8.54000000   0.00920898   0.10022352   0.49229998   0.47406247   0.44677354
  8.56000000   0.00905982   0.09941760   0.49676620   0.47936130   0.45272480
  8.58000000   0.00891303   0.09861764   0.50127307   0.48471506   0.45874770
  8.60000000   0.00876858   0.09782362   0.50582096   0.49012430   0.46484304
  8.62000000   0.00862644   0.09703548   0.51041026   0.49558956   0.47101164
  8.64000000   0.00848656   0.09625320   0.51504136   0.50111140   0.47725430
  8.66000000   0.00834892   0.09547674   0.51971464   0.50669040   0.48357185
  8.68000000   0.00821347   0.09470606   0.52443049   0.51232712   0.48996512
  8.70000000   0.00808019   0.09394113   0.52918931   0.51802214   0.49643496
  8.72000000   0.00794904   0.09318192   0.53399150   0.52377604   0.50298221
  8.74000000   0.00781998   0.09242838   0.53883746   0.52958941   0.50960774
  8.76000000   0.00769299   0.09168049   0.54372760   0.53546284   0.51631241
  8.78000000   0.00756803   0.09093820   0.54866234   0.54139693   0.52309710
  8.80000000   0.00744507   0.09020148   0.55364208   0.54739228   0.52996270
  8.82000000   0.00732408   0.08947030   0.55866724   0.55344951   0.53691011
  8.84000000   0.00720502   0.08874463   0.56373825   0.55956924   0.54394022
  8.86000000   0.00708787   0.08802442   0.56885553   0.56575208   0.55105397
  8.88000000   0.00697260   0.08730964   0.57401952   0.57199866   0.55825227
  8.90000000   0.00685918   0.08660026   0.57923064   0.57830962   0.56553605
  8.92000000   0.00674757   0.08589624   0.58448934   0.58468561   0.57290627
  8.94000000   0.00663776   0.08519756   0.58979605   0.59112726   0.58036387
  8.96000000   0.00652971   0.08450417   0.59515122   0.59763524   0.58790983
  8.98000000   0.00642339   0.08381604   0.60055531   0.60421020   0.59554512
  9.00000000   0.00631878   0.08313313   0.60600877   0.61085281   0.60327072
  9.02000000   0.00621585   0.08245542   0.61151205   0.61756375   0.61108762
  9.04000000   0.00611457   0.08178287   0.61706562   0.62434369   0.61899685
  9.06000000   0.00601493   0.08111544   0.62266995   0.63119332   0.62699940
  9.08000000   0.00591688   0.08045311   0.62832551   0.63811333   0.63509632
  9.10000000   0.00582041   0.07979584   0.63403276   0.64510443   0.64328863
  9.12000000   0.00572549   0.07914359   0.63979221   0.65216732   0.65157740
  9.14000000   0.00563210   0.07849633   0.64560431   0.65930272   0.65996367
  9.16000000   0.00554022   0.07785403   0.65146958   0.66651134   0.66844852
  9.18000000   0.00544981   0.07721666   0.65738850   0.67379391   0.67703303
  9.20000000   0.00536086   0.07658419   0.66336156   0.68115118   0.68571830
  9.22000000   0.00527334   0.07595658   0.66938928   0.68858387   0.69450543
  9.24000000   0.00518723   0.07533379   0.67547215   0.69609274   0.70339554
  9.26000000   0.00510252   0.07471580   0.68161069   0.70367856   0.71238976
  9.28000000   0.00501916   0.07410258   0.68780542   0.71134207   0.72148923
  9.30000000   0.00493716   0.07349409   0.69405686   0.71908405   0.73069510
  9.32000000   0.00485647   0.07289030   0.70036553   0.72690529   0.74000854
  9.34000000   0.00477709   0.07229118   0.70673197   0.73480657   0.74943072
  9.36000000   0.00469899   0.07169670   0.71315671   0.74278868   0.75896283
  9.38000000   0.00462215   0.07110682   0.71964029   0.75085242   0.76860608
  9.40000000   0.00454655   0.07052152   0.72618326   0.75899861   0.77836167
  9.42000000   0.00447218   0.06994076   0.73278616   0.76722806   0.78823085
  9.44000000   0.00439901   0.06936452   0.73944956   0.77554160   0.79821484
  9.46000000   0.00432702   0.06879276   0.74617402   0.78394007   0.80831489
  9.48000000   0.00425619   0.06822544   0.75296009   0.79242429   0.81853229
  9.50000000   0.00418651   0.06766255   0.75980836   0.80099514   0.82886829
  9.52000000   0.00411796   0.06710405   0.76671940   0.80965345   0.83932420
  9.54000000   0.00405051   0.06654991   0.77369379   0.81840010   0.84990133
  9.56000000   0.00398416   0.06600010   0.78073212   0.82723597   0.86060098
  9.58000000   0.00391889   0.06545459   0.78783498   0.83616194   0.87142451
  9.60000000   0.00385467   0.06491335   0.79500297   0.84517889   0.88237324
  9.62000000   0.00379149   0.06437634   0.80223669   0.85428774   0.89344855
  9.64000000   0.00372934   0.06384355   0.80953675   0.86348939   0.90465180
  9.66000000   0.00366819   0.06331494   0.81690377   0.87278476   0.91598440
  9.68000000   0.00360804   0.06279049   0.82433836   0.88217478   0.92744774
  9.70000000   0.00354886   0.06227015   0.83184116   0.89166037   0.93904324
  9.72000000   0.00349064   0.06175391   0.83941279   0.90124250   0.95077233
  9.74000000   0.00343337   0.06124173   0.84705390   0.91092211   0.96263647
  9.76000000   0.00337702   0.06073359   0.85476512   0.92070017   0.97463712
  9.78000000   0.00332159   0.06022946   0.86254710   0.93057765   0.98677576
  9.80000000   0.00326707   0.05972931   0.87040051   0.94055553   0.99905387
  9.82000000   0.00321342   0.05923311   0.87832600   0.95063481   1.01147298
  9.84000000   0.00316065   0.05874083   0.88632423   0.96081649   1.02403460
  9.86000000   0.00310874   0.05825245   0.89439589   0.97110157   1.03674028
  9.88000000   0.00305767   0.05776794   0.90254165   0.98149109   1.04959157
  9.90000000   0.00300743   0.05728726   0.91076220   0.99198607   1.06259005
  9.92000000   0.00295801   0.05681040   0.91905823   1.00258755   1.07573731
  9.94000000   0.00290939   0.05633732   0.92743044   1.01329658   1.08903495
  9.96000000   0.00286157   0.05586800   0.93587953   1.02411423   1.10248460
  9.98000000   0.00281452   0.05540242   0.94440621   1.03504157   1.11608789
 10.00000000   0.00276824   0.05494053   0.95301121   1.04607968   1.12984648
