Zr
4.000000 91.000000 3
1.865407 2.233541 0.960921 1.865407 
501 0.020000
  0.00000625   0.76341622  -0.89983401  -4.39421812  -2.81326228
  0.02000000   0.76397081  -0.91719635  -4.24201964  -2.70377042
  0.04000000   0.76391734  -0.91768761  -4.25644113  -2.70563510
  0.06000000   0.76276508  -0.91852787  -4.28079871  -2.70847791
  0.08000000   0.76045749  -0.91961258  -4.31495089  -2.71214702
  0.10000000   0.75709929  -0.92077572  -4.35833729  -2.71643337
  0.12000000   0.75287031  -0.92182087  -4.41020375  -2.72109935
  0.14000000   0.74797208  -0.92255308  -4.46971991  -2.72591043
  0.16000000   0.74259125  -0.92280926  -4.53601054  -2.73066387
  0.18000000   0.73686929  -0.92248350  -4.60819617  -2.73521385
  0.20000000   0.73088339  -0.92153914  -4.68545351  -2.73948493
  0.22000000   0.72464728  -0.92000262  -4.76704733  -2.74346726
  0.24000000   0.71813132  -0.91794337  -4.85230168  -2.74719584
  0.26000000   0.71128782  -0.91545051  -4.94054871  -2.75072592
  0.28000000   0.70406712  -0.91261596  -5.03111465  -2.75411613
  0.30000000   0.69642194  -0.90952612  -5.12334634  -2.75742152
  0.32000000   0.68830640  -0.90625925  -5.21664282  -2.76069227
  0.34000000   0.67967448  -0.90288543  -5.31046939  -2.76397421
  0.36000000   0.67047984  -0.89946731  -5.40435269  -2.76730928
  0.38000000   0.66067674  -0.89606089  -5.49786410  -2.77073552
  0.40000000   0.65022160  -0.89271623  -5.59059857  -2.77428686
  0.42000000   0.63907470  -0.88947785  -5.68215386  -2.77799253
  0.44000000   0.62720162  -0.88638515  -5.77211319  -2.78187667
  0.46000000   0.61457432  -0.88347265  -5.86003280  -2.78595798
  0.48000000   0.60117162  -0.88077035  -5.94543502  -2.79024960
  0.50000000   0.58697926  -0.87830406  -6.02780665  -2.79475924
  0.52000000   0.57198939  -0.87609582  -6.10660224  -2.79948960
  0.54000000   0.55619968  -0.87416445  -6.18125129  -2.80443895
  0.56000000   0.53961219  -0.87252603  -6.25116852  -2.80960187
  0.58000000   0.52223206  -0.87119445  -6.31576615  -2.81497014
  0.60000000   0.50406614  -0.87018202  -6.37446703  -2.82053360
  0.62000000   0.48512181  -0.86949991  -6.42671762  -2.82628096
  0.64000000   0.46540590  -0.86915856  -6.47199979  -2.83220049
  0.66000000   0.44492408  -0.86916797  -6.50984053  -2.83828053
  0.68000000   0.42368055  -0.86953780  -6.53981899  -2.84450966
  0.70000000   0.40167826  -0.87027728  -6.56157059  -2.85087664
  0.72000000   0.37891951  -0.87139503  -6.57478835  -2.85737004
  0.74000000   0.35540693  -0.87289861  -6.57922207  -2.86397761
  0.76000000   0.33114459  -0.87479412  -6.57467647  -2.87068555
  0.78000000   0.30613913  -0.87708568  -6.56100944  -2.87747774
  0.80000000   0.28040077  -0.87977507  -6.53813150  -2.88433509
  0.82000000   0.25394384  -0.88286141  -6.50600716  -2.89123511
  0.84000000   0.22678714  -0.88634106  -6.46465828  -2.89815170
  0.86000000   0.19895371  -0.89020766  -6.41416917  -2.90505532
  0.88000000   0.17047048  -0.89445226  -6.35469250  -2.91191320
  0.90000000   0.14136765  -0.89906363  -6.28645508  -2.91868987
  0.92000000   0.11167797  -0.90402855  -6.20976278  -2.92534767
  0.94000000   0.08143608  -0.90933216  -6.12500353  -2.93184731
  0.96000000   0.05067787  -0.91495825  -6.03264828  -2.93814840
  0.98000000   0.01944000  -0.92088959  -5.93324940  -2.94420990
  1.00000000  -0.01224051  -0.92710817  -5.82743653  -2.94999052
  1.02000000  -0.04432659  -0.93359541  -5.71591007  -2.95544908
  1.04000000  -0.07678135  -0.94033243  -5.59943233  -2.96054473
  1.06000000  -0.10956815  -0.94730013  -5.47881665  -2.96523725
  1.08000000  -0.14265074  -0.95447939  -5.35491487  -2.96948720
  1.10000000  -0.17599327  -0.96185124  -5.22860329  -2.97325605
  1.12000000  -0.20956036  -0.96939689  -5.10076775  -2.97650640
  1.14000000  -0.24331705  -0.97709795  -4.97228791  -2.97920204
  1.16000000  -0.27722882  -0.98493643  -4.84402159  -2.98130809
  1.18000000  -0.31126159  -0.99289491  -4.71678922  -2.98279111
  1.20000000  -0.34538174  -1.00095659  -4.59135918  -2.98361919
  1.22000000  -0.37955602  -1.00910533  -4.46843440  -2.98376206
  1.24000000  -0.41375163  -1.01732575  -4.34864066  -2.98319112
  1.26000000  -0.44793617  -1.02560328  -4.23251711  -2.98187959
  1.28000000  -0.48207763  -1.03392411  -4.12050918  -2.97980250
  1.30000000  -0.51614437  -1.04227529  -4.01296438  -2.97693680
  1.32000000  -0.55010514  -1.05064468  -3.91013084  -2.97326137
  1.34000000  -0.58392901  -1.05902095  -3.81215889  -2.96875708
  1.36000000  -0.61758540  -1.06739356  -3.71910540  -2.96340680
  1.38000000  -0.65104403  -1.07575269  -3.63094060  -2.95719543
  1.40000000  -0.68427492  -1.08408921  -3.54755727  -2.95010990
  1.42000000  -0.71724834  -1.09239464  -3.46878154  -2.94213922
  1.44000000  -0.74993483  -1.10066104  -3.39438496  -2.93327442
  1.46000000  -0.78230513  -1.10888101  -3.32409734  -2.92350860
  1.48000000  -0.81433025  -1.11704755  -3.25761957  -2.91283694
  1.50000000  -0.84598139  -1.12515406  -3.19463606  -2.90125668
  1.52000000  -0.87723001  -1.13319422  -3.13482639  -2.88876712
  1.54000000  -0.90804778  -1.14116199  -3.07787547  -2.87536967
  1.56000000  -0.93840667  -1.14905152  -3.02348226  -2.86106785
  1.58000000  -0.96827893  -1.15685711  -2.97136661  -2.84586730
  1.60000000  -0.99763718  -1.16457319  -2.92127436  -2.82977579
  1.62000000  -1.02645442  -1.17219428  -2.87298040  -2.81280331
  1.64000000  -1.05470411  -1.17971496  -2.82629027  -2.79496200
  1.66000000  -1.08236025  -1.18712988  -2.78104002  -2.77626629
  1.68000000  -1.10939744  -1.19443372  -2.73709488  -2.75673283
  1.70000000  -1.13579096  -1.20162123  -2.69434702  -2.73638057
  1.72000000  -1.16151686  -1.20868717  -2.65271238  -2.71523077
  1.74000000  -1.18655205  -1.21562640  -2.61212734  -2.69330700
  1.76000000  -1.21087438  -1.22243379  -2.57254502  -2.67063515
  1.78000000  -1.23446274  -1.22910432  -2.53393168  -2.64724344
  1.80000000  -1.25729711  -1.23563305  -2.49626344  -2.62316238
  1.82000000  -1.27935871  -1.24201511  -2.45952323  -2.59842473
  1.84000000  -1.30062999  -1.24824578  -2.42369823  -2.57306549
  1.86000000  -1.32109480  -1.25432041  -2.38877780  -2.54712179
  1.88000000  -1.34073838  -1.26023452  -2.35475184  -2.52063285
  1.90000000  -1.35954747  -1.26598375  -2.32160967  -2.49363984
  1.92000000  -1.37751036  -1.27156388  -2.28933923  -2.46618581
  1.94000000  -1.39461692  -1.27697086  -2.25792668  -2.43831550
  1.96000000  -1.41085870  -1.28220079  -2.22735622  -2.41007524
  1.98000000  -1.42622888  -1.28724993  -2.19761020  -2.38151273
  2.00000000  -1.44072239  -1.29211470  -2.16866925  -2.35267689
  2.02000000  -1.45433588  -1.29679169  -2.14051260  -2.32361764
  2.04000000  -1.46706774  -1.30127767  -2.11311839  -2.29438566
  2.06000000  -1.47891814  -1.30556957  -2.08646402  -2.26503220
  2.08000000  -1.48988900  -1.30966448  -2.06052647  -2.23560880
  2.10000000  -1.49998400  -1.31355968  -2.03528258  -2.20616704
  2.12000000  -1.50920856  -1.31725260  -2.01070925  -2.17675829
  2.14000000  -1.51756981  -1.32074087  -1.98678374  -2.14743343
  2.16000000  -1.52507661  -1.32402226  -1.96348372  -2.11824258
  2.18000000  -1.53173943  -1.32709473  -1.94078744  -2.08923484
  2.20000000  -1.53757041  -1.32995642  -1.91867379  -2.06045801
  2.22000000  -1.54258323  -1.33260564  -1.89712238  -2.03195831
  2.24000000  -1.54679308  -1.33504087  -1.87611352  -2.00378017
  2.26000000  -1.55021662  -1.33726079  -1.85562825  -1.97596594
  2.28000000  -1.55287189  -1.33926425  -1.83564835  -1.94855567
  2.30000000  -1.55477825  -1.34105029  -1.81615628  -1.92158693
  2.32000000  -1.55595628  -1.34261817  -1.79713522  -1.89509458
  2.34000000  -1.55642770  -1.34396730  -1.77856899  -1.86911060
  2.36000000  -1.55621532  -1.34509733  -1.76044205  -1.84366396
  2.38000000  -1.55534289  -1.34600810  -1.74273949  -1.81878049
  2.40000000  -1.55383502  -1.34669969  -1.72544694  -1.79448277
  2.42000000  -1.55171712  -1.34717235  -1.70855063  -1.77079010
  2.44000000  -1.54901523  -1.34742660  -1.69203729  -1.74771843
  2.46000000  -1.54575596  -1.34746316  -1.67589415  -1.72528033
  2.48000000  -1.54196636  -1.34728299  -1.66010896  -1.70348509
  2.50000000  -1.53767384  -1.34688729  -1.64466989  -1.68233869
  2.52000000  -1.53290603  -1.34627749  -1.62956557  -1.66184392
  2.54000000  -1.52769069  -1.34545527  -1.61478507  -1.64200046
  2.56000000  -1.52205558  -1.34442256  -1.60031784  -1.62280503
  2.58000000  -1.51602840  -1.34318151  -1.58615373  -1.60425155
  2.60000000  -1.50963664  -1.34173455  -1.57228297  -1.58633125
  2.62000000  -1.50290751  -1.34008432  -1.55869615  -1.56903296
  2.64000000  -1.49586784  -1.33823374  -1.54538418  -1.55234322
  2.66000000  -1.48854398  -1.33618594  -1.53233835  -1.53624654
  2.68000000  -1.48096172  -1.33394431  -1.51955023  -1.52072566
  2.70000000  -1.47314622  -1.33151244  -1.50701172  -1.50576170
  2.72000000  -1.46512192  -1.32889418  -1.49471501  -1.49133448
  2.74000000  -1.45691247  -1.32609357  -1.48265259  -1.47742270
  2.76000000  -1.44854070  -1.32311489  -1.47081722  -1.46400420
  2.78000000  -1.44002853  -1.31996259  -1.45920191  -1.45105617
  2.80000000  -1.43139694  -1.31664133  -1.44779995  -1.43855539
  2.82000000  -1.42266593  -1.31315595  -1.43660488  -1.42647844
  2.84000000  -1.41385449  -1.30951144  -1.42561045  -1.41480189
  2.86000000  -1.40498059  -1.30571296  -1.41481068  -1.40350246
  2.88000000  -1.39606112  -1.30176582  -1.40419979  -1.39255725
  2.90000000  -1.38711192  -1.29767543  -1.39377222  -1.38194384
  2.92000000  -1.37814779  -1.29344733  -1.38352261  -1.37164044
  2.94000000  -1.36918242  -1.28908717  -1.37344581  -1.36162604
  2.96000000  -1.36022850  -1.28460066  -1.36353684  -1.35188047
  2.98000000  -1.35129767  -1.27999360  -1.35379095  -1.34238449
  3.00000000  -1.34240054  -1.27527181  -1.34420351  -1.33311990
  3.02000000  -1.33354677  -1.27044117  -1.33477011  -1.32406953
  3.04000000  -1.32474504  -1.26550759  -1.32548647  -1.31521732
  3.06000000  -1.31600313  -1.26047696  -1.31634849  -1.30654832
  3.08000000  -1.30732793  -1.25535517  -1.30735222  -1.29804869
  3.10000000  -1.29872551  -1.25014809  -1.29849384  -1.28970571
  3.12000000  -1.29020112  -1.24486155  -1.28976969  -1.28150775
  3.14000000  -1.28175929  -1.23950132  -1.28117623  -1.27344423
  3.16000000  -1.27340385  -1.23407310  -1.27271006  -1.26550563
  3.18000000  -1.26513795  -1.22858254  -1.26436790  -1.25768338
  3.20000000  -1.25696416  -1.22303516  -1.25614659  -1.24996985
  3.22000000  -1.24888449  -1.21743640  -1.24804308  -1.24235829
  3.24000000  -1.24090044  -1.21179159  -1.24005445  -1.23484274
  3.26000000  -1.23301305  -1.20610591  -1.23217785  -1.22741803
  3.28000000  -1.22522292  -1.20038444  -1.22441056  -1.22007967
  3.30000000  -1.21753031  -1.19463210  -1.21674996  -1.21282377
  3.32000000  -1.20993513  -1.18885366  -1.20919349  -1.20564703
  3.34000000  -1.20243700  -1.18305377  -1.20173871  -1.19854667
  3.36000000  -1.19503527  -1.17723686  -1.19438325  -1.19152031
  3.38000000  -1.18772909  -1.17140726  -1.18712483  -1.18456600
  3.40000000  -1.18051742  -1.16556908  -1.17996125  -1.17768212
  3.42000000  -1.17339905  -1.15972629  -1.17289037  -1.17086731
  3.44000000  -1.16637264  -1.15388268  -1.16591014  -1.16412048
  3.46000000  -1.15943675  -1.14804184  -1.15901857  -1.15744072
  3.48000000  -1.15258987  -1.14220723  -1.15221374  -1.15082731
  3.50000000  -1.14583039  -1.13638210  -1.14549377  -1.14427962
  3.52000000  -1.13915671  -1.13056953  -1.13885688  -1.13779715
  3.54000000  -1.13256715  -1.12477243  -1.13230133  -1.13137945
  3.56000000  -1.12606004  -1.11899354  -1.12582542  -1.12502612
  3.58000000  -1.11963372  -1.11323543  -1.11942752  -1.11873681
  3.60000000  -1.11328651  -1.10750050  -1.11310605  -1.11251115
  3.62000000  -1.10701676  -1.10179098  -1.10685949  -1.10634879
  3.64000000  -1.10082286  -1.09610896  -1.10068633  -1.10024938
  3.66000000  -1.09470319  -1.09045636  -1.09458515  -1.09421253
  3.68000000  -1.08865620  -1.08483495  -1.08855454  -1.08823783
  3.70000000  -1.08268037  -1.07924635  -1.08259314  -1.08232486
  3.72000000  -1.07677420  -1.07369206  -1.07669965  -1.07647313
  3.74000000  -1.07093626  -1.06817343  -1.07087277  -1.07068216
  3.76000000  -1.06516514  -1.06269167  -1.06511128  -1.06495142
  3.78000000  -1.05945949  -1.05724789  -1.05941396  -1.05928033
  3.80000000  -1.05381798  -1.05184305  -1.05377964  -1.05366832
  3.82000000  -1.04823935  -1.04647803  -1.04820718  -1.04811475
  3.84000000  -1.04272237  -1.04115358  -1.04269547  -1.04261899
  3.86000000  -1.03726585  -1.03587036  -1.03724344  -1.03718037
  3.88000000  -1.03186863  -1.03062893  -1.03185003  -1.03179819
  3.90000000  -1.02652960  -1.02542975  -1.02651422  -1.02647176
  3.92000000  -1.02124769  -1.02027321  -1.02123501  -1.02120036
  3.94000000  -1.01602186  -1.01515961  -1.01601145  -1.01598326
  3.96000000  -1.01085109  -1.01008919  -1.01084257  -1.01081972
  3.98000000  -1.00573442  -1.00506210  -1.00572748  -1.00570901
  4.00000000  -1.00067090  -1.00007844  -1.00066525  -1.00065039
  4.02000000  -0.99565960  -0.99513825  -0.99565503  -0.99564311
  4.04000000  -0.99069965  -0.99024152  -0.99069596  -0.99068643
  4.06000000  -0.98579017  -0.98538817  -0.98578721  -0.98577962
  4.08000000  -0.98093033  -0.98057808  -0.98092796  -0.98092193
  4.10000000  -0.97611932  -0.97581111  -0.97611742  -0.97611266
  4.12000000  -0.97135633  -0.97108706  -0.97135483  -0.97135107
  4.14000000  -0.96664061  -0.96640570  -0.96663941  -0.96663646
  4.16000000  -0.96197139  -0.96176677  -0.96197045  -0.96196814
  4.18000000  -0.95734795  -0.95716998  -0.95734721  -0.95734541
  4.20000000  -0.95276956  -0.95261501  -0.95276898  -0.95276759
  4.22000000  -0.94823555  -0.94810154  -0.94823509  -0.94823401
  4.24000000  -0.94374521  -0.94362920  -0.94374486  -0.94374403
  4.26000000  -0.93929790  -0.93919763  -0.93929763  -0.93929699
  4.28000000  -0.93489296  -0.93480643  -0.93489275  -0.93489226
  4.30000000  -0.93052977  -0.93045521  -0.93052960  -0.93052923
  4.32000000  -0.92620769  -0.92614356  -0.92620757  -0.92620728
  4.34000000  -0.92192613  -0.92187106  -0.92192603  -0.92192582
  4.36000000  -0.91768449  -0.91763728  -0.91768442  -0.91768426
  4.38000000  -0.91348220  -0.91344180  -0.91348214  -0.91348202
  4.40000000  -0.90931868  -0.90928417  -0.90931864  -0.90931855
  4.42000000  -0.90519339  -0.90516395  -0.90519336  -0.90519329
  4.44000000  -0.90110578  -0.90108071  -0.90110575  -0.90110570
  4.46000000  -0.89705531  -0.89703401  -0.89705529  -0.89705526
  4.48000000  -0.89304147  -0.89302340  -0.89304146  -0.89304143
  4.50000000  -0.88906374  -0.88904844  -0.88906373  -0.88906371
  4.52000000  -0.88512163  -0.88510869  -0.88512162  -0.88512161
  4.54000000  -0.88121464  -0.88120372  -0.88121463  -0.88121462
  4.56000000  -0.87734229  -0.87733310  -0.87734229  -0.87734228
  4.58000000  -0.87350411  -0.87349638  -0.87350411  -0.87350410
  4.60000000  -0.86969964  -0.86969316  -0.86969964  -0.86969963
  4.62000000  -0.86592842  -0.86592299  -0.86592842  -0.86592842
  4.64000000  -0.86219001  -0.86218548  -0.86219001  -0.86219001
  4.66000000  -0.85848398  -0.85848019  -0.85848398  -0.85848397
  4.68000000  -0.85480988  -0.85480673  -0.85480988  -0.85480988
  4.70000000  -0.85116731  -0.85116469  -0.85116731  -0.85116731
  4.72000000  -0.84755585  -0.84755367  -0.84755585  -0.84755585
  4.74000000  -0.84397509  -0.84397329  -0.84397509  -0.84397509
  4.76000000  -0.84042463  -0.84042315  -0.84042463  -0.84042463
  4.78000000  -0.83690410  -0.83690287  -0.83690410  -0.83690410
  4.80000000  -0.83341309  -0.83341209  -0.83341309  -0.83341309
  4.82000000  -0.82995124  -0.82995041  -0.82995124  -0.82995124
  4.84000000  -0.82651817  -0.82651750  -0.82651817  -0.82651817
  4.86000000  -0.82311353  -0.82311298  -0.82311353  -0.82311353
  4.88000000  -0.81973695  -0.81973650  -0.81973695  -0.81973695
  4.90000000  -0.81638808  -0.81638771  -0.81638808  -0.81638808
  4.92000000  -0.81306658  -0.81306628  -0.81306658  -0.81306658
  4.94000000  -0.80977210  -0.80977186  -0.80977210  -0.80977210
  4.96000000  -0.80650432  -0.80650413  -0.80650432  -0.80650432
  4.98000000  -0.80326291  -0.80326275  -0.80326291  -0.80326291
  5.00000000  -0.80004755  -0.80004742  -0.80004755  -0.80004755
  5.02000000  -0.79685791  -0.79685781  -0.79685791  -0.79685791
  5.04000000  -0.79369369  -0.79369361  -0.79369369  -0.79369369
  5.06000000  -0.79055458  -0.79055451  -0.79055458  -0.79055458
  5.08000000  -0.78744028  -0.78744023  -0.78744028  -0.78744028
  5.10000000  -0.78435049  -0.78435045  -0.78435049  -0.78435049
  5.12000000  -0.78128493  -0.78128490  -0.78128493  -0.78128493
  5.14000000  -0.77824330  -0.77824328  -0.77824330  -0.77824330
  5.16000000  -0.77522533  -0.77522531  -0.77522533  -0.77522533
  5.18000000  -0.77223073  -0.77223071  -0.77223073  -0.77223073
  5.20000000  -0.76925923  -0.76925922  -0.76925923  -0.76925923
  5.22000000  -0.76631057  -0.76631056  -0.76631057  -0.76631057
  5.24000000  -0.76338448  -0.76338447  -0.76338448  -0.76338448
  5.26000000  -0.76048069  -0.76048069  -0.76048069  -0.76048069
  5.28000000  -0.75759896  -0.75759896  -0.75759896  -0.75759896
  5.30000000  -0.75473903  -0.75473903  -0.75473903  -0.75473903
  5.32000000  -0.75190066  -0.75190065  -0.75190066  -0.75190066
  5.34000000  -0.74908359  -0.74908359  -0.74908359  -0.74908359
  5.36000000  -0.74628759  -0.74628758  -0.74628759  -0.74628759
  5.38000000  -0.74351242  -0.74351241  -0.74351242  -0.74351242
  5.40000000  -0.74075784  -0.74075784  -0.74075784  -0.74075784
  5.42000000  -0.73802363  -0.73802363  -0.73802363  -0.73802363
  5.44000000  -0.73530957  -0.73530957  -0.73530957  -0.73530957
  5.46000000  -0.73261542  -0.73261542  -0.73261542  -0.73261542
  5.48000000  -0.72994097  -0.72994097  -0.72994097  -0.72994097
  5.50000000  -0.72728600  -0.72728600  -0.72728600  -0.72728600
  5.52000000  -0.72465030  -0.72465030  -0.72465030  -0.72465030
  5.54000000  -0.72203365  -0.72203365  -0.72203365  -0.72203365
  5.56000000  -0.71943586  -0.71943586  -0.71943586  -0.71943586
  5.58000000  -0.71685672  -0.71685672  -0.71685672  -0.71685672
  5.60000000  -0.71429602  -0.71429602  -0.71429602  -0.71429602
  5.62000000  -0.71175357  -0.71175357  -0.71175357  -0.71175357
  5.64000000  -0.70922917  -0.70922917  -0.70922917  -0.70922917
  5.66000000  -0.70672264  -0.70672264  -0.70672264  -0.70672264
  5.68000000  -0.70423377  -0.70423377  -0.70423377  -0.70423377
  5.70000000  -0.70176239  -0.70176239  -0.70176239  -0.70176239
  5.72000000  -0.69930831  -0.69930831  -0.69930831  -0.69930831
  5.74000000  -0.69687135  -0.69687135  -0.69687135  -0.69687135
  5.76000000  -0.69445133  -0.69445133  -0.69445133  -0.69445133
  5.78000000  -0.69204807  -0.69204807  -0.69204807  -0.69204807
  5.80000000  -0.68966140  -0.68966140  -0.68966140  -0.68966140
  5.82000000  -0.68729114  -0.68729114  -0.68729114  -0.68729114
  5.84000000  -0.68493714  -0.68493714  -0.68493714  -0.68493714
  5.86000000  -0.68259921  -0.68259921  -0.68259921  -0.68259921
  5.88000000  -0.68027720  -0.68027720  -0.68027720  -0.68027720
  5.90000000  -0.67797094  -0.67797094  -0.67797094  -0.67797094
  5.92000000  -0.67568028  -0.67568028  -0.67568028  -0.67568028
  5.94000000  -0.67340505  -0.67340505  -0.67340505  -0.67340505
  5.96000000  -0.67114511  -0.67114511  -0.67114511  -0.67114511
  5.98000000  -0.66890028  -0.66890028  -0.66890028  -0.66890028
  6.00000000  -0.66667044  -0.66667044  -0.66667044  -0.66667044
  6.02000000  -0.66445541  -0.66445541  -0.66445541  -0.66445541
  6.04000000  -0.66225506  -0.66225506  -0.66225506  -0.66225506
  6.06000000  -0.66006925  -0.66006925  -0.66006925  -0.66006925
  6.08000000  -0.65789782  -0.65789782  -0.65789782  -0.65789782
  6.10000000  -0.65574064  -0.65574064  -0.65574064  -0.65574064
  6.12000000  -0.65359756  -0.65359756  -0.65359756  -0.65359756
  6.14000000  -0.65146845  -0.65146845  -0.65146845  -0.65146845
  6.16000000  -0.64935317  -0.64935317  -0.64935317  -0.64935317
  6.18000000  -0.64725159  -0.64725159  -0.64725159  -0.64725159
  6.20000000  -0.64516357  -0.64516357  -0.64516357  -0.64516357
  6.22000000  -0.64308899  -0.64308899  -0.64308899  -0.64308899
  6.24000000  -0.64102771  -0.64102771  -0.64102771  -0.64102771
  6.26000000  -0.63897960  -0.63897960  -0.63897960  -0.63897960
  6.28000000  -0.63694454  -0.63694454  -0.63694454  -0.63694454
  6.30000000  -0.63492241  -0.63492241  -0.63492241  -0.63492241
  6.32000000  -0.63291308  -0.63291308  -0.63291308  -0.63291308
  6.34000000  -0.63091644  -0.63091644  -0.63091644  -0.63091644
  6.36000000  -0.62893235  -0.62893235  -0.62893235  -0.62893235
  6.38000000  -0.62696070  -0.62696070  -0.62696070  -0.62696070
  6.40000000  -0.62500138  -0.62500138  -0.62500138  -0.62500138
  6.42000000  -0.62305428  -0.62305428  -0.62305428  -0.62305428
  6.44000000  -0.62111927  -0.62111927  -0.62111927  -0.62111927
  6.46000000  -0.61919624  -0.61919624  -0.61919624  -0.61919624
  6.48000000  -0.61728508  -0.61728508  -0.61728508  -0.61728508
  6.50000000  -0.61538569  -0.61538569  -0.61538569  -0.61538569
  6.52000000  -0.61349796  -0.61349796  -0.61349796  -0.61349796
  6.54000000  -0.61162177  -0.61162177  -0.61162177  -0.61162177
  6.56000000  -0.60975703  -0.60975703  -0.60975703  -0.60975703
  6.58000000  -0.60790362  -0.60790362  -0.60790362  -0.60790362
  6.60000000  -0.60606145  -0.60606145  -0.60606145  -0.60606145
  6.62000000  -0.60423041  -0.60423041  -0.60423041  -0.60423041
  6.64000000  -0.60241040  -0.60241040  -0.60241040  -0.60241040
  6.66000000  -0.60060132  -0.60060132  -0.60060132  -0.60060132
  6.68000000  -0.59880308  -0.59880308  -0.59880308  -0.59880308
  6.70000000  -0.59701558  -0.59701558  -0.59701558  -0.59701558
  6.72000000  -0.59523872  -0.59523872  -0.59523872  -0.59523872
  6.74000000  -0.59347240  -0.59347240  -0.59347240  -0.59347240
  6.76000000  -0.59171654  -0.59171654  -0.59171654  -0.59171654
  6.78000000  -0.58997104  -0.58997104  -0.58997104  -0.58997104
  6.80000000  -0.58823580  -0.58823580  -0.58823580  -0.58823580
  6.82000000  -0.58651075  -0.58651075  -0.58651075  -0.58651075
  6.84000000  -0.58479578  -0.58479578  -0.58479578  -0.58479578
  6.86000000  -0.58309082  -0.58309082  -0.58309082  -0.58309082
  6.88000000  -0.58139577  -0.58139577  -0.58139577  -0.58139577
  6.90000000  -0.57971054  -0.57971054  -0.57971054  -0.57971054
  6.92000000  -0.57803506  -0.57803506  -0.57803506  -0.57803506
  6.94000000  -0.57636923  -0.57636923  -0.57636923  -0.57636923
  6.96000000  -0.57471298  -0.57471298  -0.57471298  -0.57471298
  6.98000000  -0.57306623  -0.57306623  -0.57306623  -0.57306623
  7.00000000  -0.57142888  -0.57142888  -0.57142888  -0.57142888
  7.02000000  -0.56980086  -0.56980086  -0.56980086  -0.56980086
  7.04000000  -0.56818210  -0.56818210  -0.56818210  -0.56818210
  7.06000000  -0.56657250  -0.56657250  -0.56657250  -0.56657250
  7.08000000  -0.56497200  -0.56497200  -0.56497200  -0.56497200
  7.10000000  -0.56338052  -0.56338052  -0.56338052  -0.56338052
  7.12000000  -0.56179798  -0.56179798  -0.56179798  -0.56179798
  7.14000000  -0.56022431  -0.56022431  -0.56022431  -0.56022431
  7.16000000  -0.55865942  -0.55865942  -0.55865942  -0.55865942
  7.18000000  -0.55710326  -0.55710326  -0.55710326  -0.55710326
  7.20000000  -0.55555574  -0.55555574  -0.55555574  -0.55555574
  7.22000000  -0.55401680  -0.55401680  -0.55401680  -0.55401680
  7.24000000  -0.55248636  -0.55248636  -0.55248636  -0.55248636
  7.26000000  -0.55096435  -0.55096435  -0.55096435  -0.55096435
  7.28000000  -0.54945070  -0.54945070  -0.54945070  -0.54945070
  7.30000000  -0.54794535  -0.54794535  -0.54794535  -0.54794535
  7.32000000  -0.54644823  -0.54644823  -0.54644823  -0.54644823
  7.34000000  -0.54495926  -0.54495926  -0.54495926  -0.54495926
  7.36000000  -0.54347839  -0.54347839  -0.54347839  -0.54347839
  7.38000000  -0.54200554  -0.54200554  -0.54200554  -0.54200554
  7.40000000  -0.54054065  -0.54054065  -0.54054065  -0.54054065
  7.42000000  -0.53908367  -0.53908367  -0.53908367  -0.53908367
  7.44000000  -0.53763451  -0.53763451  -0.53763451  -0.53763451
  7.46000000  -0.53619313  -0.53619313  -0.53619313  -0.53619313
  7.48000000  -0.53475945  -0.53475945  -0.53475945  -0.53475945
  7.50000000  -0.53333342  -0.53333342  -0.53333342  -0.53333342
  7.52000000  -0.53191498  -0.53191498  -0.53191498  -0.53191498
  7.54000000  -0.53050406  -0.53050406  -0.53050406  -0.53050406
  7.56000000  -0.52910061  -0.52910061  -0.52910061  -0.52910061
  7.58000000  -0.52770456  -0.52770456  -0.52770456  -0.52770456
  7.60000000  -0.52631586  -0.52631586  -0.52631586  -0.52631586
  7.62000000  -0.52493445  -0.52493445  -0.52493445  -0.52493445
  7.64000000  -0.52356027  -0.52356027  -0.52356027  -0.52356027
  7.66000000  -0.52219327  -0.52219327  -0.52219327  -0.52219327
  7.68000000  -0.52083339  -0.52083339  -0.52083339  -0.52083339
  7.70000000  -0.51948058  -0.51948058  -0.51948058  -0.51948058
  7.72000000  -0.51813477  -0.51813477  -0.51813477  -0.51813477
  7.74000000  -0.51679592  -0.51679592  -0.51679592  -0.51679592
  7.76000000  -0.51546397  -0.51546397  -0.51546397  -0.51546397
  7.78000000  -0.51413886  -0.51413886  -0.51413886  -0.51413886
  7.80000000  -0.51282056  -0.51282056  -0.51282056  -0.51282056
  7.82000000  -0.51150899  -0.51150899  -0.51150899  -0.51150899
  7.84000000  -0.51020412  -0.51020412  -0.51020412  -0.51020412
  7.86000000  -0.50890589  -0.50890589  -0.50890589  -0.50890589
  7.88000000  -0.50761425  -0.50761425  -0.50761425  -0.50761425
  7.90000000  -0.50632915  -0.50632915  -0.50632915  -0.50632915
  7.92000000  -0.50505054  -0.50505054  -0.50505054  -0.50505054
  7.94000000  -0.50377837  -0.50377837  -0.50377837  -0.50377837
  7.96000000  -0.50251260  -0.50251260  -0.50251260  -0.50251260
  7.98000000  -0.50125316  -0.50125316  -0.50125316  -0.50125316
  8.00000000  -0.50000003  -0.50000003  -0.50000003  -0.50000003
  8.02000000  -0.49875315  -0.49875315  -0.49875315  -0.49875315
  8.04000000  -0.49751247  -0.49751247  -0.49751247  -0.49751247
  8.06000000  -0.49627794  -0.49627794  -0.49627794  -0.49627794
  8.08000000  -0.49504953  -0.49504953  -0.49504953  -0.49504953
  8.10000000  -0.49382719  -0.49382719  -0.49382719  -0.49382719
  8.12000000  -0.49261086  -0.49261086  -0.49261086  -0.49261086
  8.14000000  -0.49140052  -0.49140052  -0.49140052  -0.49140052
  8.16000000  -0.49019610  -0.49019610  -0.49019610  -0.49019610
  8.18000000  -0.48899758  -0.48899758  -0.48899758  -0.48899758
  8.20000000  -0.48780490  -0.48780490  -0.48780490  -0.48780490
  8.22000000  -0.48661803  -0.48661803  -0.48661803  -0.48661803
  8.24000000  -0.48543691  -0.48543691  -0.48543691  -0.48543691
  8.26000000  -0.48426152  -0.48426152  -0.48426152  -0.48426152
  8.28000000  -0.48309181  -0.48309181  -0.48309181  -0.48309181
  8.30000000  -0.48192773  -0.48192773  -0.48192773  -0.48192773
  8.32000000  -0.48076925  -0.48076925  -0.48076925  -0.48076925
  8.34000000  -0.47961633  -0.47961633  -0.47961633  -0.47961633
  8.36000000  -0.47846892  -0.47846892  -0.47846892  -0.47846892
  8.38000000  -0.47732699  -0.47732699  -0.47732699  -0.47732699
  8.40000000  -0.47619049  -0.47619049  -0.47619049  -0.47619049
  8.42000000  -0.47505940  -0.47505940  -0.47505940  -0.47505940
  8.44000000  -0.47393367  -0.47393367  -0.47393367  -0.47393367
  8.46000000  -0.47281326  -0.47281326  -0.47281326  -0.47281326
  8.48000000  -0.47169813  -0.47169813  -0.47169813  -0.47169813
  8.50000000  -0.47058825  -0.47058825  -0.47058825  -0.47058825
  8.52000000  -0.46948359  -0.46948359  -0.46948359  -0.46948359
  8.54000000  -0.46838409  -0.46838409  -0.46838409  -0.46838409
  8.56000000  -0.46728974  -0.46728974  -0.46728974  -0.46728974
  8.58000000  -0.46620048  -0.46620048  -0.46620048  -0.46620048
  8.60000000  -0.46511630  -0.46511630  -0.46511630  -0.46511630
  8.62000000  -0.46403714  -0.46403714  -0.46403714  -0.46403714
  8.64000000  -0.46296298  -0.46296298  -0.46296298  -0.46296298
  8.66000000  -0.46189378  -0.46189378  -0.46189378  -0.46189378
  8.68000000  -0.46082951  -0.46082951  -0.46082951  -0.46082951
  8.70000000  -0.45977013  -0.45977013  -0.45977013  -0.45977013
  8.72000000  -0.45871561  -0.45871561  -0.45871561  -0.45871561
  8.74000000  -0.45766592  -0.45766592  -0.45766592  -0.45766592
  8.76000000  -0.45662102  -0.45662102  -0.45662102  -0.45662102
  8.78000000  -0.45558088  -0.45558088  -0.45558088  -0.45558088
  8.80000000  -0.45454547  -0.45454547  -0.45454547  -0.45454547
  8.82000000  -0.45351476  -0.45351476  -0.45351476  -0.45351476
  8.84000000  -0.45248870  -0.45248870  -0.45248870  -0.45248870
  8.86000000  -0.45146729  -0.45146729  -0.45146729  -0.45146729
  8.88000000  -0.45045047  -0.45045047  -0.45045047  -0.45045047
  8.90000000  -0.44943822  -0.44943822  -0.44943822  -0.44943822
  8.92000000  -0.44843051  -0.44843051  -0.44843051  -0.44843051
  8.94000000  -0.44742731  -0.44742731  -0.44742731  -0.44742731
  8.96000000  -0.44642859  -0.44642859  -0.44642859  -0.44642859
  8.98000000  -0.44543432  -0.44543432  -0.44543432  -0.44543432
  9.00000000  -0.44444446  -0.44444446  -0.44444446  -0.44444446
  9.02000000  -0.44345900  -0.44345900  -0.44345900  -0.44345900
  9.04000000  -0.44247789  -0.44247789  -0.44247789  -0.44247789
  9.06000000  -0.44150112  -0.44150112  -0.44150112  -0.44150112
  9.08000000  -0.44052865  -0.44052865  -0.44052865  -0.44052865
  9.10000000  -0.43956046  -0.43956046  -0.43956046  -0.43956046
  9.12000000  -0.43859651  -0.43859651  -0.43859651  -0.43859651
  9.14000000  -0.43763678  -0.43763678  -0.43763678  -0.43763678
  9.16000000  -0.43668124  -0.43668124  -0.43668124  -0.43668124
  9.18000000  -0.43572987  -0.43572987  -0.43572987  -0.43572987
  9.20000000  -0.43478263  -0.43478263  -0.43478263  -0.43478263
  9.22000000  -0.43383950  -0.43383950  -0.43383950  -0.43383950
  9.24000000  -0.43290045  -0.43290045  -0.43290045  -0.43290045
  9.26000000  -0.43196546  -0.43196546  -0.43196546  -0.43196546
  9.28000000  -0.43103450  -0.43103450  -0.43103450  -0.43103450
  9.30000000  -0.43010755  -0.43010755  -0.43010755  -0.43010755
  9.32000000  -0.42918457  -0.42918457  -0.42918457  -0.42918457
  9.34000000  -0.42826554  -0.42826554  -0.42826554  -0.42826554
  9.36000000  -0.42735045  -0.42735045  -0.42735045  -0.42735045
  9.38000000  -0.42643925  -0.42643925  -0.42643925  -0.42643925
  9.40000000  -0.42553193  -0.42553193  -0.42553193  -0.42553193
  9.42000000  -0.42462847  -0.42462847  -0.42462847  -0.42462847
  9.44000000  -0.42372883  -0.42372883  -0.42372883  -0.42372883
  9.46000000  -0.42283300  -0.42283300  -0.42283300  -0.42283300
  9.48000000  -0.42194095  -0.42194095  -0.42194095  -0.42194095
  9.50000000  -0.42105265  -0.42105265  -0.42105265  -0.42105265
  9.52000000  -0.42016809  -0.42016809  -0.42016809  -0.42016809
  9.54000000  -0.41928723  -0.41928723  -0.41928723  -0.41928723
  9.56000000  -0.41841006  -0.41841006  -0.41841006  -0.41841006
  9.58000000  -0.41753655  -0.41753655  -0.41753655  -0.41753655
  9.60000000  -0.41666669  -0.41666669  -0.41666669  -0.41666669
  9.62000000  -0.41580044  -0.41580044  -0.41580044  -0.41580044
  9.64000000  -0.41493778  -0.41493778  -0.41493778  -0.41493778
  9.66000000  -0.41407869  -0.41407869  -0.41407869  -0.41407869
  9.68000000  -0.41322316  -0.41322316  -0.41322316  -0.41322316
  9.70000000  -0.41237115  -0.41237115  -0.41237115  -0.41237115
  9.72000000  -0.41152265  -0.41152265  -0.41152265  -0.41152265
  9.74000000  -0.41067764  -0.41067764  -0.41067764  -0.41067764
  9.76000000  -0.40983609  -0.40983609  -0.40983609  -0.40983609
  9.78000000  -0.40899798  -0.40899798  -0.40899798  -0.40899798
  9.80000000  -0.40816329  -0.40816329  -0.40816329  -0.40816329
  9.82000000  -0.40733200  -0.40733200  -0.40733200  -0.40733200
  9.84000000  -0.40650409  -0.40650409  -0.40650409  -0.40650409
  9.86000000  -0.40567953  -0.40567953  -0.40567953  -0.40567953
  9.88000000  -0.40485832  -0.40485832  -0.40485832  -0.40485832
  9.90000000  -0.40404042  -0.40404042  -0.40404042  -0.40404042
  9.92000000  -0.40322583  -0.40322583  -0.40322583  -0.40322583
  9.94000000  -0.40241451  -0.40241451  -0.40241451  -0.40241451
  9.96000000  -0.40160645  -0.40160645  -0.40160645  -0.40160645
  9.98000000  -0.40080162  -0.40080162  -0.40080162  -0.40080162
 10.00000000  -0.40000002  -0.40000002  -0.40000002  -0.40000002
  0.00000625   0.00000030   0.00000000   0.00000000   0.00000000
  0.02000000   0.00096525   0.00000318   0.00000827   0.00000000
  0.04000000   0.00193245   0.00001271   0.00006614   0.00000000
  0.06000000   0.00290355   0.00002860   0.00022307   0.00000000
  0.08000000   0.00388051   0.00005086   0.00052821   0.00000001
  0.10000000   0.00486530   0.00007952   0.00103029   0.00000003
  0.12000000   0.00585988   0.00011458   0.00177741   0.00000007
  0.14000000   0.00686622   0.00015609   0.00281686   0.00000013
  0.16000000   0.00788632   0.00020407   0.00419495   0.00000023
  0.18000000   0.00892215   0.00025856   0.00595674   0.00000037
  0.20000000   0.00997572   0.00031960   0.00814584   0.00000056
  0.22000000   0.01104902   0.00038723   0.01080414   0.00000082
  0.24000000   0.01214408   0.00046150   0.01397154   0.00000115
  0.26000000   0.01326292   0.00054247   0.01768560   0.00000159
  0.28000000   0.01440758   0.00063020   0.02198134   0.00000213
  0.30000000   0.01558011   0.00072475   0.02689082   0.00000280
  0.32000000   0.01678257   0.00082619   0.03244288   0.00000363
  0.34000000   0.01801705   0.00093458   0.03866282   0.00000461
  0.36000000   0.01928564   0.00105000   0.04557205   0.00000579
  0.38000000   0.02059045   0.00117253   0.05318781   0.00000717
  0.40000000   0.02193361   0.00130225   0.06152286   0.00000879
  0.42000000   0.02331727   0.00143924   0.07058524   0.00001066
  0.44000000   0.02474360   0.00158360   0.08037794   0.00001281
  0.46000000   0.02621476   0.00173542   0.09089875   0.00001527
  0.48000000   0.02773295   0.00189479   0.10214006   0.00001806
  0.50000000   0.02930038   0.00206181   0.11408871   0.00002121
  0.52000000   0.03091926   0.00223658   0.12672589   0.00002474
  0.54000000   0.03259183   0.00241920   0.14002718   0.00002870
  0.56000000   0.03432033   0.00260978   0.15396254   0.00003309
  0.58000000   0.03610701   0.00280843   0.16849646   0.00003796
  0.60000000   0.03795412   0.00301526   0.18358813   0.00004333
  0.62000000   0.03986393   0.00323038   0.19919176   0.00004923
  0.64000000   0.04183870   0.00345391   0.21525686   0.00005570
  0.66000000   0.04388070   0.00368595   0.23172873   0.00006276
  0.68000000   0.04599217   0.00392664   0.24854893   0.00007044
  0.70000000   0.04817539   0.00417608   0.26565583   0.00007878
  0.72000000   0.05043260   0.00443440   0.28298522   0.00008781
  0.74000000   0.05276602   0.00470173   0.30047099   0.00009755
  0.76000000   0.05517788   0.00497817   0.31804580   0.00010804
  0.78000000   0.05767036   0.00526385   0.33564183   0.00011930
  0.80000000   0.06024563   0.00555889   0.35319151   0.00013137
  0.82000000   0.06290582   0.00586343   0.37062822   0.00014428
  0.84000000   0.06565303   0.00617757   0.38788708   0.00015804
  0.86000000   0.06848929   0.00650143   0.40490562   0.00017270
  0.88000000   0.07141662   0.00683515   0.42162448   0.00018828
  0.90000000   0.07443695   0.00717884   0.43798799   0.00020479
  0.92000000   0.07755216   0.00753261   0.45394474   0.00022228
  0.94000000   0.08076407   0.00789659   0.46944811   0.00024076
  0.96000000   0.08407440   0.00827088   0.48445658   0.00026025
  0.98000000   0.08748483   0.00865560   0.49893409   0.00028078
  1.00000000   0.09099691   0.00905086   0.51285020   0.00030237
  1.02000000   0.09461213   0.00945678   0.52618020   0.00032503
  1.04000000   0.09833184   0.00987344   0.53890508   0.00034878
  1.06000000   0.10215731   0.01030096   0.55101145   0.00037365
  1.08000000   0.10608968   0.01073943   0.56249126   0.00039964
  1.10000000   0.11012998   0.01118895   0.57334157   0.00042676
  1.12000000   0.11427910   0.01164961   0.58356414   0.00045504
  1.14000000   0.11853777   0.01212149   0.59316500   0.00048447
  1.16000000   0.12290661   0.01260469   0.60215396   0.00051507
  1.18000000   0.12738605   0.01309927   0.61054410   0.00054685
  1.20000000   0.13197638   0.01360531   0.61835124   0.00057980
  1.22000000   0.13667771   0.01412287   0.62559335   0.00061394
  1.24000000   0.14148998   0.01465202   0.63229009   0.00064926
  1.26000000   0.14641292   0.01519282   0.63846227   0.00068576
  1.28000000   0.15144610   0.01574531   0.64413137   0.00072344
  1.30000000   0.15658886   0.01630954   0.64931915   0.00076231
  1.32000000   0.16184036   0.01688555   0.65404726   0.00080235
  1.34000000   0.16719952   0.01747335   0.65833693   0.00084355
  1.36000000   0.17266506   0.01807298   0.66220871   0.00088592
  1.38000000   0.17823547   0.01868446   0.66568230   0.00092944
  1.40000000   0.18390903   0.01930777   0.66877641   0.00097411
  1.42000000   0.18968375   0.01994293   0.67150864   0.00101990
  1.44000000   0.19555744   0.02058993   0.67389552   0.00106682
  1.46000000   0.20152766   0.02124874   0.67595244   0.00111484
  1.48000000   0.20759172   0.02191934   0.67769375   0.00116395
  1.50000000   0.21374671   0.02260169   0.67913282   0.00121414
  1.52000000   0.21998946   0.02329574   0.68028210   0.00126539
  1.54000000   0.22631657   0.02400145   0.68115326   0.00131769
  1.56000000   0.23272441   0.02471873   0.68175726   0.00137102
  1.58000000   0.23920910   0.02544752   0.68210449   0.00142536
  1.60000000   0.24576655   0.02618773   0.68220483   0.00148070
  1.62000000   0.25239242   0.02693926   0.68206778   0.00153702
  1.64000000   0.25908218   0.02770201   0.68170250   0.00159430
  1.66000000   0.26583106   0.02847585   0.68111789   0.00165254
  1.68000000   0.27263410   0.02926067   0.68032266   0.00171171
  1.70000000   0.27948615   0.03005632   0.67932533   0.00177180
  1.72000000   0.28638187   0.03086265   0.67813430   0.00183280
  1.74000000   0.29331574   0.03167950   0.67675781   0.00189469
  1.76000000   0.30028210   0.03250670   0.67520400   0.00195747
  1.78000000   0.30727511   0.03334407   0.67348087   0.00202111
  1.80000000   0.31428884   0.03419141   0.67159629   0.00208562
  1.82000000   0.32131720   0.03504853   0.66955799   0.00215099
  1.84000000   0.32835401   0.03591520   0.66737353   0.00221720
  1.86000000   0.33539302   0.03679120   0.66505030   0.00228427
  1.88000000   0.34242790   0.03767630   0.66259553   0.00235217
  1.90000000   0.34945225   0.03857026   0.66001623   0.00242092
  1.92000000   0.35645965   0.03947281   0.65731919   0.00249051
  1.94000000   0.36344368   0.04038369   0.65451101   0.00256096
  1.96000000   0.37039788   0.04130264   0.65159807   0.00263225
  1.98000000   0.37731585   0.04222936   0.64858650   0.00270441
  2.00000000   0.38419121   0.04316357   0.64548222   0.00277744
  2.02000000   0.39101762   0.04410496   0.64229092   0.00285135
  2.04000000   0.39778885   0.04505323   0.63901807   0.00292616
  2.06000000   0.40449874   0.04600805   0.63566890   0.00300188
  2.08000000   0.41114125   0.04696911   0.63224843   0.00307854
  2.10000000   0.41771045   0.04793608   0.62876148   0.00315615
  2.12000000   0.42420057   0.04890862   0.62521264   0.00323473
  2.14000000   0.43060600   0.04988638   0.62160631   0.00331432
  2.16000000   0.43692128   0.05086901   0.61794669   0.00339493
  2.18000000   0.44314118   0.05185617   0.61423778   0.00347660
  2.20000000   0.44926063   0.05284749   0.61048343   0.00355935
  2.22000000   0.45527479   0.05384262   0.60668728   0.00364323
  2.24000000   0.46117905   0.05484118   0.60285282   0.00372825
  2.26000000   0.46696903   0.05584281   0.59898337   0.00381446
  2.28000000   0.47264059   0.05684714   0.59508208   0.00390189
  2.30000000   0.47818983   0.05785379   0.59115199   0.00399058
  2.32000000   0.48361313   0.05886240   0.58719595   0.00408057
  2.34000000   0.48890712   0.05987259   0.58321669   0.00417190
  2.36000000   0.49406870   0.06088398   0.57921683   0.00426461
  2.38000000   0.49909502   0.06189621   0.57519883   0.00435874
  2.40000000   0.50398353   0.06290891   0.57116504   0.00445433
  2.42000000   0.50873193   0.06392169   0.56711770   0.00455143
  2.44000000   0.51333819   0.06493421   0.56305894   0.00465007
  2.46000000   0.51780055   0.06594610   0.55899077   0.00475030
  2.48000000   0.52211752   0.06695699   0.55491510   0.00485217
  2.50000000   0.52628786   0.06796654   0.55083377   0.00495571
  2.52000000   0.53031059   0.06897440   0.54674850   0.00506096
  2.54000000   0.53418498   0.06998022   0.54266093   0.00516798
  2.56000000   0.53791053   0.07098367   0.53857261   0.00527681
  2.58000000   0.54148699   0.07198441   0.53448502   0.00538747
  2.60000000   0.54491433   0.07298214   0.53039955   0.00550003
  2.62000000   0.54819272   0.07397653   0.52631753   0.00561451
  2.64000000   0.55132256   0.07496727   0.52224022   0.00573095
  2.66000000   0.55430443   0.07595408   0.51816880   0.00584940
  2.68000000   0.55713911   0.07693666   0.51410439   0.00596990
  2.70000000   0.55982754   0.07791474   0.51004808   0.00609248
  2.72000000   0.56237085   0.07888804   0.50600085   0.00621718
  2.74000000   0.56477029   0.07985632   0.50196366   0.00634404
  2.76000000   0.56702728   0.08081932   0.49793742   0.00647309
  2.78000000   0.56914337   0.08177681   0.49392296   0.00660437
  2.80000000   0.57112023   0.08272857   0.48992111   0.00673791
  2.82000000   0.57295962   0.08367438   0.48593261   0.00687375
  2.84000000   0.57466342   0.08461405   0.48195818   0.00701192
  2.86000000   0.57623361   0.08554738   0.47799849   0.00715244
  2.88000000   0.57767223   0.08647419   0.47405418   0.00729537
  2.90000000   0.57898140   0.08739433   0.47012585   0.00744071
  2.92000000   0.58016331   0.08830764   0.46621406   0.00758851
  2.94000000   0.58122018   0.08921397   0.46231935   0.00773880
  2.96000000   0.58215429   0.09011320   0.45844220   0.00789161
  2.98000000   0.58296796   0.09100521   0.45458309   0.00804696
  3.00000000   0.58366354   0.09188990   0.45074246   0.00820488
  3.02000000   0.58424339   0.09276718   0.44692072   0.00836541
  3.04000000   0.58470989   0.09363695   0.44311826   0.00852858
  3.06000000   0.58506544   0.09449916   0.43933542   0.00869440
  3.08000000   0.58531244   0.09535374   0.43557256   0.00886292
  3.10000000   0.58545328   0.09620065   0.43182998   0.00903416
  3.12000000   0.58549036   0.09703984   0.42810798   0.00920815
  3.14000000   0.58542606   0.09787130   0.42440683   0.00938492
  3.16000000   0.58526274   0.09869501   0.42072679   0.00956450
  3.18000000   0.58500277   0.09951096   0.41706808   0.00974691
  3.20000000   0.58464847   0.10031916   0.41343092   0.00993220
  3.22000000   0.58420215   0.10111962   0.40981551   0.01012039
  3.24000000   0.58366611   0.10191237   0.40622205   0.01031150
  3.26000000   0.58304261   0.10269743   0.40265068   0.01050558
  3.28000000   0.58233387   0.10347485   0.39910157   0.01070265
  3.30000000   0.58154210   0.10424468   0.39557486   0.01090275
  3.32000000   0.58066947   0.10500697   0.39207067   0.01110590
  3.34000000   0.57971812   0.10576180   0.38858912   0.01131215
  3.36000000   0.57869016   0.10650922   0.38513030   0.01152152
  3.38000000   0.57758767   0.10724933   0.38169432   0.01173405
  3.40000000   0.57641268   0.10798220   0.37828124   0.01194977
  3.42000000   0.57516720   0.10870793   0.37489114   0.01216872
  3.44000000   0.57385320   0.10942661   0.37152407   0.01239094
  3.46000000   0.57247263   0.11013835   0.36818009   0.01261645
  3.48000000   0.57102739   0.11084326   0.36485924   0.01284531
  3.50000000   0.56951934   0.11154144   0.36156154   0.01307753
  3.52000000   0.56795033   0.11223302   0.35828702   0.01331318
  3.54000000   0.56632216   0.11291812   0.35503570   0.01355227
  3.56000000   0.56463659   0.11359686   0.35180758   0.01379486
  3.58000000   0.56289537   0.11426937   0.34860267   0.01404097
  3.60000000   0.56110020   0.11493579   0.34542095   0.01429066
  3.62000000   0.55925275   0.11559626   0.34226243   0.01454396
  3.64000000   0.55735466   0.11625090   0.33912707   0.01480092
  3.66000000   0.55540754   0.11689986   0.33601486   0.01506157
  3.68000000   0.55341297   0.11754329   0.33292576   0.01532596
  3.70000000   0.55137249   0.11818133   0.32985974   0.01559413
  3.72000000   0.54928762   0.11881413   0.32681676   0.01586613
  3.74000000   0.54715986   0.11944184   0.32379678   0.01614200
  3.76000000   0.54499065   0.12006461   0.32079974   0.01642179
  3.78000000   0.54278143   0.12068259   0.31782559   0.01670554
  3.80000000   0.54053359   0.12129593   0.31487428   0.01699329
  3.82000000   0.53824852   0.12190479   0.31194573   0.01728510
  3.84000000   0.53592756   0.12250933   0.30903989   0.01758102
  3.86000000   0.53357202   0.12310970   0.30615668   0.01788108
  3.88000000   0.53118320   0.12370606   0.30329603   0.01818534
  3.90000000   0.52876236   0.12429856   0.30045787   0.01849385
  3.92000000   0.52631075   0.12488736   0.29764211   0.01880666
  3.94000000   0.52382958   0.12547262   0.29484868   0.01912382
  3.96000000   0.52132003   0.12605450   0.29207748   0.01944537
  3.98000000   0.51878328   0.12663315   0.28932844   0.01977138
  4.00000000   0.51622047   0.12720874   0.28660145   0.02010189
  4.02000000   0.51363270   0.12778141   0.28389643   0.02043696
  4.04000000   0.51102109   0.12835133   0.28121328   0.02077664
  4.06000000   0.50838669   0.12891865   0.27855191   0.02112098
  4.08000000   0.50573055   0.12948353   0.27591222   0.02147004
  4.10000000   0.50305370   0.13004613   0.27329410   0.02182387
  4.12000000   0.50035714   0.13060660   0.27069745   0.02218254
  4.14000000   0.49764186   0.13116510   0.26812217   0.02254609
  4.16000000   0.49490882   0.13172177   0.26556815   0.02291459
  4.18000000   0.49215894   0.13227679   0.26303528   0.02328809
  4.20000000   0.48939316   0.13283029   0.26052347   0.02366665
  4.22000000   0.48661237   0.13338243   0.25803258   0.02405034
  4.24000000   0.48381745   0.13393337   0.25556252   0.02443920
  4.26000000   0.48100926   0.13448326   0.25311317   0.02483331
  4.28000000   0.47818864   0.13503224   0.25068442   0.02523273
  4.30000000   0.47535641   0.13558047   0.24827615   0.02563751
  4.32000000   0.47251336   0.13612810   0.24588824   0.02604773
  4.34000000   0.46966030   0.13667527   0.24352059   0.02646344
  4.36000000   0.46679797   0.13722214   0.24117307   0.02688470
  4.38000000   0.46392712   0.13776886   0.23884556   0.02731160
  4.40000000   0.46104850   0.13831556   0.23653795   0.02774419
  4.42000000   0.45816281   0.13886240   0.23425011   0.02818253
  4.44000000   0.45527074   0.13940952   0.23198193   0.02862670
  4.46000000   0.45237298   0.13995707   0.22973328   0.02907677
  4.48000000   0.44947019   0.14050519   0.22750405   0.02953280
  4.50000000   0.44656302   0.14105403   0.22529411   0.02999487
  4.52000000   0.44365210   0.14160373   0.22310334   0.03046305
  4.54000000   0.44073805   0.14215442   0.22093161   0.03093740
  4.56000000   0.43782146   0.14270626   0.21877882   0.03141801
  4.58000000   0.43490293   0.14325939   0.21664482   0.03190495
  4.60000000   0.43198302   0.14381394   0.21452951   0.03239829
  4.62000000   0.42906229   0.14437006   0.21243275   0.03289810
  4.64000000   0.42614129   0.14492789   0.21035443   0.03340447
  4.66000000   0.42322055   0.14548756   0.20829442   0.03391747
  4.68000000   0.42030057   0.14604921   0.20625259   0.03443717
  4.70000000   0.41738187   0.14661299   0.20422883   0.03496367
  4.72000000   0.41446493   0.14717902   0.20222300   0.03549704
  4.74000000   0.41155024   0.14774745   0.20023499   0.03603736
  4.76000000   0.40863824   0.14831842   0.19826468   0.03658472
  4.78000000   0.40572940   0.14889205   0.19631193   0.03713919
  4.80000000   0.40282416   0.14946849   0.19437663   0.03770086
  4.82000000   0.39992294   0.15004788   0.19245866   0.03826982
  4.84000000   0.39702615   0.15063033   0.19055788   0.03884615
  4.86000000   0.39413421   0.15121600   0.18867418   0.03942995
  4.88000000   0.39124750   0.15180501   0.18680743   0.04002129
  4.90000000   0.38836641   0.15239751   0.18495752   0.04062028
  4.92000000   0.38549130   0.15299361   0.18312432   0.04122699
  4.94000000   0.38262254   0.15359347   0.18130770   0.04184153
  4.96000000   0.37976049   0.15419720   0.17950756   0.04246398
  4.98000000   0.37690547   0.15480494   0.17772376   0.04309444
  5.00000000   0.37405782   0.15541683   0.17595618   0.04373301
  5.02000000   0.37121785   0.15603300   0.17420471   0.04437978
  5.04000000   0.36838589   0.15665357   0.17246922   0.04503484
  5.06000000   0.36556222   0.15727869   0.17074959   0.04569831
  5.08000000   0.36274715   0.15790849   0.16904571   0.04637027
  5.10000000   0.35994095   0.15854308   0.16735746   0.04705083
  5.12000000   0.35714390   0.15918262   0.16568471   0.04774009
  5.14000000   0.35435625   0.15982722   0.16402735   0.04843815
  5.16000000   0.35157828   0.16047702   0.16238526   0.04914513
  5.18000000   0.34881023   0.16113216   0.16075832   0.04986112
  5.20000000   0.34605233   0.16179276   0.15914642   0.05058623
  5.22000000   0.34330481   0.16245895   0.15754944   0.05132058
  5.24000000   0.34056791   0.16313086   0.15596726   0.05206427
  5.26000000   0.33784184   0.16380864   0.15439977   0.05281741
  5.28000000   0.33512681   0.16449240   0.15284685   0.05358012
  5.30000000   0.33242301   0.16518227   0.15130839   0.05435251
  5.32000000   0.32973065   0.16587840   0.14978427   0.05513470
  5.34000000   0.32704990   0.16658092   0.14827438   0.05592680
  5.36000000   0.32438096   0.16728994   0.14677862   0.05672893
  5.38000000   0.32172398   0.16800561   0.14529685   0.05754122
  5.40000000   0.31907915   0.16872806   0.14382898   0.05836377
  5.42000000   0.31644661   0.16945742   0.14237489   0.05919673
  5.44000000   0.31382653   0.17019381   0.14093447   0.06004020
  5.46000000   0.31121904   0.17093739   0.13950761   0.06089432
  5.48000000   0.30862430   0.17168826   0.13809421   0.06175921
  5.50000000   0.30604243   0.17244658   0.13669414   0.06263501
  5.52000000   0.30347357   0.17321247   0.13530730   0.06352184
  5.54000000   0.30091784   0.17398606   0.13393359   0.06441983
  5.56000000   0.29837535   0.17476750   0.13257290   0.06532913
  5.58000000   0.29584622   0.17555691   0.13122512   0.06624985
  5.60000000   0.29333056   0.17635442   0.12989014   0.06718215
  5.62000000   0.29082847   0.17716018   0.12856785   0.06812615
  5.64000000   0.28834004   0.17797432   0.12725816   0.06908201
  5.66000000   0.28586538   0.17879696   0.12596096   0.07004986
  5.68000000   0.28340455   0.17962826   0.12467615   0.07102984
  5.70000000   0.28095766   0.18046834   0.12340361   0.07202210
  5.72000000   0.27852477   0.18131735   0.12214325   0.07302679
  5.74000000   0.27610595   0.18217541   0.12089497   0.07404406
  5.76000000   0.27370128   0.18304267   0.11965866   0.07507405
  5.78000000   0.27131082   0.18391926   0.11843422   0.07611692
  5.80000000   0.26893463   0.18480533   0.11722156   0.07717283
  5.82000000   0.26657277   0.18570101   0.11602057   0.07824193
  5.84000000   0.26422528   0.18660645   0.11483115   0.07932438
  5.86000000   0.26189222   0.18752177   0.11365321   0.08042034
  5.88000000   0.25957363   0.18844714   0.11248664   0.08152996
  5.90000000   0.25726954   0.18938268   0.11133136   0.08265343
  5.92000000   0.25498000   0.19032853   0.11018726   0.08379089
  5.94000000   0.25270504   0.19128485   0.10905425   0.08494253
  5.96000000   0.25044468   0.19225178   0.10793222   0.08610850
  5.98000000   0.24819895   0.19322945   0.10682110   0.08728899
  6.00000000   0.24596788   0.19421802   0.10572077   0.08848416
  6.02000000   0.24375149   0.19521763   0.10463116   0.08969419
  6.04000000   0.24154978   0.19622843   0.10355216   0.09091926
  6.06000000   0.23936278   0.19725057   0.10248369   0.09215956
  6.08000000   0.23719049   0.19828418   0.10142564   0.09341525
  6.10000000   0.23503292   0.19932943   0.10037794   0.09468654
  6.12000000   0.23289007   0.20038647   0.09934049   0.09597360
  6.14000000   0.23076195   0.20145544   0.09831319   0.09727663
  6.16000000   0.22864855   0.20253649   0.09729597   0.09859582
  6.18000000   0.22654987   0.20362978   0.09628873   0.09993135
  6.20000000   0.22446590   0.20473546   0.09529138   0.10128344
  6.22000000   0.22239663   0.20585369   0.09430384   0.10265227
  6.24000000   0.22034206   0.20698463   0.09332602   0.10403805
  6.26000000   0.21830216   0.20812842   0.09235783   0.10544098
  6.28000000   0.21627692   0.20928523   0.09139919   0.10686126
  6.30000000   0.21426633   0.21045521   0.09045000   0.10829911
  6.32000000   0.21227035   0.21163853   0.08951020   0.10975474
  6.34000000   0.21028898   0.21283534   0.08857969   0.11122836
  6.36000000   0.20832218   0.21404581   0.08765839   0.11272019
  6.38000000   0.20636992   0.21527011   0.08674622   0.11423044
  6.40000000   0.20443218   0.21650839   0.08584309   0.11575934
  6.42000000   0.20250893   0.21776082   0.08494893   0.11730711
  6.44000000   0.20060012   0.21902756   0.08406365   0.11887397
  6.46000000   0.19870574   0.22030879   0.08318717   0.12046017
  6.48000000   0.19682574   0.22160468   0.08231942   0.12206592
  6.50000000   0.19496008   0.22291539   0.08146031   0.12369146
  6.52000000   0.19310873   0.22424110   0.08060976   0.12533704
  6.54000000   0.19127164   0.22558198   0.07976771   0.12700289
  6.56000000   0.18944877   0.22693820   0.07893406   0.12868926
  6.58000000   0.18764008   0.22830994   0.07810874   0.13039639
  6.60000000   0.18584552   0.22969738   0.07729168   0.13212453
  6.62000000   0.18406504   0.23110069   0.07648280   0.13387394
  6.64000000   0.18229860   0.23252006   0.07568203   0.13564486
  6.66000000   0.18054614   0.23395566   0.07488929   0.13743757
  6.68000000   0.17880761   0.23540769   0.07410450   0.13925231
  6.70000000   0.17708297   0.23687631   0.07332760   0.14108936
  6.72000000   0.17537215   0.23836173   0.07255852   0.14294898
  6.74000000   0.17367511   0.23986412   0.07179716   0.14483144
  6.76000000   0.17199179   0.24138368   0.07104348   0.14673703
  6.78000000   0.17032213   0.24292060   0.07029739   0.14866601
  6.80000000   0.16866607   0.24447507   0.06955883   0.15061866
  6.82000000   0.16702356   0.24604728   0.06882772   0.15259528
  6.84000000   0.16539453   0.24763743   0.06810400   0.15459614
  6.86000000   0.16377892   0.24924571   0.06738760   0.15662154
  6.88000000   0.16217668   0.25087233   0.06667844   0.15867178
  6.90000000   0.16058775   0.25251748   0.06597647   0.16074715
  6.92000000   0.15901204   0.25418138   0.06528160   0.16284796
  6.94000000   0.15744952   0.25586421   0.06459379   0.16497450
  6.96000000   0.15590010   0.25756620   0.06391295   0.16712709
  6.98000000   0.15436373   0.25928754   0.06323903   0.16930604
  7.00000000   0.15284033   0.26102845   0.06257195   0.17151167
  7.02000000   0.15132985   0.26278913   0.06191166   0.17374430
  7.04000000   0.14983221   0.26456981   0.06125810   0.17600424
  7.06000000   0.14834734   0.26637070   0.06061118   0.17829184
  7.08000000   0.14687519   0.26819201   0.05997086   0.18060741
  7.10000000   0.14541567   0.27003397   0.05933708   0.18295130
  7.12000000   0.14396872   0.27189680   0.05870976   0.18532385
  7.14000000   0.14253428   0.27378071   0.05808884   0.18772539
  7.16000000   0.14111226   0.27568595   0.05747428   0.19015628
  7.18000000   0.13970260   0.27761272   0.05686600   0.19261687
  7.20000000   0.13830522   0.27956128   0.05626394   0.19510751
  7.22000000   0.13692007   0.28153184   0.05566805   0.19762857
  7.24000000   0.13554705   0.28352465   0.05507827   0.20018041
  7.26000000   0.13418611   0.28553993   0.05449454   0.20276339
  7.28000000   0.13283717   0.28757794   0.05391679   0.20537790
  7.30000000   0.13150015   0.28963890   0.05334498   0.20802430
  7.32000000   0.13017498   0.29172307   0.05277904   0.21070298
  7.34000000   0.12886159   0.29383068   0.05221892   0.21341433
  7.36000000   0.12755991   0.29596200   0.05166457   0.21615874
  7.38000000   0.12626986   0.29811727   0.05111592   0.21893660
  7.40000000   0.12499137   0.30029674   0.05057292   0.22174832
  7.42000000   0.12372436   0.30250067   0.05003552   0.22459429
  7.44000000   0.12246876   0.30472931   0.04950366   0.22747494
  7.46000000   0.12122449   0.30698294   0.04897729   0.23039066
  7.48000000   0.11999149   0.30926180   0.04845636   0.23334190
  7.50000000   0.11876966   0.31156618   0.04794081   0.23632906
  7.52000000   0.11755895   0.31389633   0.04743059   0.23935258
  7.54000000   0.11635928   0.31625253   0.04692564   0.24241289
  7.56000000   0.11517056   0.31863506   0.04642593   0.24551044
  7.58000000   0.11399273   0.32104418   0.04593139   0.24864566
  7.60000000   0.11282571   0.32348018   0.04544197   0.25181902
  7.62000000   0.11166943   0.32594335   0.04495763   0.25503095
  7.64000000   0.11052380   0.32843397   0.04447831   0.25828194
  7.66000000   0.10938876   0.33095232   0.04400397   0.26157243
  7.68000000   0.10826424   0.33349869   0.04353455   0.26490291
  7.70000000   0.10715014   0.33607339   0.04307001   0.26827385
  7.72000000   0.10604641   0.33867671   0.04261031   0.27168573
  7.74000000   0.10495297   0.34130895   0.04215538   0.27513905
  7.76000000   0.10386973   0.34397041   0.04170519   0.27863430
  7.78000000   0.10279664   0.34666140   0.04125969   0.28217197
  7.80000000   0.10173360   0.34938222   0.04081883   0.28575258
  7.82000000   0.10068056   0.35213320   0.04038256   0.28937664
  7.84000000   0.09963742   0.35491464   0.03995085   0.29304466
  7.86000000   0.09860413   0.35772687   0.03952364   0.29675717
  7.88000000   0.09758061   0.36057021   0.03910090   0.30051471
  7.90000000   0.09656677   0.36344498   0.03868256   0.30431780
  7.92000000   0.09556256   0.36635152   0.03826861   0.30816698
  7.94000000   0.09456789   0.36929014   0.03785898   0.31206282
  7.96000000   0.09358269   0.37226121   0.03745363   0.31600587
  7.98000000   0.09260689   0.37526504   0.03705253   0.31999668
  8.00000000   0.09164042   0.37830198   0.03665563   0.32403583
  8.02000000   0.09068320   0.38137239   0.03626289   0.32812389
  8.04000000   0.08973516   0.38447660   0.03587426   0.33226145
  8.06000000   0.08879624   0.38761498   0.03548971   0.33644909
  8.08000000   0.08786635   0.39078788   0.03510920   0.34068742
  8.10000000   0.08694542   0.39399566   0.03473267   0.34497703
  8.12000000   0.08603339   0.39723869   0.03436011   0.34931853
  8.14000000   0.08513019   0.40051733   0.03399146   0.35371254
  8.16000000   0.08423573   0.40383197   0.03362668   0.35815969
  8.18000000   0.08334996   0.40718296   0.03326574   0.36266061
  8.20000000   0.08247280   0.41057071   0.03290859   0.36721593
  8.22000000   0.08160418   0.41399558   0.03255521   0.37182631
  8.24000000   0.08074404   0.41745797   0.03220555   0.37649240
  8.26000000   0.07989229   0.42095827   0.03185957   0.38121486
  8.28000000   0.07904888   0.42449688   0.03151723   0.38599436
  8.30000000   0.07821373   0.42807420   0.03117851   0.39083157
  8.32000000   0.07738678   0.43169063   0.03084336   0.39572719
  8.34000000   0.07656796   0.43534658   0.03051175   0.40068191
  8.36000000   0.07575720   0.43904246   0.03018363   0.40569643
  8.38000000   0.07495442   0.44277871   0.02985898   0.41077145
  8.40000000   0.07415958   0.44655572   0.02953777   0.41590770
  8.42000000   0.07337259   0.45037394   0.02921994   0.42110590
  8.44000000   0.07259339   0.45423379   0.02890548   0.42636679
  8.46000000   0.07182192   0.45813572   0.02859434   0.43169112
  8.48000000   0.07105811   0.46208015   0.02828650   0.43707962
  8.50000000   0.07030189   0.46606754   0.02798192   0.44253307
  8.52000000   0.06955320   0.47009834   0.02768056   0.44805224
  8.54000000   0.06881198   0.47417299   0.02738239   0.45363789
  8.56000000   0.06807815   0.47829196   0.02708739   0.45929083
  8.58000000   0.06735166   0.48245572   0.02679551   0.46501185
  8.60000000   0.06663244   0.48666473   0.02650672   0.47080175
  8.62000000   0.06592043   0.49091947   0.02622101   0.47666134
  8.64000000   0.06521556   0.49522042   0.02593832   0.48259147
  8.66000000   0.06451778   0.49956805   0.02565864   0.48859295
  8.68000000   0.06382701   0.50396287   0.02538192   0.49466664
  8.70000000   0.06314321   0.50840535   0.02510815   0.50081338
  8.72000000   0.06246630   0.51289602   0.02483728   0.50703405
  8.74000000   0.06179622   0.51743536   0.02456930   0.51332951
  8.76000000   0.06113292   0.52202390   0.02430417   0.51970066
  8.78000000   0.06047634   0.52666214   0.02404186   0.52614838
  8.80000000   0.05982640   0.53135061   0.02378233   0.53267358
  8.82000000   0.05918307   0.53608984   0.02352558   0.53927717
  8.84000000   0.05854626   0.54088035   0.02327155   0.54596009
  8.86000000   0.05791594   0.54572269   0.02302024   0.55272327
  8.88000000   0.05729203   0.55061740   0.02277160   0.55956765
  8.90000000   0.05667448   0.55556503   0.02252561   0.56649421
  8.92000000   0.05606323   0.56056613   0.02228225   0.57350389
  8.94000000   0.05545822   0.56562128   0.02204148   0.58059770
  8.96000000   0.05485940   0.57073103   0.02180328   0.58777661
  8.98000000   0.05426672   0.57589596   0.02156762   0.59504164
  9.00000000   0.05368010   0.58111664   0.02133448   0.60239379
  9.02000000   0.05309951   0.58639368   0.02110383   0.60983410
  9.04000000   0.05252488   0.59172765   0.02087565   0.61736361
  9.06000000   0.05195615   0.59711915   0.02064990   0.62498337
  9.08000000   0.05139328   0.60256880   0.02042656   0.63269443
  9.10000000   0.05083621   0.60807720   0.02020562   0.64049788
  9.12000000   0.05028488   0.61364497   0.01998703   0.64839481
  9.14000000   0.04973925   0.61927274   0.01977079   0.65638631
  9.16000000   0.04919925   0.62496113   0.01955686   0.66447350
  9.18000000   0.04866484   0.63071079   0.01934522   0.67265751
  9.20000000   0.04813596   0.63652235   0.01913584   0.68093947
  9.22000000   0.04761256   0.64239648   0.01892871   0.68932054
  9.24000000   0.04709459   0.64833383   0.01872380   0.69780189
  9.26000000   0.04658200   0.65433506   0.01852108   0.70638468
  9.28000000   0.04607474   0.66040085   0.01832054   0.71507012
  9.30000000   0.04557275   0.66653188   0.01812215   0.72385942
  9.32000000   0.04507599   0.67272884   0.01792588   0.73275379
  9.34000000   0.04458441   0.67899241   0.01773172   0.74175447
  9.36000000   0.04409796   0.68532331   0.01753964   0.75086270
  9.38000000   0.04361658   0.69172224   0.01734963   0.76007976
  9.40000000   0.04314024   0.69818992   0.01716165   0.76940691
  9.42000000   0.04266887   0.70472707   0.01697569   0.77884546
  9.44000000   0.04220244   0.71133444   0.01679173   0.78839671
  9.46000000   0.04174090   0.71801274   0.01660975   0.79806198
  9.48000000   0.04128420   0.72476275   0.01642972   0.80784260
  9.50000000   0.04083229   0.73158521   0.01625163   0.81773995
  9.52000000   0.04038513   0.73848088   0.01607545   0.82775537
  9.54000000   0.03994266   0.74545054   0.01590116   0.83789027
  9.56000000   0.03950486   0.75249497   0.01572875   0.84814603
  9.58000000   0.03907166   0.75961496   0.01555820   0.85852408
  9.60000000   0.03864303   0.76681131   0.01538948   0.86902584
  9.62000000   0.03821892   0.77408483   0.01522258   0.87965278
  9.64000000   0.03779928   0.78143632   0.01505747   0.89040634
  9.66000000   0.03738408   0.78886661   0.01489414   0.90128803
  9.68000000   0.03697326   0.79637654   0.01473257   0.91229933
  9.70000000   0.03656680   0.80396695   0.01457274   0.92344177
  9.72000000   0.03616463   0.81163868   0.01441463   0.93471688
  9.74000000   0.03576673   0.81939259   0.01425822   0.94612621
  9.76000000   0.03537304   0.82722956   0.01410350   0.95767134
  9.78000000   0.03498354   0.83515046   0.01395045   0.96935385
  9.80000000   0.03459817   0.84315619   0.01379905   0.98117534
  9.82000000   0.03421689   0.85124763   0.01364928   0.99313745
  9.84000000   0.03383967   0.85942569   0.01350113   1.00524182
  9.86000000   0.03346646   0.86769129   0.01335457   1.01749010
  9.88000000   0.03309723   0.87604535   0.01320960   1.02988399
  9.90000000   0.03273193   0.88448882   0.01306619   1.04242518
  9.92000000   0.03237053   0.89302263   0.01292433   1.05511540
  9.94000000   0.03201299   0.90164775   0.01278400   1.06795638
  9.96000000   0.03165926   0.91036513   0.01264519   1.08094988
  9.98000000   0.03130931   0.91917577   0.01250787   1.09409769
 10.00000000   0.03096311   0.92808063   0.01237204   1.10740160
